200 200 5
6
250 110 4.0
130 150 3.0
70 150 2.0
70 40 1.5
75 60 1.0
20 180 0.5
98
0 0 87 34 4.0 3
0 87 46 34 4.0 3
0 133 96 34 4.0 3
0 229 21 26 4.0 2
26 229 21 8 4.0 4
34 0 71 76 4.0 2
34 71 74 59 4.0 3
34 145 105 51 4.0 3
85 145 14 8 4.0 4
85 159 12 8 4.0 3
85 171 24 8 4.0 3
85 195 11 8 4.0 2
85 206 24 8 4.0 3
85 230 20 8 4.0 3
93 71 12 17 4.0 3
93 83 42 17 4.0 3
93 125 4 17 4.0 3
93 129 51 17 4.0 3
93 180 27 17 4.0 4
93 207 4 17 4.0 4
93 211 27 17 4.0 5
93 238 12 12 4.0 3
105 238 7 5 4.0 3
105 245 1 5 4.0 4
105 246 4 5 4.0 2
0 0 21 98 3.0 4
0 21 73 98 3.0 3
0 94 36 27 3.0 4
27 94 36 55 3.0 4
82 94 36 16 3.0 3
98 0 74 30 3.0 2
98 74 56 24 3.0 4
122 74 10 6 3.0 3
122 84 2 6 3.0 2
122 86 6 6 3.0 2
122 92 16 6 3.0 2
122 108 12 6 3.0 3
122 120 5 6 3.0 2
122 125 5 6 3.0 4
128 0 52 22 3.0 3
128 52 59 22 3.0 2
128 111 19 12 3.0 3
140 111 19 10 3.0 3
0 0 70 41 2.0 3
41 0 70 49 2.0 2
90 0 70 26 2.0 4
116 0 56 27 2.0 4
116 56 14 15 2.0 2
131 56 3 12 2.0 4
131 59 11 12 2.0 4
143 0 17 7 2.0 2
143 17 9 7 2.0 4
143 26 6 7 2.0 2
143 32 5 7 2.0 4
143 37 15 7 2.0 4
143 52 11 7 2.0 3
143 63 2 7 2.0 2
143 65 5 7 2.0 2
0 0 35 35 1.5 2
0 35 22 25 1.5 3
0 57 13 16 1.5 3
16 57 13 9 1.5 3
25 35 8 10 1.5 2
25 43 3 10 1.5 4
25 46 17 10 1.5 3
25 63 7 5 1.5 3
30 63 7 5 1.5 2
35 0 15 5 1.5 2
35 15 5 5 1.5 3
35 20 1 5 1.5 3
35 21 10 5 1.5 3
35 31 10 5 1.5 4
35 41 14 5 1.5 2
35 55 15 5 1.5 3
0 0 69 31 1.0 4
0 69 6 9 1.0 2
9 69 6 22 1.0 3
31 0 40 15 1.0 2
31 40 35 15 1.0 1
46 0 5 14 1.0 2
46 5 3 14 1.0 2
46 8 34 14 1.0 3
46 42 6 14 1.0 4
46 48 27 14 1.0 3
0 0 20 24 0.5 3
24 0 20 73 0.5 3
97 0 20 13 0.5 3
110 0 20 20 0.5 2
130 0 20 12 0.5 3
142 0 14 34 0.5 3
142 14 6 16 0.5 3
158 14 6 8 0.5 3
166 14 6 6 0.5 3
172 14 1 4 0.5 4
172 15 5 4 0.5 2
176 0 11 4 0.5 3
176 11 1 4 0.5 4
176 12 8 4 0.5 4
