200 200 5
6
250 140 4
80 100 3
75 100 2
140 50 1.5
120 50 1
180 50 0.5
52
0 0 63 140 4 3
0 63 187 71 4 2
71 63 134 53 4 4
71 197 53 64 4 4
135 197 1 5 4 2
135 198 1 5 4 2
135 199 1 5 4 2
135 200 8 5 4 4
135 208 3 5 4 4
135 211 5 5 4 5
135 216 15 5 4 3
135 231 2 5 4 2
135 233 17 5 4 4
124 63 5 16 4 4
124 68 20 16 4 2
124 88 30 16 4 3
124 118 46 16 4 4
124 164 33 16 4 2
0 0 80 40 3 4
40 0 33 60 3 1
40 33 47 46 3 3
86 33 25 14 3 1
86 58 22 14 3 4
0 0 75 35 2 3
35 0 41 65 2 1
35 41 34 25 2 4
60 41 34 40 2 4
0 0 53 50 1 3
0 53 87 37 1 4
37 53 6 13 1 3
37 59 3 13 1 4
37 62 3 13 1 3
37 65 4 13 1 2
37 69 38 13 1 2
37 107 33 13 1 2
0 0 85 31 1 3
0 85 35 31 1 2
31 0 36 19 1 3
31 36 50 19 1 2
31 86 34 19 1 3
0 0 32 50 0.5 2
0 32 70 50 0.5 4
0 102 45 50 0.5 3
0 147 33 24 0.5 5
24 147 33 19 0.5 4
43 147 1 7 0.5 4
43 148 7 7 0.5 1
43 155 5 7 0.5 4
43 160 7 7 0.5 3
43 167 9 7 0.5 3
43 176 4 3 0.5 5
46 176 4 4 0.5 4
