500 500 10
4
1250 320 4
600 180 3
500 180 2
2200 180 1
2026
0 0 93 31 4 5
0 93 13 31 4 5
0 106 34 31 4 5
0 140 26 31 4 4
0 166 6 31 4 3
0 172 7 31 4 5
0 179 39 31 4 5
0 218 7 31 4 3
0 225 83 31 4 4
0 308 65 31 4 5
0 373 22 31 4 3
0 395 7 31 4 4
0 402 71 31 4 4
0 473 6 31 4 5
0 479 93 31 4 5
0 572 6 31 4 5
0 578 35 31 4 4
0 613 53 31 4 5
0 666 10 31 4 4
0 676 93 31 4 4
0 769 15 31 4 3
0 784 93 31 4 4
0 877 64 31 4 4
0 941 29 31 4 4
0 970 72 31 4 4
0 1042 21 31 4 5
0 1063 18 31 4 4
0 1081 88 31 4 4
0 1169 81 31 4 4
31 0 35 78 4 4
31 35 78 36 4 5
31 113 87 36 4 4
31 200 17 36 4 4
31 217 95 36 4 4
31 312 92 31 4 4
31 404 49 36 4 4
31 453 7 36 4 4
31 460 91 31 4 3
31 551 33 36 4 5
31 584 23 36 4 4
31 607 29 36 4 4
31 636 14 36 4 2
31 650 60 36 4 4
31 710 49 36 4 5
31 759 30 36 4 5
31 789 73 36 4 3
31 862 94 36 4 4
31 956 71 36 4 5
31 1027 8 36 4 2
31 1035 74 36 4 3
31 1109 37 36 4 5
31 1146 10 36 4 4
31 1156 37 36 4 3
31 1193 57 36 4 3
62 460 2 5 4 3
62 462 15 5 4 4
62 477 15 5 4 4
62 492 5 5 4 5
62 497 5 5 4 4
62 502 12 5 4 4
62 514 6 5 4 3
62 520 15 5 4 5
62 535 8 5 4 4
62 543 4 5 4 5
62 547 4 5 4 4
62 312 1 5 4 4
62 313 13 5 4 5
62 326 6 5 4 4
62 332 10 5 4 4
62 342 10 5 4 3
62 352 1 5 4 3
62 353 12 5 4 4
62 365 2 5 4 4
62 367 3 5 4 5
62 370 11 5 4 2
62 381 14 5 4 4
62 395 9 5 4 5
67 35 51 53 4 4
67 86 92 31 4 4
67 178 77 36 4 4
67 255 25 112 4 5
67 280 45 60 4 4
67 325 41 60 4 4
67 366 22 60 4 5
67 388 61 52 4 4
67 449 81 35 4 4
67 530 12 52 4 5
67 542 34 52 4 4
67 576 75 43 4 3
67 651 11 52 4 4
67 662 50 52 4 5
67 712 86 37 4 4
67 798 25 37 4 5
67 823 7 37 4 4
67 830 91 31 4 4
67 921 62 31 4 3
67 983 51 31 4 4
67 1034 55 31 4 5
67 1089 86 31 4 4
67 1175 75 31 4 4
98 830 8 6 4 3
98 838 8 6 4 2
98 846 2 6 4 5
98 848 14 6 4 4
98 862 18 6 4 4
98 880 2 6 4 3
98 882 11 6 4 2
98 893 3 6 4 4
98 896 6 6 4 5
98 902 2 6 4 3
98 904 5 6 4 2
98 909 9 6 4 3
98 918 9 6 4 4
98 927 18 6 4 4
98 945 8 6 4 3
98 953 3 6 4 5
98 956 13 6 4 4
98 969 11 6 4 2
98 980 9 6 4 4
98 989 1 6 4 4
98 990 7 6 4 5
98 997 3 6 4 4
98 1000 6 6 4 4
98 1006 16 6 4 4
98 1022 17 6 4 4
98 1039 7 6 4 5
98 1046 1 6 4 3
98 1047 12 6 4 4
98 1059 2 6 4 4
98 1061 6 6 4 4
98 1067 1 6 4 4
98 1068 17 6 4 3
98 1085 18 6 4 2
98 1103 12 6 4 4
98 1115 4 6 4 4
98 1119 16 6 4 4
98 1135 15 6 4 4
98 1150 10 6 4 4
98 1160 8 6 4 3
98 1168 2 6 4 4
98 1170 12 6 4 2
98 1182 2 6 4 3
98 1184 6 6 4 5
98 1190 1 6 4 4
98 1191 2 6 4 5
98 1193 13 6 4 4
98 1206 18 6 4 5
98 1224 13 6 4 4
98 1237 2 6 4 3
98 1239 11 6 4 4
104 712 3 15 4 4
104 715 43 15 4 3
104 758 45 15 4 3
104 803 22 15 4 4
104 825 13 15 4 5
104 838 8 15 4 5
104 846 22 15 4 4
104 868 39 15 4 4
104 907 12 15 4 4
104 919 45 15 4 4
104 964 43 15 4 5
104 1007 33 15 4 4
104 1040 39 15 4 3
104 1079 30 15 4 5
104 1109 45 15 4 4
104 1154 4 15 4 4
104 1158 45 15 4 2
104 1203 19 15 4 5
104 1222 4 15 4 5
104 1226 3 15 4 3
104 1229 9 15 4 5
104 1238 12 9 4 2
113 1238 6 6 4 4
113 1244 6 6 4 5
110 576 6 9 4 4
110 582 18 9 4 5
110 600 16 9 4 4
110 616 5 9 4 4
110 621 14 9 4 4
110 635 4 9 4 4
110 639 12 9 4 4
102 449 30 17 4 4
102 479 21 17 4 4
102 500 4 17 4 5
102 504 4 17 4 5
102 508 22 17 4 4
119 388 24 8 4 2
119 412 24 8 4 4
119 436 23 8 4 4
119 459 10 8 4 3
119 469 18 8 4 4
119 487 21 8 4 4
119 508 16 8 4 3
119 524 7 8 4 4
119 531 12 8 4 2
119 543 18 8 4 3
119 561 2 8 4 3
119 563 14 8 4 5
119 577 2 8 4 3
119 579 5 8 4 3
119 584 2 8 4 4
119 586 24 8 4 5
119 610 17 8 4 5
119 627 20 8 4 5
119 647 2 8 4 3
119 649 21 8 4 2
119 670 3 8 4 4
119 673 3 8 4 5
119 676 3 8 4 5
119 679 16 8 4 4
119 695 22 8 4 5
119 717 23 8 4 5
119 740 2 8 4 3
119 742 14 8 4 2
119 756 3 8 4 4
119 759 20 8 4 4
119 779 22 8 4 4
119 801 21 8 4 5
119 822 23 8 4 4
119 845 2 8 4 5
119 847 24 8 4 4
119 871 20 8 4 5
119 891 23 8 4 4
119 914 10 8 4 5
119 924 8 8 4 2
119 932 12 8 4 4
119 944 8 8 4 4
119 952 23 8 4 4
119 975 24 8 4 4
119 999 7 8 4 4
119 1006 21 8 4 4
119 1027 24 8 4 5
119 1051 24 8 4 3
119 1075 24 8 4 3
119 1099 20 8 4 4
119 1119 14 8 4 3
119 1133 12 8 4 5
119 1145 17 8 4 4
119 1162 24 8 4 5
119 1186 22 8 4 5
119 1208 24 8 4 5
119 1232 2 8 4 4
119 1234 16 8 4 5
127 280 73 41 4 4
127 353 81 37 4 3
127 434 61 44 4 5
127 495 12 44 4 3
127 507 38 44 4 4
127 545 76 44 4 2
127 621 43 44 4 5
127 664 82 34 4 4
127 746 20 44 4 5
127 766 95 32 4 4
127 861 34 44 4 4
127 895 80 34 4 3
127 975 29 34 4 5
127 1004 24 34 4 4
127 1028 91 34 4 5
127 1119 87 34 4 4
127 1206 44 26 4 5
153 1206 14 8 4 3
153 1220 17 8 4 3
153 1237 13 8 4 3
161 895 20 10 4 4
161 915 29 10 4 5
161 944 27 10 4 3
161 971 23 10 4 5
161 994 2 10 4 4
161 996 8 10 4 4
161 1004 20 10 4 5
161 1024 24 10 4 4
161 1048 2 10 4 4
161 1050 30 10 4 2
161 1080 3 10 4 3
161 1083 26 10 4 4
161 1109 24 10 4 4
161 1133 28 10 4 5
161 1161 28 10 4 4
161 1189 3 10 4 4
161 1192 21 10 4 4
161 1213 3 10 4 5
161 1216 22 10 4 5
161 1238 12 10 4 4
159 766 36 12 4 2
159 802 4 12 4 4
159 806 13 12 4 5
159 819 32 12 4 5
159 851 10 6 4 3
165 851 10 6 4 5
161 664 29 10 4 4
161 693 2 10 4 5
161 695 12 10 4 4
161 707 6 10 4 4
161 713 33 10 4 5
171 434 25 108 4 5
171 459 81 33 4 4
171 540 18 33 4 5
171 558 38 33 4 4
171 596 99 33 4 5
171 695 39 33 4 5
171 734 92 33 4 1
171 826 65 33 4 5
171 891 76 33 4 4
171 967 33 33 4 5
171 1000 77 33 4 4
171 1077 38 33 4 4
171 1115 41 33 4 5
171 1156 82 33 4 5
171 1238 12 12 4 5
183 1238 12 10 4 4
193 1238 3 11 4 3
193 1241 3 11 4 4
193 1244 6 5 4 4
198 1244 1 6 4 5
198 1245 5 6 4 4
204 459 73 37 4 3
204 532 85 35 4 5
204 617 40 75 4 4
204 657 69 40 4 5
204 726 66 40 4 4
204 792 22 40 4 4
204 814 84 32 4 4
204 898 53 40 4 3
204 951 75 40 4 3
204 1026 18 40 4 4
204 1044 14 40 4 4
204 1058 74 36 4 5
204 1132 24 40 4 5
204 1156 42 40 4 4
204 1198 52 31 4 3
235 1198 6 9 4 5
235 1204 2 9 4 5
235 1206 23 9 4 4
235 1229 21 9 4 4
240 1058 2 4 4 4
240 1060 1 4 4 5
240 1061 8 4 4 5
240 1069 2 4 4 4
240 1071 1 4 4 4
240 1072 6 4 4 3
240 1078 12 4 4 4
240 1090 11 4 4 5
240 1101 1 4 4 5
240 1102 12 4 4 4
240 1114 1 4 4 3
240 1115 9 4 4 4
240 1124 8 4 4 4
236 814 15 8 4 5
236 829 20 8 4 4
236 849 8 8 4 5
236 857 24 8 4 4
236 881 6 8 4 4
236 887 11 8 4 4
244 657 92 31 4 4
244 749 87 31 4 3
244 836 93 31 4 3
244 929 7 31 4 5
244 936 9 31 4 5
244 945 21 31 4 4
244 966 51 31 4 4
244 1017 46 31 4 5
244 1063 23 31 4 4
244 1086 63 31 4 5
244 1149 8 31 4 4
244 1157 18 31 4 4
244 1175 8 31 4 4
244 1183 14 31 4 4
244 1197 43 31 4 5
244 1240 10 18 4 4
262 1240 10 9 4 3
271 1240 2 4 4 3
271 1242 4 4 4 5
271 1246 4 4 4 5
275 657 9 4 4 5
275 666 10 4 4 4
275 676 5 4 4 3
275 681 3 4 4 5
275 684 10 4 4 4
275 694 8 4 4 5
275 702 2 4 4 5
275 704 1 4 4 5
275 705 7 4 4 3
275 712 11 4 4 3
275 723 2 4 4 5
275 725 5 4 4 5
275 730 11 4 4 5
275 741 2 4 4 4
275 743 5 4 4 3
275 748 10 4 4 5
275 758 2 4 4 4
275 760 2 4 4 4
275 762 1 4 4 4
275 763 8 4 4 5
275 771 10 4 4 5
275 781 2 4 4 3
275 783 6 4 4 4
275 789 11 4 4 4
275 800 1 4 4 5
275 801 3 4 4 4
275 804 11 4 4 5
275 815 11 4 4 2
275 826 2 4 4 5
275 828 3 4 4 3
275 831 5 4 4 5
275 836 9 4 4 5
275 845 11 4 4 5
275 856 10 4 4 4
275 866 5 4 4 5
275 871 3 4 4 3
275 874 2 4 4 5
275 876 4 4 4 5
275 880 7 4 4 3
275 887 1 4 4 3
275 888 10 4 4 4
275 898 6 4 4 5
275 904 12 4 4 5
275 916 1 4 4 3
275 917 4 4 4 3
275 921 5 4 4 5
275 926 3 4 4 4
275 929 8 4 4 4
275 937 8 4 4 4
275 945 10 4 4 5
275 955 11 4 4 5
275 966 2 4 4 4
275 968 4 4 4 4
275 972 11 4 4 5
275 983 10 4 4 5
275 993 12 4 4 5
275 1005 1 4 4 4
275 1006 10 4 4 3
275 1016 1 4 4 4
275 1017 7 4 4 5
275 1024 12 4 4 5
275 1036 1 4 4 3
275 1037 8 4 4 5
275 1045 6 4 4 5
275 1051 1 4 4 5
275 1052 1 4 4 5
275 1053 6 4 4 5
275 1059 1 4 4 4
275 1060 4 4 4 5
275 1064 2 4 4 5
275 1066 3 4 4 5
275 1069 12 4 4 4
275 1081 10 4 4 3
275 1091 4 4 4 4
275 1095 11 4 4 3
275 1106 1 4 4 4
275 1107 2 4 4 2
275 1109 6 4 4 4
275 1115 7 4 4 5
275 1122 2 4 4 5
275 1124 12 4 4 3
275 1136 10 4 4 4
275 1146 4 4 4 3
275 1150 2 4 4 4
275 1152 4 4 4 3
275 1156 8 4 4 4
275 1164 2 4 4 4
275 1166 12 4 4 4
275 1178 3 4 4 4
275 1181 1 4 4 3
275 1182 1 4 4 3
275 1183 1 4 4 4
275 1184 1 4 4 4
275 1185 10 4 4 5
275 1195 1 4 4 2
275 1196 10 4 4 4
275 1206 12 4 4 4
275 1218 11 4 4 4
275 1229 3 4 4 4
275 1232 10 4 4 3
275 1242 1 4 4 4
275 1243 1 4 4 3
275 1244 1 4 4 5
275 1245 5 4 4 4
239 532 40 40 4 2
239 572 45 32 4 5
271 572 24 8 4 5
271 596 21 8 4 3
241 459 73 30 4 4
271 459 2 8 4 2
271 461 7 8 4 5
271 468 2 8 4 3
271 470 9 8 4 4
271 479 6 8 4 2
271 485 6 8 4 5
271 491 8 8 4 4
271 499 15 8 4 2
271 514 6 8 4 4
271 520 12 8 4 3
279 434 82 37 4 3
279 516 8 37 4 5
279 524 28 37 4 4
279 552 16 37 4 4
279 568 91 32 4 5
279 659 64 32 4 4
279 723 60 32 4 4
279 783 54 32 4 5
279 837 68 32 4 5
279 905 39 32 4 4
279 944 91 32 4 4
279 1035 7 32 4 4
279 1042 86 32 4 4
279 1128 54 32 4 4
279 1182 62 32 4 4
279 1244 6 22 4 5
301 1244 6 5 4 4
306 1244 6 5 4 4
311 568 3 5 4 5
311 571 13 5 4 5
311 584 11 5 4 4
311 595 15 5 4 3
311 610 10 5 4 5
311 620 8 5 4 4
311 628 9 5 4 5
311 637 6 5 4 5
311 643 5 5 4 2
311 648 5 5 4 4
311 653 2 5 4 4
311 655 4 5 4 5
311 659 4 5 4 4
311 663 11 5 4 3
311 674 3 5 4 4
311 677 12 5 4 4
311 689 14 5 4 4
311 703 15 5 4 4
311 718 5 5 4 4
311 723 6 5 4 4
311 729 14 5 4 3
311 743 15 5 4 4
311 758 2 5 4 4
311 760 5 5 4 5
311 765 3 5 4 4
311 768 2 5 4 5
311 770 12 5 4 4
311 782 7 5 4 5
311 789 2 5 4 2
311 791 4 5 4 4
311 795 8 5 4 4
311 803 1 5 4 5
311 804 13 5 4 4
311 817 12 5 4 4
311 829 1 5 4 4
311 830 6 5 4 4
311 836 1 5 4 5
311 837 2 5 4 2
311 839 4 5 4 3
311 843 5 5 4 5
311 848 15 5 4 5
311 863 1 5 4 4
311 864 8 5 4 5
311 872 15 5 4 3
311 887 15 5 4 2
311 902 6 5 4 4
311 908 8 5 4 3
311 916 13 5 4 5
311 929 4 5 4 5
311 933 7 5 4 5
311 940 8 5 4 4
311 948 2 5 4 4
311 950 11 5 4 5
311 961 13 5 4 4
311 974 13 5 4 5
311 987 9 5 4 5
311 996 10 5 4 3
311 1006 15 5 4 4
311 1021 10 5 4 3
311 1031 12 5 4 3
311 1043 12 5 4 5
311 1055 10 5 4 4
311 1065 2 5 4 4
311 1067 5 5 4 4
311 1072 2 5 4 5
311 1074 8 5 4 5
311 1082 2 5 4 5
311 1084 7 5 4 5
311 1091 4 5 4 5
311 1095 10 5 4 5
311 1105 12 5 4 5
311 1117 4 5 4 3
311 1121 9 5 4 4
311 1130 15 5 4 5
311 1145 6 5 4 4
311 1151 5 5 4 4
311 1156 13 5 4 5
311 1169 9 5 4 5
311 1178 2 5 4 5
311 1180 8 5 4 4
311 1188 4 5 4 4
311 1192 14 5 4 4
311 1206 6 5 4 5
311 1212 1 5 4 2
311 1213 15 5 4 5
311 1228 14 5 4 5
311 1242 2 5 4 4
311 1244 6 5 4 2
316 434 1 4 4 4
316 435 1 4 4 4
316 436 4 4 4 4
316 440 1 4 4 3
316 441 8 4 4 5
316 449 11 4 4 4
316 460 12 4 4 5
316 472 3 4 4 5
316 475 1 4 4 5
316 476 9 4 4 5
316 485 4 4 4 5
316 489 6 4 4 5
316 495 4 4 4 5
316 499 3 4 4 5
316 502 2 4 4 5
316 504 4 4 4 4
316 508 10 4 4 4
316 518 12 4 4 4
316 530 1 4 4 4
316 531 2 4 4 5
316 533 2 4 4 3
316 535 12 4 4 5
316 547 8 4 4 3
316 555 5 4 4 3
316 560 11 4 4 3
316 571 12 4 4 4
316 583 4 4 4 5
316 587 10 4 4 4
316 597 10 4 4 3
316 607 11 4 4 5
316 618 1 4 4 3
316 619 2 4 4 3
316 621 1 4 4 5
316 622 11 4 4 4
316 633 11 4 4 5
316 644 9 4 4 4
316 653 2 4 4 5
316 655 10 4 4 4
316 665 12 4 4 4
316 677 1 4 4 5
316 678 8 4 4 4
316 686 1 4 4 4
316 687 8 4 4 5
316 695 4 4 4 4
316 699 1 4 4 4
316 700 8 4 4 5
316 708 1 4 4 5
316 709 2 4 4 4
316 711 1 4 4 2
316 712 4 4 4 3
316 716 3 4 4 3
316 719 12 4 4 4
316 731 12 4 4 5
316 743 6 4 4 5
316 749 8 4 4 3
316 757 11 4 4 5
316 768 11 4 4 5
316 779 5 4 4 4
316 784 3 4 4 3
316 787 5 4 4 5
316 792 4 4 4 5
316 796 10 4 4 4
316 806 9 4 4 3
316 815 2 4 4 4
316 817 3 4 4 4
316 820 1 4 4 4
316 821 12 4 4 4
316 833 3 4 4 4
316 836 11 4 4 4
316 847 7 4 4 5
316 854 1 4 4 4
316 855 6 4 4 3
316 861 4 4 4 5
316 865 1 4 4 4
316 866 3 4 4 5
316 869 11 4 4 5
316 880 7 4 4 4
316 887 7 4 4 4
316 894 3 4 4 5
316 897 4 4 4 4
316 901 1 4 4 4
316 902 10 4 4 3
316 912 12 4 4 3
316 924 11 4 4 3
316 935 8 4 4 3
316 943 2 4 4 3
316 945 4 4 4 4
316 949 4 4 4 5
316 953 10 4 4 4
316 963 4 4 4 3
316 967 4 4 4 5
316 971 1 4 4 3
316 972 2 4 4 2
316 974 3 4 4 3
316 977 9 4 4 5
316 986 10 4 4 2
316 996 5 4 4 4
316 1001 3 4 4 3
316 1004 9 4 4 4
316 1013 12 4 4 4
316 1025 5 4 4 4
316 1030 1 4 4 5
316 1031 7 4 4 2
316 1038 1 4 4 3
316 1039 12 4 4 5
316 1051 1 4 4 5
316 1052 12 4 4 5
316 1064 12 4 4 5
316 1076 12 4 4 5
316 1088 12 4 4 4
316 1100 9 4 4 5
316 1109 1 4 4 3
316 1110 10 4 4 5
316 1120 11 4 4 5
316 1131 8 4 4 4
316 1139 1 4 4 4
316 1140 1 4 4 2
316 1141 7 4 4 4
316 1148 12 4 4 4
316 1160 11 4 4 4
316 1171 11 4 4 4
316 1182 1 4 4 3
316 1183 6 4 4 3
316 1189 12 4 4 4
316 1201 12 4 4 2
316 1213 1 4 4 5
316 1214 2 4 4 3
316 1216 3 4 4 4
316 1219 2 4 4 4
316 1221 1 4 4 4
316 1222 11 4 4 4
316 1233 8 4 4 5
316 1241 2 4 4 5
316 1243 2 4 4 4
316 1245 5 4 4 3
164 353 81 32 4 5
196 353 81 36 4 3
232 353 81 36 4 2
268 353 77 37 4 5
268 430 4 20 4 4
288 430 4 17 4 3
305 353 17 15 4 4
305 370 39 15 4 5
305 409 10 15 4 5
305 419 15 9 4 3
314 419 5 6 4 5
314 424 4 6 4 3
314 428 6 6 4 4
168 280 40 72 4 4
168 320 33 39 4 4
207 320 33 35 4 5
242 320 33 42 4 5
284 320 33 21 4 4
305 320 33 15 4 4
240 280 16 80 4 4
240 296 24 34 4 5
274 296 24 46 4 5
179 255 25 69 4 4
248 255 25 28 4 5
276 255 25 34 4 3
310 255 25 10 4 2
103 178 35 79 4 4
103 213 42 32 4 4
135 213 21 47 4 5
135 234 16 47 4 5
135 250 5 14 4 4
149 250 5 7 4 4
156 250 5 7 4 5
163 250 5 6 4 2
169 250 5 5 4 5
174 250 5 8 4 5
182 178 77 31 4 3
213 178 49 54 4 5
213 227 28 28 4 5
241 227 28 17 4 3
258 227 5 9 4 3
258 232 23 9 4 4
267 178 11 53 4 5
267 189 66 46 4 5
313 189 2 7 4 4
313 191 2 7 4 5
313 193 2 7 4 4
313 195 6 7 4 3
313 201 8 7 4 4
313 209 13 7 4 5
313 222 19 7 4 2
313 241 14 7 4 3
98 86 35 82 4 5
98 121 57 36 4 3
134 121 30 46 4 4
134 151 27 25 4 4
159 151 27 14 4 5
173 151 21 7 4 4
173 172 6 7 4 4
180 86 31 87 4 5
180 117 56 49 4 4
180 173 5 24 4 4
204 173 5 20 4 5
224 173 5 31 4 3
255 173 5 38 4 5
293 173 5 7 4 5
300 173 5 6 4 4
306 173 5 8 4 4
314 173 5 6 4 4
229 117 56 55 4 4
284 117 39 36 4 5
284 156 17 22 4 4
306 156 4 14 4 5
306 160 13 8 4 4
314 160 8 6 4 5
314 168 1 6 4 4
314 169 4 6 4 4
267 86 31 23 4 4
290 86 31 18 4 5
308 86 3 12 4 3
308 89 28 12 4 5
120 35 51 38 4 5
158 35 40 75 4 4
158 75 11 54 4 4
212 75 11 9 4 4
221 75 5 12 4 4
221 80 6 12 4 4
233 35 51 49 4 3
282 35 8 38 4 4
282 43 43 29 4 4
311 43 26 9 4 3
311 69 3 9 4 4
311 72 14 9 4 5
109 0 28 133 4 4
109 28 7 24 4 4
133 28 7 35 4 5
168 28 7 65 4 5
233 28 7 19 4 4
252 28 7 23 4 5
275 28 7 12 4 4
287 28 7 15 4 5
302 28 7 18 4 4
242 0 28 29 4 4
271 0 28 23 4 5
294 0 6 26 4 4
294 6 14 26 4 4
294 20 8 9 4 4
303 20 8 17 4 4
0 0 42 17 3 2
0 42 38 17 3 5
0 80 35 17 3 5
0 115 38 17 3 3
0 153 42 17 3 4
0 195 3 17 3 5
0 198 51 17 3 4
0 249 23 17 3 4
0 272 4 17 3 5
0 276 32 17 3 5
0 308 44 17 3 3
0 352 48 17 3 4
0 400 5 17 3 4
0 405 29 17 3 4
0 434 8 17 3 4
0 442 51 17 3 3
0 493 5 17 3 4
0 498 28 17 3 3
0 526 23 17 3 3
0 549 10 17 3 4
0 559 9 17 3 5
0 568 26 17 3 1
0 594 6 17 3 3
17 0 46 17 3 4
17 46 30 24 3 5
17 76 43 24 3 3
17 119 32 24 3 3
17 151 10 24 3 4
17 161 18 24 3 4
17 179 47 16 3 5
17 226 39 20 3 4
17 265 7 24 3 3
17 272 48 17 3 5
17 320 39 18 3 3
17 359 41 18 3 5
17 400 11 18 3 5
17 411 22 18 3 5
17 433 8 18 3 5
17 441 5 18 3 4
17 446 54 18 3 2
17 500 26 18 3 5
17 526 54 18 3 3
17 580 20 11 3 5
28 580 7 7 3 4
28 587 13 7 3 4
35 320 13 6 3 3
35 333 10 6 3 4
35 343 9 6 3 5
35 352 2 6 3 4
35 354 18 6 3 3
35 372 1 6 3 5
35 373 13 6 3 4
35 386 17 6 3 4
35 403 5 6 3 5
35 408 15 6 3 4
35 423 11 6 3 5
35 434 4 6 3 4
35 438 18 6 3 4
35 456 12 6 3 4
35 468 11 6 3 3
35 479 1 6 3 4
35 480 1 6 3 3
35 481 11 6 3 5
35 492 1 6 3 5
35 493 18 6 3 5
35 511 14 6 3 5
35 525 8 6 3 4
35 533 2 6 3 4
35 535 6 6 3 3
35 541 10 6 3 3
35 551 3 6 3 4
35 554 9 6 3 5
35 563 13 6 3 5
35 576 6 6 3 5
35 582 12 6 3 5
35 594 6 6 3 5
34 272 5 7 3 3
34 277 2 7 3 4
34 279 21 7 3 5
34 300 10 7 3 3
34 310 4 7 3 5
34 314 6 7 3 1
37 226 6 4 3 4
37 232 11 4 3 4
37 243 8 4 3 4
37 251 10 4 3 4
37 261 4 4 3 4
33 179 5 8 3 4
33 184 20 8 3 4
33 204 2 8 3 3
33 206 20 8 3 4
41 46 30 25 3 4
41 76 23 34 3 5
41 99 46 16 3 5
41 145 7 16 3 3
41 152 48 16 3 5
41 200 28 16 3 5
41 228 14 16 3 5
41 242 42 16 3 4
41 284 37 16 3 5
41 321 16 16 3 4
41 337 43 16 3 4
41 380 22 16 3 3
41 402 44 16 3 4
41 446 46 16 3 3
41 492 46 16 3 4
41 538 11 16 3 5
41 549 10 16 3 4
41 559 41 16 3 3
57 99 4 18 3 2
57 103 28 18 3 4
57 131 52 18 3 5
57 183 47 18 3 4
57 230 54 18 3 3
57 284 23 18 3 5
57 307 35 18 3 2
57 342 46 18 3 5
57 388 54 18 3 5
57 442 37 18 3 3
57 479 17 18 3 3
57 496 53 18 3 5
57 549 51 18 3 3
75 76 51 17 3 3
75 127 11 17 3 3
75 138 35 17 3 3
75 173 9 17 3 4
75 182 37 17 3 4
75 219 23 17 3 4
75 242 49 17 3 4
75 291 29 17 3 3
75 320 35 17 3 4
75 355 27 17 3 3
75 382 43 17 3 4
75 425 36 17 3 2
75 461 47 17 3 5
75 508 4 17 3 3
75 512 14 17 3 5
75 526 6 17 3 3
75 532 46 17 3 4
75 578 22 13 3 5
88 578 7 4 3 4
88 585 15 4 3 4
92 76 46 17 3 5
92 122 6 17 3 5
92 128 49 17 3 2
92 177 3 17 3 4
92 180 36 17 3 3
92 216 10 17 3 4
92 226 4 17 3 3
92 230 48 17 3 5
92 278 22 17 3 5
92 300 41 17 3 3
92 341 43 17 3 4
92 384 49 17 3 4
92 433 51 17 3 3
92 484 46 17 3 4
92 530 48 17 3 5
92 578 22 11 3 5
103 578 2 6 3 4
103 580 1 6 3 4
103 581 13 6 3 3
103 594 6 6 3 5
109 76 43 18 3 5
109 119 35 24 3 3
109 154 42 17 3 2
109 196 32 23 3 4
109 228 48 16 3 4
109 276 30 16 3 5
109 306 28 16 3 4
109 334 47 16 3 5
109 381 24 16 3 4
109 405 43 16 3 5
109 448 43 16 3 3
109 491 46 16 3 3
109 537 47 16 3 4
109 584 16 10 3 3
119 584 11 6 3 5
119 595 5 6 3 3
125 228 11 7 3 5
125 239 13 7 3 5
125 252 18 7 3 3
125 270 21 7 3 4
125 291 15 7 3 2
125 306 4 7 3 4
125 310 21 7 3 5
125 331 18 7 3 5
125 349 20 7 3 5
125 369 2 7 3 5
125 371 8 7 3 2
125 379 9 7 3 3
125 388 18 7 3 5
125 406 21 7 3 3
125 427 14 7 3 5
125 441 19 7 3 4
125 460 5 7 3 4
125 465 19 7 3 5
125 484 12 7 3 4
125 496 6 7 3 5
125 502 21 7 3 5
125 523 1 7 3 5
125 524 1 7 3 5
125 525 3 7 3 5
125 528 3 7 3 5
125 531 10 7 3 5
125 541 8 7 3 3
125 549 20 7 3 5
125 569 21 7 3 4
125 590 10 7 3 5
132 196 45 17 3 4
132 241 8 17 3 3
132 249 30 17 3 5
132 279 47 17 3 5
132 326 41 17 3 4
132 367 4 17 3 2
132 371 11 17 3 4
132 382 35 17 3 4
132 417 8 17 3 4
132 425 3 17 3 4
132 428 9 17 3 5
132 437 44 17 3 4
132 481 20 17 3 5
132 501 8 17 3 3
132 509 12 17 3 4
132 521 5 17 3 3
132 526 12 17 3 3
132 538 4 17 3 4
132 542 3 17 3 4
132 545 33 17 3 4
132 578 11 17 3 4
132 589 7 17 3 4
132 596 4 8 3 4
140 596 4 9 3 5
149 196 47 18 3 4
149 243 10 18 3 5
149 253 46 18 3 4
149 299 8 18 3 4
149 307 12 18 3 3
149 319 54 18 3 4
149 373 52 18 3 5
149 425 7 18 3 5
149 432 49 18 3 3
149 481 22 18 3 4
149 503 28 18 3 4
149 531 30 18 3 5
149 561 20 18 3 4
149 581 19 11 3 3
160 581 2 7 3 3
160 583 17 7 3 4
167 196 5 13 3 2
167 201 20 13 3 3
167 221 19 13 3 3
167 240 23 13 3 5
167 263 9 13 3 3
167 272 35 13 3 4
167 307 14 13 3 4
167 321 38 13 3 3
167 359 20 13 3 3
167 379 6 13 3 4
167 385 38 13 3 4
167 423 38 13 3 4
167 461 25 13 3 4
167 486 3 13 3 5
167 489 15 13 3 5
167 504 3 13 3 3
167 507 3 13 3 5
167 510 39 13 3 5
167 549 3 13 3 5
167 552 6 13 3 3
167 558 28 13 3 3
167 586 14 8 3 4
175 586 1 5 3 3
175 587 7 5 3 4
175 594 6 5 3 4
126 154 12 54 3 5
126 166 30 20 3 4
146 166 30 20 3 3
166 166 25 14 3 4
166 191 5 6 3 4
172 191 5 8 3 3
133 119 28 28 3 4
133 147 7 28 3 5
161 119 35 19 3 4
127 76 30 25 3 3
127 106 13 49 3 4
176 106 9 4 3 4
176 115 4 4 3 2
152 76 24 28 3 4
152 100 6 28 3 3
66 46 30 19 3 4
85 46 13 64 3 5
85 59 17 19 3 4
104 59 17 65 3 3
169 59 6 11 3 4
169 65 11 11 3 5
149 46 13 22 3 3
171 46 13 9 3 3
34 0 13 56 3 4
34 13 27 30 3 4
34 40 6 16 3 4
50 40 6 56 3 5
106 40 6 12 3 5
118 40 6 22 3 4
140 40 6 22 3 2
162 40 6 9 3 3
171 40 6 4 3 5
175 40 6 5 3 5
64 13 27 17 3 4
81 13 27 24 3 5
105 13 27 17 3 5
122 13 27 23 3 3
145 13 13 35 3 4
145 26 14 14 3 5
159 26 14 11 3 5
170 26 14 10 3 4
90 0 13 28 3 4
118 0 13 16 3 3
134 0 13 15 3 5
149 0 13 24 3 4
173 0 13 7 3 5
0 0 12 49 2 5
0 12 16 41 2 4
0 28 41 15 2 4
0 69 45 15 2 4
0 114 44 15 2 5
0 158 20 15 2 4
0 178 3 15 2 5
0 181 3 15 2 3
0 184 26 15 2 4
0 210 7 15 2 4
0 217 42 15 2 4
0 259 44 15 2 5
0 303 43 15 2 5
0 346 19 15 2 4
0 365 32 15 2 3
0 397 37 15 2 3
0 434 44 15 2 4
0 478 10 15 2 4
0 488 12 8 2 5
8 488 12 7 2 4
15 114 25 24 2 5
15 139 40 19 2 5
15 179 39 15 2 4
15 218 32 19 2 3
15 250 43 19 2 3
15 293 36 19 2 4
15 329 44 15 2 4
15 373 42 15 2 4
15 415 18 15 2 5
15 433 19 15 2 5
15 452 3 15 2 4
15 455 26 15 2 3
15 481 19 15 2 2
30 373 3 4 2 5
30 376 10 4 2 4
30 386 11 4 2 4
30 397 3 4 2 4
30 400 9 4 2 4
30 409 11 4 2 3
30 420 12 4 2 4
30 432 4 4 2 4
30 436 5 4 2 5
30 441 1 4 2 5
30 442 5 4 2 3
30 447 2 4 2 4
30 449 1 4 2 5
30 450 4 4 2 5
30 454 12 4 2 4
30 466 7 4 2 5
30 473 12 4 2 2
30 485 5 4 2 4
30 490 10 4 2 5
30 329 1 4 2 5
30 330 2 4 2 5
30 332 5 4 2 3
30 337 2 4 2 4
30 339 1 4 2 5
30 340 3 4 2 3
30 343 1 4 2 4
30 344 1 4 2 3
30 345 12 4 2 4
30 357 3 4 2 3
30 360 1 4 2 4
30 361 7 4 2 3
30 368 5 4 2 4
30 179 3 4 2 5
30 182 1 4 2 5
30 183 1 4 2 4
30 184 9 4 2 4
30 193 5 4 2 3
30 198 2 4 2 4
30 200 1 4 2 5
30 201 4 4 2 5
30 205 13 4 2 2
34 139 10 15 2 4
34 149 22 15 2 3
34 171 44 15 2 3
34 215 38 15 2 3
34 253 44 15 2 5
34 297 12 15 2 4
34 309 45 15 2 3
34 354 24 15 2 2
34 378 40 15 2 4
34 418 8 15 2 5
34 426 30 15 2 4
34 456 6 15 2 4
34 462 38 15 2 5
39 114 25 10 2 5
15 69 45 15 2 5
30 69 45 19 2 5
15 28 29 25 2 5
15 57 12 16 2 4
31 57 2 9 2 5
31 59 10 9 2 5
40 28 3 9 2 4
40 31 17 9 2 4
40 48 2 9 2 4
40 50 5 9 2 5
40 55 3 9 2 3
40 58 11 9 2 4
41 12 16 8 2 3
49 0 17 37 2 5
49 17 42 15 2 3
49 59 41 16 2 4
49 100 22 28 2 5
49 122 41 15 2 3
49 163 24 15 2 2
49 187 12 15 2 5
49 199 23 15 2 4
49 222 4 15 2 4
49 226 39 15 2 4
49 265 20 15 2 4
49 285 5 15 2 4
49 290 18 15 2 3
49 308 33 15 2 5
49 341 19 15 2 5
49 360 45 15 2 5
49 405 32 15 2 4
49 437 4 15 2 5
49 441 3 15 2 4
49 444 41 15 2 4
49 485 15 9 2 3
58 485 3 6 2 3
58 488 6 6 2 4
58 494 6 6 2 5
64 122 32 22 2 5
64 154 28 22 2 3
64 182 45 15 2 5
64 227 37 15 2 4
64 264 33 15 2 2
64 297 7 15 2 4
64 304 29 15 2 5
64 333 25 15 2 2
64 358 16 15 2 3
64 374 9 15 2 5
64 383 3 15 2 4
64 386 16 15 2 5
64 402 39 15 2 4
64 441 44 15 2 4
64 485 11 15 2 5
64 496 4 8 2 4
72 496 4 3 2 5
75 496 4 4 2 4
79 182 2 7 2 2
79 184 18 7 2 5
79 202 2 7 2 4
79 204 20 7 2 4
79 224 2 7 2 3
79 226 2 7 2 2
79 228 1 7 2 4
79 229 6 7 2 4
79 235 2 7 2 5
79 237 20 7 2 5
79 257 12 7 2 5
79 269 2 7 2 3
79 271 4 7 2 5
79 275 8 7 2 5
79 283 2 7 2 5
79 285 18 7 2 4
79 303 18 7 2 4
79 321 12 7 2 4
79 333 6 7 2 4
79 339 3 7 2 2
79 342 21 7 2 4
79 363 6 7 2 5
79 369 3 7 2 4
79 372 6 7 2 4
79 378 1 7 2 4
79 379 3 7 2 3
79 382 4 7 2 5
79 386 1 7 2 5
79 387 21 7 2 5
79 408 7 7 2 4
79 415 8 7 2 4
79 423 2 7 2 5
79 425 2 7 2 5
79 427 9 7 2 5
79 436 2 7 2 5
79 438 2 7 2 2
79 440 12 7 2 5
79 452 12 7 2 4
79 464 3 7 2 4
79 467 10 7 2 3
79 477 17 7 2 5
79 494 6 7 2 3
77 100 22 9 2 4
65 59 41 17 2 4
82 59 4 4 2 4
82 63 2 4 2 5
82 65 1 4 2 3
82 66 5 4 2 5
82 71 1 4 2 5
82 72 11 4 2 4
82 83 7 4 2 4
82 90 10 4 2 5
64 17 42 15 2 4
79 17 5 7 2 4
79 22 5 7 2 4
79 27 21 7 2 3
79 48 11 7 2 3
86 0 20 36 2 3
86 20 36 18 2 3
86 56 46 18 2 5
86 102 6 18 2 4
86 108 51 18 2 3
86 159 38 18 2 3
86 197 46 18 2 4
86 243 40 18 2 3
86 283 15 18 2 4
86 298 20 18 2 5
86 318 4 18 2 5
86 322 4 18 2 4
86 326 24 18 2 3
86 350 51 18 2 4
86 401 4 18 2 5
86 405 21 18 2 2
86 426 7 18 2 5
86 433 21 18 2 3
86 454 28 18 2 4
86 482 4 18 2 5
86 486 14 13 2 4
99 486 10 5 2 3
99 496 4 5 2 5
104 20 25 26 2 5
104 45 36 18 2 3
104 81 10 18 2 3
104 91 45 18 2 4
104 136 14 18 2 4
104 150 12 18 2 5
104 162 47 18 2 5
104 209 36 18 2 4
104 245 36 18 2 5
104 281 50 18 2 5
104 331 4 18 2 3
104 335 46 18 2 4
104 381 6 18 2 4
104 387 18 18 2 5
104 405 48 18 2 4
104 453 35 18 2 5
104 488 12 13 2 4
117 488 6 5 2 4
117 494 1 5 2 5
117 495 5 5 2 4
122 45 8 8 2 4
122 53 5 8 2 5
122 58 22 8 2 4
122 80 7 8 2 4
122 87 23 8 2 4
122 110 5 8 2 4
122 115 15 8 2 4
122 130 11 8 2 4
122 141 20 8 2 3
122 161 20 8 2 5
122 181 14 8 2 5
122 195 22 8 2 4
122 217 2 8 2 2
122 219 24 8 2 2
122 243 21 8 2 5
122 264 16 8 2 4
122 280 12 8 2 2
122 292 4 8 2 5
122 296 9 8 2 5
122 305 15 8 2 5
122 320 7 8 2 4
122 327 14 8 2 4
122 341 16 8 2 5
122 357 12 8 2 4
122 369 4 8 2 5
122 373 21 8 2 5
122 394 6 8 2 2
122 400 2 8 2 4
122 402 6 8 2 4
122 408 8 8 2 4
122 416 24 8 2 4
122 440 18 8 2 4
122 458 6 8 2 4
122 464 17 8 2 3
122 481 19 8 2 3
130 20 40 15 2 5
130 60 19 36 2 3
130 79 44 15 2 3
130 123 5 15 2 5
130 128 15 15 2 5
130 143 6 15 2 5
130 149 44 15 2 3
130 193 29 15 2 5
130 222 13 15 2 5
130 235 44 15 2 3
130 279 32 15 2 5
130 311 35 15 2 3
130 346 44 15 2 4
130 390 45 15 2 5
130 435 6 15 2 3
130 441 45 15 2 3
130 486 3 15 2 5
130 489 4 15 2 5
130 493 7 7 2 4
137 493 2 8 2 3
137 495 5 4 2 5
141 495 5 4 2 5
145 79 44 17 2 5
145 123 28 17 2 5
145 151 26 17 2 5
145 177 39 17 2 3
145 216 5 17 2 4
145 221 9 17 2 5
145 230 6 17 2 5
145 236 8 17 2 3
145 244 26 17 2 4
145 270 49 17 2 5
145 319 5 17 2 5
145 324 47 17 2 3
145 371 11 17 2 4
145 382 12 17 2 5
145 394 12 17 2 5
145 406 31 17 2 4
145 437 42 17 2 5
145 479 21 17 2 5
162 79 5 4 2 5
162 84 12 4 2 4
162 96 12 4 2 5
162 108 1 4 2 4
162 109 4 4 2 4
162 113 1 4 2 5
162 114 2 4 2 5
162 116 8 4 2 4
162 124 2 4 2 5
162 126 9 4 2 3
162 135 2 4 2 4
162 137 5 4 2 5
162 142 4 4 2 2
162 146 2 4 2 4
162 148 1 4 2 4
162 149 9 4 2 3
162 158 12 4 2 3
162 170 8 4 2 5
162 178 8 4 2 5
162 186 1 4 2 5
162 187 9 4 2 4
162 196 8 4 2 4
162 204 6 4 2 3
162 210 11 4 2 5
162 221 6 4 2 4
162 227 8 4 2 5
162 235 3 4 2 3
162 238 12 4 2 3
162 250 3 4 2 4
162 253 4 4 2 5
162 257 1 4 2 3
162 258 3 4 2 4
162 261 6 4 2 4
162 267 11 4 2 5
162 278 8 4 2 4
162 286 1 4 2 3
162 287 2 4 2 5
162 289 7 4 2 4
162 296 9 4 2 5
162 305 4 4 2 3
162 309 1 4 2 5
162 310 9 4 2 5
162 319 1 4 2 5
162 320 11 4 2 5
162 331 11 4 2 2
162 342 4 4 2 4
162 346 3 4 2 5
162 349 7 4 2 3
162 356 6 4 2 4
162 362 7 4 2 4
162 369 1 4 2 5
162 370 1 4 2 5
162 371 5 4 2 5
162 376 6 4 2 5
162 382 12 4 2 4
162 394 1 4 2 4
162 395 8 4 2 4
162 403 12 4 2 4
162 415 12 4 2 4
162 427 8 4 2 5
162 435 1 4 2 3
162 436 9 4 2 4
162 445 4 4 2 2
162 449 3 4 2 3
162 452 3 4 2 5
162 455 3 4 2 4
162 458 1 4 2 2
162 459 7 4 2 5
162 466 2 4 2 5
162 468 7 4 2 4
162 475 1 4 2 4
162 476 10 4 2 4
162 486 14 4 2 2
166 60 22 14 2 5
166 82 3 14 2 4
166 85 15 14 2 4
166 100 42 14 2 4
166 142 32 14 2 2
166 174 12 14 2 3
166 186 37 14 2 5
166 223 3 14 2 4
166 226 5 14 2 5
166 231 26 14 2 5
166 257 27 14 2 4
166 284 4 14 2 4
166 288 10 14 2 5
166 298 41 14 2 4
166 339 4 14 2 5
166 343 37 14 2 4
166 380 5 14 2 4
166 385 42 14 2 4
166 427 12 14 2 3
166 439 41 14 2 5
166 480 20 14 2 4
145 20 26 35 2 4
145 46 14 13 2 2
158 46 14 11 2 3
169 46 14 7 2 5
176 46 9 4 2 3
176 55 5 4 2 5
122 0 20 15 2 2
137 0 20 27 2 4
164 0 10 16 2 5
164 10 10 16 2 5
0 0 60 44 1 3
0 60 24 120 1 4
0 84 71 45 1 5
0 155 88 34 1 4
0 243 85 31 1 5
0 328 78 31 1 2
0 406 63 31 1 4
0 469 12 31 1 4
0 481 93 31 1 4
0 574 8 31 1 5
0 582 15 31 1 3
0 597 44 31 1 4
0 641 21 31 1 4
0 662 63 31 1 3
0 725 91 31 1 4
0 816 24 31 1 5
0 840 77 31 1 4
0 917 84 31 1 5
0 1001 93 31 1 2
0 1094 21 31 1 2
0 1115 33 31 1 4
0 1148 19 31 1 4
0 1167 15 31 1 5
0 1182 61 31 1 2
0 1243 7 31 1 5
0 1250 6 31 1 4
0 1256 64 31 1 3
0 1320 69 31 1 2
0 1389 92 31 1 5
0 1481 39 31 1 4
0 1520 15 31 1 5
0 1535 79 31 1 4
0 1614 72 31 1 4
0 1686 7 31 1 5
0 1693 35 31 1 5
0 1728 25 31 1 5
0 1753 19 31 1 3
0 1772 60 31 1 4
0 1832 13 31 1 4
0 1845 65 31 1 5
0 1910 84 31 1 4
0 1994 57 31 1 5
0 2051 80 31 1 5
0 2131 69 27 1 5
27 2131 10 4 1 3
27 2141 5 4 1 4
27 2146 8 4 1 2
27 2154 6 4 1 5
27 2160 12 4 1 5
27 2172 3 4 1 4
27 2175 3 4 1 5
27 2178 12 4 1 3
27 2190 10 4 1 4
31 243 40 14 1 4
31 283 41 14 1 4
31 324 37 14 1 3
31 361 33 14 1 3
31 394 30 14 1 5
31 424 34 14 1 3
31 458 12 14 1 5
31 470 38 14 1 5
31 508 34 14 1 4
31 542 37 14 1 4
31 579 42 14 1 4
31 621 12 14 1 3
31 633 27 14 1 5
31 660 15 14 1 3
31 675 32 14 1 5
31 707 41 14 1 3
31 748 19 14 1 5
31 767 42 14 1 4
31 809 41 14 1 4
31 850 13 14 1 4
31 863 35 14 1 5
31 898 5 14 1 4
31 903 36 14 1 4
31 939 39 14 1 4
31 978 37 14 1 5
31 1015 14 14 1 4
31 1029 29 14 1 3
31 1058 10 14 1 5
31 1068 15 14 1 4
31 1083 41 14 1 5
31 1124 38 14 1 4
31 1162 15 14 1 5
31 1177 37 14 1 5
31 1214 37 14 1 2
31 1251 38 14 1 5
31 1289 29 14 1 5
31 1318 5 14 1 4
31 1323 39 14 1 4
31 1362 42 14 1 5
31 1404 25 14 1 4
31 1429 23 14 1 4
31 1452 42 14 1 4
31 1494 10 14 1 3
31 1504 39 14 1 3
31 1543 36 14 1 3
31 1579 37 14 1 2
31 1616 20 14 1 4
31 1636 21 14 1 5
31 1657 3 14 1 4
31 1660 15 14 1 3
31 1675 8 14 1 4
31 1683 33 14 1 4
31 1716 33 14 1 4
31 1749 11 14 1 5
31 1760 21 14 1 5
31 1781 15 14 1 5
31 1796 3 14 1 3
31 1799 24 14 1 5
31 1823 3 14 1 3
31 1826 8 14 1 3
31 1834 24 14 1 4
31 1858 19 14 1 5
31 1877 4 14 1 4
31 1881 38 14 1 5
31 1919 4 14 1 4
31 1923 28 14 1 4
31 1951 15 14 1 3
31 1966 5 14 1 5
31 1971 15 14 1 4
31 1986 18 14 1 4
31 2004 10 14 1 4
31 2014 9 14 1 4
31 2023 9 14 1 4
31 2032 11 14 1 4
31 2043 3 14 1 3
31 2046 5 14 1 4
31 2051 36 14 1 3
31 2087 33 14 1 5
31 2120 5 14 1 5
31 2125 38 14 1 5
31 2163 4 14 1 4
31 2167 33 14 1 5
34 155 8 11 1 4
34 163 19 11 1 4
34 182 32 11 1 5
34 214 4 11 1 4
34 218 2 11 1 5
34 220 3 11 1 4
34 223 20 11 1 5
45 84 84 32 1 5
45 168 60 32 1 4
45 228 71 32 1 5
45 299 13 32 1 3
45 312 63 32 1 4
45 375 96 32 1 4
45 471 69 32 1 4
45 540 86 32 1 5
45 626 72 32 1 5
45 698 53 32 1 3
45 751 91 32 1 4
45 842 39 32 1 4
45 881 7 32 1 4
45 888 20 32 1 5
45 908 10 32 1 3
45 918 85 32 1 5
45 1003 96 32 1 4
45 1099 22 32 1 5
45 1121 62 32 1 2
45 1183 96 32 1 3
45 1279 36 32 1 5
45 1315 83 32 1 2
45 1398 17 32 1 3
45 1415 62 32 1 4
45 1477 38 32 1 4
45 1515 48 32 1 5
45 1563 85 32 1 5
45 1648 93 32 1 5
45 1741 69 32 1 3
45 1810 64 32 1 4
45 1874 24 32 1 5
45 1898 12 32 1 2
45 1910 52 32 1 3
45 1962 96 32 1 4
45 2058 66 32 1 5
45 2124 39 32 1 4
45 2163 11 32 1 4
45 2174 26 17 1 4
62 2174 26 11 1 5
73 2174 8 4 1 5
73 2182 9 4 1 5
73 2191 9 4 1 4
77 84 83 43 1 5
77 167 9 43 1 5
77 176 80 34 1 4
77 256 12 43 1 4
77 268 102 35 1 4
77 370 30 43 1 5
77 400 75 43 1 5
77 475 74 43 1 5
77 549 95 32 1 4
77 644 94 32 1 4
77 738 61 32 1 4
77 799 41 32 1 5
77 840 72 32 1 4
77 912 19 32 1 5
77 931 55 32 1 4
77 986 6 32 1 5
77 992 7 32 1 4
77 999 45 32 1 4
77 1044 15 32 1 4
77 1059 21 32 1 5
77 1080 18 32 1 4
77 1098 75 32 1 3
77 1173 78 32 1 5
77 1251 14 32 1 4
77 1265 70 32 1 4
77 1335 7 32 1 4
77 1342 51 32 1 4
77 1393 96 32 1 4
77 1489 14 32 1 3
77 1503 16 32 1 5
77 1519 94 32 1 4
77 1613 21 32 1 3
77 1634 52 32 1 5
77 1686 77 32 1 5
77 1763 47 32 1 3
77 1810 65 32 1 4
77 1875 30 32 1 2
77 1905 7 32 1 5
77 1912 74 32 1 5
77 1986 7 32 1 4
77 1993 38 32 1 2
77 2031 54 32 1 4
77 2085 14 32 1 3
77 2099 11 32 1 4
77 2110 11 32 1 5
77 2121 29 32 1 5
77 2150 50 32 1 2
109 549 29 11 1 5
109 578 4 11 1 4
109 582 32 11 1 4
109 614 6 11 1 4
109 620 14 11 1 4
109 634 24 11 1 4
109 658 24 11 1 3
109 682 9 11 1 5
109 691 26 11 1 4
109 717 26 11 1 5
109 743 3 11 1 5
109 746 5 11 1 5
109 751 6 11 1 5
109 757 3 11 1 4
109 760 33 11 1 4
109 793 29 11 1 3
109 822 8 11 1 5
109 830 12 11 1 5
109 842 10 11 1 5
109 852 22 11 1 5
109 874 3 11 1 3
109 877 21 11 1 3
109 898 32 11 1 5
109 930 23 11 1 3
109 953 27 11 1 4
109 980 32 11 1 4
109 1012 5 11 1 4
109 1017 27 11 1 5
109 1044 10 11 1 5
109 1054 5 11 1 4
109 1059 24 11 1 5
109 1083 14 11 1 4
109 1097 6 11 1 5
109 1103 18 11 1 4
109 1121 25 11 1 3
109 1146 10 11 1 5
109 1156 23 11 1 4
109 1179 28 11 1 3
109 1207 33 11 1 4
109 1240 32 11 1 5
109 1272 6 11 1 5
109 1278 14 11 1 4
109 1292 16 11 1 3
109 1308 8 11 1 5
109 1316 17 11 1 5
109 1333 25 11 1 4
109 1358 30 11 1 2
109 1388 28 11 1 5
109 1416 20 11 1 3
109 1436 7 11 1 5
109 1443 33 11 1 4
109 1476 30 11 1 5
109 1506 16 11 1 4
109 1522 28 11 1 4
109 1550 5 11 1 4
109 1555 23 11 1 3
109 1578 24 11 1 4
109 1602 28 11 1 4
109 1630 32 11 1 4
109 1662 9 11 1 5
109 1671 11 11 1 4
109 1682 16 11 1 5
109 1698 6 11 1 4
109 1704 16 11 1 4
109 1720 27 11 1 4
109 1747 32 11 1 3
109 1779 16 11 1 4
109 1795 4 11 1 4
109 1799 22 11 1 4
109 1821 30 11 1 5
109 1851 21 11 1 2
109 1872 31 11 1 5
109 1903 19 11 1 4
109 1922 31 11 1 4
109 1953 28 11 1 4
109 1981 31 11 1 3
109 2012 29 11 1 5
109 2041 28 11 1 4
109 2069 12 11 1 4
109 2081 33 11 1 5
109 2114 7 11 1 2
109 2121 33 11 1 3
109 2154 11 11 1 5
109 2165 18 11 1 4
109 2183 4 11 1 2
109 2187 13 7 1 3
116 2187 1 4 1 4
116 2188 12 4 1 4
112 268 24 8 1 5
112 292 24 8 1 3
112 316 4 8 1 5
112 320 4 8 1 3
112 324 12 8 1 5
112 336 4 8 1 5
112 340 2 8 1 3
112 342 20 8 1 4
112 362 8 8 1 4
111 176 17 9 1 4
111 193 5 9 1 4
111 198 4 9 1 4
111 202 24 9 1 5
111 226 30 9 1 3
120 60 26 60 1 5
120 86 12 60 1 4
120 98 72 38 1 3
120 170 90 30 1 4
120 260 82 30 1 5
120 342 28 30 1 5
120 370 10 30 1 4
120 380 53 30 1 4
120 433 34 30 1 5
120 467 87 30 1 5
120 554 90 30 1 3
120 644 80 30 1 4
120 724 84 30 1 4
120 808 63 30 1 5
120 871 7 30 1 4
120 878 7 30 1 3
120 885 31 30 1 5
120 916 28 30 1 2
120 944 6 30 1 4
120 950 89 30 1 4
120 1039 18 30 1 4
120 1057 76 30 1 3
120 1133 15 30 1 3
120 1148 71 30 1 4
120 1219 38 30 1 5
120 1257 26 30 1 2
120 1283 40 30 1 3
120 1323 16 30 1 2
120 1339 6 30 1 3
120 1345 42 30 1 5
120 1387 12 30 1 5
120 1399 6 30 1 5
120 1405 48 30 1 4
120 1453 13 30 1 4
120 1466 84 30 1 3
120 1550 81 30 1 3
120 1631 53 30 1 2
120 1684 88 30 1 5
120 1772 27 30 1 4
120 1799 45 30 1 2
120 1844 80 30 1 5
120 1924 34 30 1 4
120 1958 13 30 1 4
120 1971 69 30 1 4
120 2040 75 30 1 2
120 2115 64 30 1 3
120 2179 21 30 1 4
150 170 17 30 1 4
150 187 84 30 1 4
150 271 9 30 1 3
150 280 28 30 1 3
150 308 28 30 1 3
150 336 54 30 1 4
150 390 10 30 1 4
150 400 66 30 1 3
150 466 10 30 1 4
150 476 16 30 1 5
150 492 14 30 1 4
150 506 58 30 1 4
150 564 78 30 1 4
150 642 6 30 1 4
150 648 87 30 1 4
150 735 38 30 1 3
150 773 32 30 1 4
150 805 6 30 1 3
150 811 68 30 1 3
150 879 30 30 1 5
150 909 58 30 1 4
150 967 80 30 1 4
150 1047 81 30 1 3
150 1128 85 30 1 4
150 1213 44 30 1 4
150 1257 66 30 1 4
150 1323 11 30 1 3
150 1334 90 30 1 4
150 1424 9 30 1 4
150 1433 26 30 1 3
150 1459 57 30 1 4
150 1516 81 30 1 4
150 1597 75 30 1 2
150 1672 8 30 1 4
150 1680 47 30 1 4
150 1727 31 30 1 5
150 1758 41 30 1 3
150 1799 86 30 1 4
150 1885 64 30 1 4
150 1949 48 30 1 4
150 1997 87 30 1 4
150 2084 67 30 1 4
150 2151 49 24 1 5
174 2151 5 6 1 5
174 2156 11 6 1 4
174 2167 18 6 1 5
174 2185 2 6 1 5
174 2187 13 6 1 5
158 98 47 22 1 3
158 145 25 14 1 4
172 145 8 8 1 5
172 153 17 8 1 5
44 0 60 32 1 5
76 0 50 60 1 5
76 50 10 19 1 4
95 50 10 21 1 5
116 50 10 15 1 4
131 50 10 34 1 5
165 50 3 15 1 3
165 53 7 15 1 3
136 0 50 29 1 4
165 0 38 15 1 4
165 38 12 8 1 4
173 38 12 7 1 4
