700 1000 20
3
1410 1000 4
1480 1000 3
1960 1000 2
2484
0 0 77 36 4 1
0 77 8 36 4 1
0 85 19 36 4 2
0 104 106 36 4 1
0 210 112 36 4 3
36 0 30 93 4 1
36 30 83 34 4 3
36 113 66 42 4 3
36 179 21 42 4 1
36 200 8 42 4 1
36 208 36 42 4 2
36 244 42 42 4 3
36 286 36 23 4 2
59 286 36 19 4 1
78 113 23 110 4 2
78 136 50 54 4 3
78 186 87 31 4 1
78 273 49 31 4 2
109 186 51 52 4 3
109 237 85 31 4 2
140 237 85 41 4 2
181 237 43 66 4 2
181 280 42 30 4 2
211 280 42 29 4 2
240 280 42 29 4 3
269 280 42 39 4 2
308 280 42 30 4 2
338 280 42 45 4 1
383 280 22 108 4 1
383 302 20 31 4 2
414 302 20 23 4 1
437 302 20 19 4 2
456 302 20 15 4 1
471 302 20 20 4 2
247 237 43 58 4 2
305 237 43 68 4 2
373 237 43 38 4 2
411 237 21 80 4 3
411 258 22 24 4 1
435 258 22 26 4 2
461 258 7 30 4 3
461 265 15 15 4 3
476 265 15 15 4 3
161 186 51 30 4 1
191 186 51 31 4 2
222 186 51 31 4 3
253 186 51 51 4 1
304 186 51 30 4 3
334 186 51 30 4 1
364 186 51 36 4 1
400 186 18 91 4 3
400 204 33 36 4 1
436 204 33 55 4 3
132 136 31 84 4 3
132 167 19 32 4 1
164 167 19 30 4 3
194 167 19 51 4 1
245 167 19 36 4 2
281 167 19 29 4 3
310 167 19 73 4 1
383 167 19 26 4 2
409 167 19 44 4 3
453 167 8 38 4 3
453 175 11 15 4 1
468 175 11 9 4 3
477 175 11 14 4 1
216 136 31 38 4 3
254 136 31 71 4 2
325 136 31 64 4 3
389 136 31 43 4 2
432 136 31 27 4 3
459 136 31 21 4 1
480 136 31 11 4 1
188 113 23 31 4 2
219 113 23 30 4 1
249 113 23 59 4 3
308 113 23 59 4 1
367 113 23 33 4 1
400 113 23 91 4 2
70 30 35 80 4 3
70 65 48 63 4 1
133 65 48 47 4 3
180 65 48 36 4 2
216 65 48 47 4 2
263 65 48 35 4 3
298 65 48 59 4 3
357 65 48 31 4 3
388 65 48 33 4 3
421 65 26 70 4 2
421 91 22 70 4 2
150 30 35 29 4 1
179 30 35 52 4 1
231 30 35 83 4 2
314 30 35 29 4 3
343 30 35 80 4 3
423 30 35 42 4 3
465 30 35 26 4 1
129 0 30 32 4 3
161 0 30 32 4 1
193 0 30 45 4 2
238 0 30 29 4 3
267 0 30 31 4 2
298 0 30 36 4 3
334 0 30 95 4 3
429 0 30 39 4 3
468 0 5 23 4 1
468 5 5 23 4 3
468 10 13 23 4 1
468 23 7 8 4 2
476 23 7 8 4 1
484 23 7 7 4 3
0 322 44 59 4 2
0 366 22 108 4 2
0 388 64 40 4 1
0 452 29 84 4 3
0 481 68 36 4 1
0 549 39 64 4 1
0 588 57 30 4 2
30 588 57 30 4 1
60 588 57 33 4 2
93 588 57 28 4 3
121 588 57 30 4 3
151 588 33 84 4 1
151 621 24 31 4 1
182 621 24 48 4 3
230 621 24 35 4 1
265 621 24 43 4 2
308 621 24 29 4 3
337 621 24 154 4 2
235 588 33 56 4 2
291 588 33 29 4 1
320 588 33 31 4 1
351 588 33 140 4 2
64 549 39 42 4 1
106 549 39 31 4 1
137 549 39 48 4 3
185 549 39 54 4 1
239 549 39 98 4 2
337 549 39 33 4 3
370 549 39 35 4 1
405 549 39 42 4 3
447 549 39 24 4 2
471 549 39 20 4 3
36 481 68 52 4 3
88 481 68 49 4 1
137 481 68 57 4 2
194 481 68 53 4 1
247 481 68 29 4 2
276 481 68 43 4 2
319 481 68 45 4 3
364 481 68 31 4 1
395 481 28 96 4 1
395 509 40 96 4 1
84 452 29 110 4 2
194 452 29 35 4 2
229 452 29 31 4 2
260 452 29 30 4 3
290 452 29 112 4 3
402 452 29 42 4 1
444 452 29 23 4 3
467 452 29 24 4 1
40 388 64 33 4 1
73 388 64 40 4 2
113 388 64 53 4 3
166 388 28 97 4 1
166 416 36 31 4 1
197 416 36 47 4 1
244 416 36 29 4 2
273 416 36 90 4 3
363 416 36 28 4 1
391 416 20 100 4 3
391 436 16 100 4 2
263 388 28 54 4 2
317 388 28 41 4 3
358 388 28 34 4 1
392 388 28 28 4 1
420 388 28 37 4 3
457 388 10 34 4 3
457 398 18 15 4 2
472 398 18 19 4 2
108 366 22 36 4 3
144 366 22 35 4 3
179 366 22 57 4 3
236 366 22 50 4 1
286 366 22 29 4 2
315 366 22 66 4 2
381 366 22 110 4 1
59 322 44 58 4 2
117 322 44 33 4 3
150 322 29 93 4 2
150 351 15 24 4 1
174 351 15 34 4 1
208 351 15 16 4 1
224 351 4 19 4 2
224 355 11 19 4 3
243 322 44 34 4 1
277 322 44 31 4 1
308 322 44 79 4 1
387 322 44 104 4 3
491 0 45 56 4 1
491 45 49 49 4 3
491 94 120 49 4 1
491 214 87 31 4 2
491 301 104 49 4 3
491 405 39 49 4 3
491 444 80 30 4 3
491 524 11 30 4 3
491 535 110 30 4 1
521 444 32 19 4 3
521 476 18 19 4 3
521 494 44 19 4 2
521 538 6 19 4 2
521 544 11 19 4 1
521 555 10 19 4 2
521 565 41 19 4 3
521 606 6 19 4 2
521 612 4 19 4 2
521 616 29 19 4 3
522 214 21 18 4 3
522 235 38 18 4 3
522 273 28 18 4 3
540 45 74 34 4 2
540 119 24 101 4 2
540 143 89 31 4 1
540 232 61 31 4 2
540 293 78 31 4 3
540 371 11 31 4 3
540 382 80 31 4 2
540 462 37 31 4 1
540 499 91 31 4 1
540 590 14 31 4 2
540 604 17 31 4 1
540 621 24 17 4 1
557 621 24 14 4 1
571 143 67 42 4 3
571 210 95 42 4 3
571 305 12 42 4 1
571 317 115 42 4 3
571 432 24 42 4 3
571 456 189 42 4 3
613 143 6 28 4 1
613 149 6 28 4 2
613 155 14 28 4 3
613 169 47 28 4 3
613 216 24 28 4 2
613 240 84 28 4 3
613 324 13 28 4 1
613 337 60 28 4 1
613 397 59 28 4 2
613 456 77 28 4 1
613 533 53 28 4 2
613 586 59 28 4 2
641 119 28 104 4 1
641 147 74 38 4 2
641 221 55 38 4 2
641 276 84 38 4 1
641 360 8 38 4 1
641 368 113 38 4 1
641 481 81 38 4 3
641 562 55 38 4 1
641 617 28 38 4 2
679 147 61 66 4 3
679 208 69 35 4 3
679 277 9 35 4 2
679 286 16 35 4 3
679 302 7 35 4 2
679 309 70 35 4 1
679 379 7 35 4 1
679 386 7 35 4 3
679 393 105 35 4 3
679 498 26 35 4 3
679 524 16 35 4 2
679 540 105 35 4 2
714 208 51 31 4 2
714 259 6 31 4 1
714 265 73 31 4 1
714 338 42 31 4 1
714 380 7 31 4 3
714 387 24 31 4 1
714 411 93 31 4 3
714 504 17 31 4 1
714 521 26 31 4 1
714 547 8 31 4 1
714 555 9 31 4 1
714 564 7 31 4 1
714 571 12 31 4 1
714 583 62 31 4 2
574 45 74 40 4 1
614 45 43 57 4 1
614 88 31 61 4 3
675 88 31 31 4 1
706 88 17 39 4 3
706 105 14 39 4 3
671 45 17 74 4 1
671 62 26 26 4 1
697 62 26 21 4 3
718 62 26 16 4 1
734 62 7 11 4 1
734 69 19 11 4 3
547 0 23 105 4 2
547 23 22 29 4 3
576 23 22 76 4 1
652 0 45 44 4 3
696 0 45 49 4 3
745 0 77 30 4 1
745 77 84 32 4 2
745 161 27 98 4 2
745 188 40 67 4 2
745 228 76 36 4 1
745 304 78 35 4 2
745 382 7 35 4 3
745 389 60 35 4 2
745 449 8 35 4 2
745 457 40 35 4 1
745 497 81 35 4 2
745 578 13 35 4 2
745 591 54 35 4 2
780 304 85 33 4 3
780 389 26 92 4 3
780 415 79 36 4 3
780 494 63 44 4 2
780 557 33 92 4 3
780 590 55 32 4 2
812 590 55 60 4 3
824 494 63 30 4 2
854 494 63 18 4 1
816 415 79 56 4 3
872 389 39 73 4 2
872 428 43 65 4 1
872 471 39 70 4 1
872 510 68 39 4 2
872 578 16 39 4 2
872 594 21 39 4 3
872 615 30 25 4 1
897 615 14 14 4 2
897 629 16 9 4 1
906 629 10 5 4 1
906 639 6 3 4 3
909 639 2 2 4 2
909 641 1 2 4 3
909 642 1 2 4 1
909 643 0 2 4 1
909 643 2 2 4 1
911 510 7 31 4 2
911 517 43 31 4 1
911 560 38 31 4 1
911 598 47 31 4 3
942 471 46 58 4 2
942 517 59 58 4 2
942 576 69 30 4 3
972 576 69 28 4 1
937 428 43 32 4 3
969 428 14 31 4 1
969 442 29 20 4 1
989 442 29 11 4 1
945 389 39 55 4 1
813 304 28 86 4 1
813 332 57 31 4 1
844 332 57 62 4 2
906 332 57 48 4 1
954 332 57 46 4 1
899 304 28 101 4 3
781 228 39 71 4 2
781 267 37 40 4 3
821 267 37 20 4 3
841 267 5 11 4 1
841 272 32 11 4 1
852 228 76 30 4 2
882 228 76 43 4 3
925 228 76 31 4 2
956 228 37 44 4 1
956 265 39 27 4 1
983 265 39 17 4 3
812 188 40 95 4 1
907 188 40 37 4 3
944 188 19 56 4 1
944 207 21 56 4 3
843 161 27 43 4 3
886 161 27 39 4 1
925 161 27 75 4 1
777 77 24 102 4 3
777 101 28 86 4 1
777 129 32 33 4 3
810 129 32 71 4 2
881 129 32 62 4 3
943 129 32 30 4 1
973 129 5 27 4 3
973 134 27 27 4 3
863 101 28 29 4 3
892 101 28 43 4 2
935 101 28 37 4 1
972 101 28 16 4 3
988 101 28 12 4 3
879 77 24 71 4 3
950 77 10 50 4 2
950 87 14 19 4 1
969 87 14 12 4 3
981 87 14 11 4 3
992 87 5 8 4 2
992 92 9 8 4 3
775 0 51 48 4 3
775 51 26 48 4 1
823 0 77 28 4 2
851 0 77 41 4 3
892 0 77 29 4 1
921 0 77 31 4 2
952 0 12 48 4 1
952 12 65 48 4 1
491 645 85 31 4 3
491 730 64 39 4 2
491 794 60 40 4 3
491 854 87 29 4 3
491 941 6 29 4 1
491 947 14 29 4 1
491 961 21 29 4 3
491 982 45 29 4 3
520 854 84 32 4 3
520 938 7 32 4 3
520 945 82 32 4 1
552 854 26 108 4 2
552 880 63 45 4 1
552 943 84 29 4 3
581 943 45 60 4 3
581 988 39 57 4 2
638 988 39 43 4 1
681 988 39 34 4 2
715 988 39 34 4 1
749 988 39 31 4 2
780 988 39 79 4 2
859 988 39 32 4 1
891 988 39 31 4 3
922 988 39 78 4 2
641 943 28 98 4 1
641 971 17 25 4 1
666 971 17 44 4 3
710 971 17 29 4 3
739 943 45 33 4 3
772 943 45 69 4 1
841 943 45 54 4 2
895 943 21 105 4 1
895 964 24 105 4 1
597 880 23 117 4 2
597 903 40 35 4 2
632 903 40 30 4 1
662 903 40 45 4 2
707 903 26 108 4 3
707 929 14 23 4 3
730 929 14 21 4 2
751 929 14 17 4 3
768 929 14 20 4 1
788 929 14 14 4 1
802 929 14 13 4 1
815 903 40 39 4 2
854 903 40 41 4 2
895 903 40 105 4 1
714 880 23 99 4 2
813 880 23 42 4 1
855 880 23 64 4 3
919 880 23 25 4 3
944 880 23 22 4 1
966 880 23 17 4 3
983 880 23 17 4 3
660 854 26 40 4 1
700 854 26 108 4 3
808 854 26 29 4 3
837 854 26 39 4 2
876 854 26 49 4 2
925 854 26 35 4 3
960 854 26 19 4 1
979 854 26 21 4 2
531 794 60 29 4 3
560 794 60 31 4 1
591 794 60 46 4 2
637 794 24 113 4 2
637 818 36 113 4 1
750 794 60 53 4 2
803 794 60 36 4 2
839 794 39 161 4 3
839 833 21 31 4 2
870 833 21 51 4 1
921 833 21 29 4 3
950 833 21 25 4 1
975 833 21 15 4 1
990 833 21 10 4 2
530 730 31 83 4 1
530 761 33 29 4 1
559 761 18 54 4 1
559 779 15 32 4 2
591 779 15 13 4 1
604 779 15 9 4 1
613 730 64 28 4 3
641 730 64 37 4 2
678 730 64 30 4 2
708 730 33 73 4 2
708 763 31 28 4 2
736 763 31 22 4 3
758 763 31 23 4 3
781 730 24 116 4 2
781 754 40 42 4 2
823 754 40 28 4 3
851 754 22 46 4 1
851 776 18 22 4 3
873 776 18 12 4 1
885 776 18 12 4 3
897 730 64 36 4 1
933 730 64 29 4 1
962 730 8 38 4 1
962 738 56 38 4 3
522 645 85 32 4 3
554 645 35 70 4 3
554 680 50 29 4 3
583 680 50 41 4 1
624 645 85 37 4 2
661 645 46 56 4 1
661 691 39 31 4 3
692 691 23 113 4 1
692 714 16 31 4 3
723 714 16 85 4 1
808 714 16 31 4 1
839 714 16 41 4 3
880 714 16 66 4 1
946 714 16 33 4 1
979 714 16 21 4 3
805 691 23 37 4 3
842 691 23 91 4 2
933 691 23 33 4 1
966 691 12 34 4 2
966 703 11 12 4 3
978 703 11 10 4 1
988 703 11 12 4 1
717 645 46 65 4 2
782 645 46 51 4 3
833 645 25 97 4 2
833 670 21 97 4 3
930 645 19 70 4 3
930 664 27 34 4 2
964 664 11 36 4 1
964 675 16 14 4 2
978 675 16 22 4 3
491 1027 52 50 4 3
491 1079 70 40 4 3
491 1149 11 40 4 2
491 1160 11 40 4 1
491 1171 103 40 4 3
491 1274 10 40 4 1
491 1284 126 40 4 2
531 1079 42 67 4 2
531 1121 86 30 4 3
531 1207 62 30 4 1
531 1269 77 30 4 2
531 1346 13 30 4 1
531 1359 51 30 4 1
561 1121 83 33 4 2
561 1204 74 38 4 3
561 1278 34 69 4 2
561 1312 64 43 4 3
561 1376 34 23 4 3
584 1376 19 20 4 3
584 1395 15 10 4 1
594 1395 15 10 4 2
604 1312 25 26 4 1
604 1337 73 26 4 3
630 1278 84 30 4 2
630 1362 48 30 4 3
660 1278 60 42 4 3
660 1338 72 29 4 3
689 1338 72 32 4 1
721 1338 72 36 4 1
757 1338 32 73 4 2
757 1370 40 99 4 1
856 1370 40 40 4 3
896 1370 22 104 4 3
896 1392 18 36 4 3
932 1392 18 44 4 2
976 1392 18 15 4 3
991 1392 3 9 4 1
991 1395 5 9 4 2
991 1400 10 9 4 3
830 1338 32 30 4 3
860 1338 32 45 4 1
905 1338 32 48 4 2
953 1338 32 47 4 3
702 1278 24 105 4 2
702 1302 36 28 4 2
730 1302 36 30 4 1
760 1302 36 25 4 1
785 1302 36 22 4 1
807 1278 60 55 4 2
862 1278 60 49 4 3
911 1278 60 28 4 1
939 1278 60 31 4 1
970 1278 22 30 4 3
970 1300 38 30 4 1
599 1204 74 30 4 3
629 1204 74 29 4 3
658 1204 74 30 4 3
688 1204 74 32 4 2
720 1204 74 43 4 1
763 1204 48 50 4 2
763 1252 26 34 4 1
797 1252 26 39 4 2
836 1252 26 32 4 2
868 1252 26 132 4 1
813 1204 48 34 4 2
847 1204 48 28 4 2
875 1204 48 125 4 1
594 1121 83 31 4 3
625 1121 83 29 4 2
654 1121 83 33 4 2
687 1121 30 81 4 3
687 1151 53 38 4 1
725 1151 53 29 4 3
754 1151 53 35 4 3
789 1151 29 85 4 1
789 1180 24 76 4 1
865 1180 24 37 4 2
902 1180 24 35 4 3
937 1180 24 23 4 2
960 1180 24 26 4 1
986 1180 24 14 4 2
874 1151 29 30 4 3
904 1151 29 31 4 3
935 1151 29 26 4 2
961 1151 29 39 4 3
768 1121 30 32 4 2
800 1121 30 30 4 3
830 1121 30 31 4 2
861 1121 30 64 4 2
925 1121 30 42 4 1
967 1121 30 33 4 2
598 1079 42 28 4 2
626 1079 42 29 4 1
655 1079 23 113 4 1
655 1102 19 30 4 3
685 1102 19 110 4 3
795 1102 19 53 4 2
848 1102 19 37 4 3
885 1102 19 29 4 2
914 1102 19 86 4 3
768 1079 23 77 4 2
845 1079 23 30 4 2
875 1079 23 41 4 2
916 1079 23 84 4 2
541 1027 52 67 4 2
608 1027 28 89 4 2
608 1055 24 89 4 2
697 1027 52 45 4 3
742 1027 52 57 4 3
799 1027 52 31 4 1
830 1027 52 38 4 2
868 1027 52 34 4 1
902 1027 52 44 4 2
946 1027 52 31 4 3
977 1027 52 23 4 2
0 645 29 87 4 2
0 674 52 54 4 1
0 726 34 54 4 2
0 760 86 31 4 3
0 846 72 31 4 2
0 918 55 31 4 2
0 973 41 31 4 2
0 1014 22 31 4 2
0 1036 31 31 4 2
0 1067 69 31 4 1
0 1136 93 31 4 3
0 1229 7 31 4 3
0 1236 63 31 4 2
0 1299 20 31 4 1
0 1319 47 31 4 2
0 1366 44 31 4 1
31 760 39 23 4 2
31 799 16 23 4 3
31 815 42 23 4 3
31 857 6 23 4 2
31 863 9 23 4 3
31 872 40 23 4 3
31 912 8 23 4 2
31 920 21 23 4 1
31 941 41 23 4 2
31 982 24 23 4 3
31 1006 18 23 4 2
31 1024 47 23 4 2
31 1071 37 23 4 3
31 1108 54 23 4 2
31 1162 52 23 4 2
31 1214 68 23 4 3
31 1282 9 23 4 2
31 1291 8 23 4 3
31 1299 11 23 4 1
31 1310 33 23 4 3
31 1343 5 23 4 2
31 1348 6 23 4 3
31 1354 56 23 4 1
54 674 37 33 4 3
54 711 43 33 4 3
54 754 7 33 4 1
54 761 65 33 4 1
54 826 17 33 4 3
54 843 17 33 4 3
54 860 7 33 4 3
54 867 27 33 4 3
54 894 94 33 4 2
54 988 7 33 4 1
54 995 43 33 4 2
54 1038 23 33 4 1
54 1061 7 33 4 3
54 1068 89 33 4 3
54 1157 84 33 4 2
54 1241 7 33 4 2
54 1248 7 33 4 1
54 1255 11 33 4 1
54 1266 70 33 4 2
54 1336 74 33 4 3
87 645 28 100 4 2
87 673 84 28 4 2
87 757 43 28 4 1
87 800 47 28 4 3
87 847 77 28 4 2
87 924 11 28 4 3
87 935 48 28 4 2
87 983 10 28 4 2
87 993 6 28 4 3
87 999 32 28 4 3
87 1031 6 28 4 2
87 1037 51 28 4 2
87 1088 64 28 4 1
87 1152 76 28 4 3
87 1228 83 28 4 3
87 1311 99 28 4 1
115 673 25 72 4 2
115 698 73 32 4 2
115 771 94 32 4 2
115 865 49 32 4 2
115 914 29 32 4 1
115 943 94 32 4 3
115 1037 64 32 4 3
115 1101 6 32 4 1
115 1107 20 32 4 3
115 1127 63 32 4 2
115 1190 66 32 4 3
115 1256 92 32 4 3
115 1348 28 32 4 1
115 1376 6 32 4 2
115 1382 28 32 4 2
147 698 106 40 4 1
147 804 66 40 4 2
147 870 105 40 4 3
147 975 58 40 4 1
147 1033 119 40 4 2
147 1152 39 40 4 1
147 1191 102 40 4 3
147 1293 26 40 4 2
147 1319 91 40 4 2
187 645 62 58 4 1
187 707 12 58 4 2
187 719 74 37 4 1
187 793 40 37 4 2
187 833 18 37 4 2
187 851 24 37 4 1
187 875 10 37 4 1
187 885 14 37 4 2
187 899 27 37 4 1
187 926 14 37 4 1
187 940 11 37 4 1
187 951 58 37 4 2
187 1009 34 37 4 1
187 1043 78 37 4 2
187 1121 10 37 4 2
187 1131 110 37 4 2
187 1241 108 37 4 1
187 1349 37 37 4 3
187 1386 24 18 4 1
205 1386 14 19 4 3
205 1400 10 12 4 2
217 1400 4 7 4 3
217 1404 6 4 4 3
221 1404 6 3 4 2
224 719 4 21 4 3
224 723 45 21 4 2
224 768 62 21 4 2
224 830 42 21 4 2
224 872 39 21 4 3
224 911 5 21 4 3
224 916 11 21 4 1
224 927 26 21 4 1
224 953 4 21 4 2
224 957 11 21 4 3
224 968 33 21 4 3
224 1001 8 21 4 2
224 1009 56 21 4 2
224 1065 8 21 4 2
224 1073 20 21 4 1
224 1093 4 21 4 1
224 1097 59 21 4 3
224 1156 16 21 4 3
224 1172 35 21 4 1
224 1207 13 21 4 3
224 1220 40 21 4 1
224 1260 5 21 4 2
224 1265 22 21 4 3
224 1287 7 21 4 3
224 1294 46 21 4 1
224 1340 70 21 4 2
245 645 37 74 4 2
245 682 63 40 4 2
245 745 10 40 4 1
245 755 27 40 4 3
245 782 55 40 4 2
245 837 114 40 4 2
245 951 118 40 4 3
245 1069 36 40 4 3
245 1105 81 40 4 1
245 1186 18 40 4 2
245 1204 10 40 4 2
245 1214 120 40 4 2
245 1334 76 40 4 2
285 682 84 28 4 3
285 766 13 28 4 2
285 779 64 28 4 1
285 843 7 28 4 1
285 850 83 28 4 2
285 933 11 28 4 1
285 944 7 28 4 2
285 951 29 28 4 3
285 980 47 28 4 3
285 1027 25 28 4 2
285 1052 74 28 4 3
285 1126 38 28 4 2
285 1164 60 28 4 1
285 1224 81 28 4 2
285 1305 53 28 4 2
285 1358 52 28 4 3
313 682 59 46 4 3
313 741 38 72 4 2
313 779 29 97 4 3
313 808 73 39 4 2
313 881 84 28 4 1
313 965 82 31 4 2
313 1047 84 33 4 2
313 1131 81 33 4 2
313 1212 73 33 4 1
313 1285 40 33 4 2
313 1325 11 33 4 1
313 1336 74 33 4 2
346 1047 87 32 4 3
346 1134 81 32 4 2
346 1215 74 37 4 1
346 1289 121 37 4 2
383 1215 37 27 4 2
383 1252 78 27 4 3
383 1330 16 27 4 3
383 1346 64 27 4 3
378 1134 81 32 4 2
378 1047 87 32 4 2
344 965 30 66 4 1
344 995 52 66 4 3
341 881 28 69 4 2
341 909 56 38 4 2
379 909 26 31 4 2
379 935 6 31 4 2
379 941 24 16 4 3
395 941 3 15 4 3
395 944 21 15 4 2
352 808 73 30 4 3
382 808 18 28 4 3
382 826 20 28 4 3
382 846 35 18 4 1
400 846 12 10 4 3
400 858 23 10 4 3
410 779 53 81 4 1
410 832 92 31 4 1
410 924 35 81 4 2
410 959 49 81 4 3
410 1008 52 53 4 2
410 1060 67 42 4 2
410 1127 67 36 4 3
410 1194 35 81 4 1
410 1229 41 81 4 3
410 1270 46 53 4 2
410 1316 25 53 4 3
410 1341 69 29 4 2
439 1341 25 24 4 1
439 1366 44 24 4 1
463 1270 84 28 4 2
463 1354 56 28 4 2
446 1127 36 45 4 1
446 1163 31 45 4 2
452 1060 67 39 4 2
463 1008 14 28 4 2
463 1022 38 28 4 2
441 832 92 50 4 1
385 741 38 32 4 2
417 741 38 29 4 2
446 741 38 45 4 1
359 682 59 32 4 3
391 682 21 100 4 2
391 703 38 100 4 1
319 645 37 60 4 2
379 645 37 49 4 3
428 645 37 63 4 3
0 0 65 41 3 1
0 65 93 32 3 1
0 158 81 32 3 2
0 239 62 32 3 3
0 301 66 32 3 1
32 158 73 40 3 3
32 231 136 40 3 2
72 158 93 31 3 1
72 251 24 112 3 2
72 275 38 112 3 1
72 313 54 72 3 1
144 313 22 40 3 3
144 335 32 40 3 1
184 251 116 29 3 1
213 251 116 29 3 1
242 251 116 29 3 3
271 251 60 44 3 2
271 311 56 42 3 2
313 311 56 45 3 1
358 311 56 46 3 3
404 311 56 33 3 3
437 311 18 90 3 2
437 329 38 48 3 1
485 329 38 26 3 3
511 329 5 16 3 3
511 334 33 16 3 2
315 251 60 33 3 1
348 251 60 30 3 2
378 251 60 35 3 1
413 251 60 53 3 2
466 251 60 61 3 2
103 158 53 52 3 3
103 211 40 52 3 1
155 158 93 30 3 2
185 158 25 110 3 1
185 183 30 98 3 2
185 213 38 36 3 2
221 213 38 47 3 2
268 213 38 49 3 2
317 213 38 103 3 1
420 213 38 58 3 3
478 213 10 49 3 3
478 223 28 27 3 1
505 223 28 22 3 3
283 183 30 116 3 1
399 183 30 54 3 3
453 183 30 74 3 2
295 158 25 35 3 2
330 158 25 73 3 3
403 158 25 124 3 2
32 65 93 31 3 3
63 65 93 34 3 2
97 65 49 52 3 2
97 114 44 32 3 3
129 114 44 39 3 1
168 114 22 112 3 2
168 136 22 29 3 2
197 136 22 30 3 1
227 136 22 95 3 3
322 136 22 85 3 1
407 136 22 29 3 1
436 136 22 58 3 1
494 136 22 16 3 1
510 136 22 11 3 1
521 136 13 6 3 1
521 149 2 6 3 1
521 151 7 6 3 3
280 114 22 104 3 3
384 114 22 41 3 2
425 114 22 49 3 2
474 114 11 53 3 1
474 125 11 15 3 3
489 125 11 14 3 2
503 125 11 14 3 3
517 125 11 6 3 3
523 125 11 4 3 2
149 65 49 34 3 1
183 65 49 35 3 2
218 65 49 29 3 3
247 65 30 85 3 2
247 95 19 37 3 3
284 95 19 46 3 1
330 95 19 31 3 2
361 95 19 110 3 3
471 95 19 19 3 2
490 95 19 16 3 1
506 95 19 12 3 3
518 95 19 9 3 3
332 65 30 94 3 1
426 65 30 41 3 2
467 65 30 60 3 3
41 0 65 29 3 1
70 0 65 29 3 2
99 0 28 89 3 3
99 28 37 89 3 1
188 0 65 40 3 1
228 0 34 86 3 2
228 34 31 30 3 2
258 34 31 29 3 3
287 34 6 27 3 2
287 40 25 17 3 3
304 40 25 10 3 1
314 0 65 40 3 1
354 0 65 29 3 1
383 0 65 32 3 2
415 0 65 37 3 1
452 0 65 34 3 3
486 0 65 41 3 3
0 367 28 96 3 2
0 395 65 41 3 3
0 460 27 41 3 2
0 487 97 41 3 3
0 584 151 41 3 2
41 395 79 55 3 3
41 474 73 55 3 1
41 547 85 33 3 3
41 632 103 33 3 2
74 547 42 22 3 2
74 589 56 22 3 2
74 645 90 22 3 1
96 367 63 42 3 3
96 430 24 42 3 1
96 454 106 42 3 2
96 560 106 42 3 1
96 666 69 42 3 1
138 367 85 31 3 2
138 452 48 62 3 3
138 500 65 40 3 2
138 565 13 40 3 2
138 578 98 40 3 2
138 676 59 40 3 1
178 500 24 104 3 1
178 524 76 36 3 3
178 600 85 31 3 3
178 685 33 31 3 3
178 718 8 31 3 2
178 726 9 15 3 1
193 726 9 7 3 1
200 726 2 9 3 3
200 728 7 9 3 3
209 600 73 34 3 3
209 673 62 35 3 2
244 673 62 38 3 3
243 600 73 39 3 3
214 524 17 68 3 3
214 541 59 40 3 2
254 541 9 28 3 3
254 550 6 28 3 2
254 556 7 28 3 3
254 563 37 28 3 3
282 500 89 34 3 3
282 589 82 34 3 1
282 671 64 34 3 3
316 500 60 41 3 2
316 560 30 83 3 1
316 590 76 39 3 2
316 666 69 37 3 2
353 666 69 42 3 3
395 666 30 132 3 2
395 696 39 38 3 1
433 696 39 34 3 2
467 696 39 31 3 1
498 696 7 29 3 1
498 703 32 18 3 2
516 703 9 11 3 1
516 712 23 11 3 1
355 590 76 30 3 3
385 590 76 32 3 2
417 590 76 41 3 2
458 590 76 45 3 2
503 590 76 24 3 3
399 560 30 34 3 2
433 560 19 94 3 2
433 579 11 34 3 1
467 579 11 16 3 3
483 579 11 14 3 2
497 579 11 13 3 2
510 579 11 8 3 1
518 579 11 9 3 2
357 500 60 32 3 2
389 500 60 49 3 1
438 500 60 34 3 1
472 500 60 55 3 1
200 452 48 30 3 1
230 452 48 30 3 3
260 452 48 44 3 3
304 452 48 35 3 2
339 452 48 38 3 1
377 452 48 83 3 3
460 452 48 40 3 2
500 452 48 27 3 2
169 367 30 95 3 2
169 397 34 87 3 1
169 431 21 44 3 3
213 431 21 31 3 2
244 431 21 31 3 1
275 431 21 54 3 2
329 431 21 32 3 2
361 431 21 34 3 1
395 431 21 30 3 3
425 431 21 31 3 1
456 431 21 71 3 3
256 397 34 29 3 2
285 397 34 40 3 2
325 397 34 38 3 2
363 397 34 41 3 2
404 397 34 123 3 3
264 367 30 36 3 3
300 367 30 31 3 3
331 367 30 30 3 3
361 367 30 97 3 2
458 367 30 29 3 1
487 367 30 40 3 3
527 0 52 58 3 2
527 52 23 116 3 1
527 75 36 75 3 3
527 111 90 30 3 2
527 201 85 30 3 1
527 286 80 30 3 3
527 366 53 30 3 3
527 419 38 30 3 1
527 457 60 30 3 1
527 517 87 30 3 2
527 604 9 30 3 2
527 613 68 30 3 1
527 681 14 30 3 1
527 695 40 30 3 3
557 111 133 45 3 3
557 244 127 45 3 3
557 371 128 45 3 3
557 499 11 45 3 2
557 510 61 45 3 2
557 571 164 45 3 3
602 75 85 34 3 3
602 160 12 34 3 1
602 172 102 34 3 1
602 274 72 34 3 2
602 346 20 34 3 3
602 366 10 34 3 1
602 376 102 34 3 3
602 478 8 34 3 3
602 486 102 34 3 3
602 588 147 34 3 3
636 75 51 127 3 1
636 126 89 31 3 1
636 215 83 31 3 3
636 298 69 31 3 1
636 367 17 31 3 1
636 384 48 31 3 2
636 432 62 31 3 3
636 494 39 31 3 2
636 533 7 31 3 2
636 540 72 31 3 1
636 612 8 31 3 3
636 620 115 31 3 2
667 126 86 30 3 2
667 212 64 45 3 3
667 276 75 39 3 3
667 351 80 35 3 3
667 431 24 35 3 2
667 455 91 35 3 2
667 546 52 35 3 2
667 598 8 35 3 2
667 606 12 35 3 2
667 618 9 35 3 3
667 627 50 35 3 2
667 677 58 35 3 3
702 351 87 61 3 2
702 438 92 31 3 1
702 530 29 31 3 3
702 559 17 31 3 1
702 576 42 31 3 2
702 618 36 31 3 2
702 654 8 31 3 2
702 662 73 31 3 2
733 438 78 30 3 2
733 516 46 30 3 2
733 562 16 30 3 1
733 578 8 30 3 3
733 586 14 30 3 3
733 600 89 30 3 3
733 689 46 30 3 3
706 276 75 57 3 1
712 212 64 31 3 3
743 212 64 20 3 3
697 126 86 39 3 1
736 126 20 27 3 1
736 146 66 27 3 3
643 52 23 120 3 1
585 0 52 50 3 3
635 0 52 128 3 2
763 0 81 36 3 1
763 81 46 36 3 2
763 127 78 36 3 1
763 205 15 36 3 1
763 220 107 36 3 1
763 327 103 36 3 1
763 430 108 36 3 3
763 538 18 36 3 3
763 556 108 36 3 1
763 664 7 36 3 1
763 671 64 36 3 1
799 0 25 99 3 2
799 25 81 31 3 3
799 106 92 31 3 3
799 198 43 31 3 1
799 241 75 31 3 2
799 316 17 31 3 1
799 333 91 31 3 3
799 424 16 31 3 2
799 440 44 31 3 2
799 484 24 31 3 1
799 508 43 31 3 3
799 551 93 31 3 1
799 644 91 31 3 2
830 25 40 72 3 3
830 65 52 72 3 1
830 117 83 32 3 2
830 200 69 32 3 2
830 269 95 32 3 2
830 364 6 32 3 1
830 370 93 32 3 3
830 463 20 32 3 2
830 483 95 32 3 3
830 578 63 32 3 1
830 641 10 32 3 2
830 651 84 32 3 3
862 117 66 40 3 1
862 183 9 40 3 3
862 192 118 40 3 2
862 310 98 40 3 1
862 408 38 40 3 2
862 446 23 40 3 3
862 469 98 40 3 3
862 567 9 40 3 3
862 576 22 40 3 3
862 598 137 40 3 2
902 25 45 54 3 1
902 70 82 31 3 1
902 152 41 54 3 2
902 193 42 54 3 2
902 235 110 54 3 3
902 345 83 31 3 3
902 428 67 31 3 1
902 495 28 31 3 2
902 523 67 31 3 2
902 590 29 31 3 3
902 619 7 31 3 1
902 626 10 31 3 3
902 636 99 31 3 2
933 345 25 23 3 3
933 370 48 23 3 1
933 418 40 23 3 3
933 458 19 23 3 1
933 477 26 23 3 3
933 503 62 23 3 3
933 565 67 23 3 2
933 632 15 23 3 1
933 647 36 23 3 2
933 683 52 23 3 1
933 70 82 23 3 1
956 25 70 44 3 2
956 95 76 44 3 1
956 171 68 44 3 3
956 239 132 44 3 3
956 371 102 44 3 3
956 473 26 44 3 3
956 499 126 44 3 1
956 625 59 44 3 1
956 684 51 44 3 1
898 0 25 102 3 1
527 735 79 35 3 2
527 814 99 35 3 2
527 913 105 35 3 1
527 1018 19 35 3 3
527 1037 70 35 3 1
562 735 63 44 3 1
562 798 25 110 3 1
562 823 68 39 3 1
562 891 66 39 3 2
562 957 44 39 3 3
562 1001 57 39 3 3
562 1058 49 39 3 3
601 891 62 71 3 1
601 953 31 71 3 3
601 984 79 31 3 3
601 1063 13 31 3 1
601 1076 9 31 3 3
601 1085 22 15 3 1
616 1085 22 16 3 2
632 984 51 40 3 1
632 1035 72 40 3 1
601 823 24 71 3 2
601 847 44 33 3 2
634 847 44 38 3 1
672 798 71 34 3 2
672 869 65 34 3 1
672 934 15 34 3 3
672 949 70 34 3 2
672 1019 10 34 3 1
672 1029 78 34 3 3
706 798 81 37 3 3
706 879 72 37 3 3
706 951 89 37 3 3
706 1040 67 37 3 2
743 798 86 31 3 1
743 884 20 31 3 3
743 904 76 31 3 2
743 980 8 31 3 1
743 988 78 31 3 2
743 1066 7 31 3 3
743 1073 34 31 3 3
774 798 84 32 3 3
774 882 43 32 3 1
774 925 71 32 3 3
774 996 60 32 3 3
774 1056 51 32 3 3
806 798 23 117 3 1
806 821 47 61 3 2
806 868 66 44 3 1
806 934 173 44 3 3
850 868 80 31 3 2
850 948 43 66 3 1
850 991 42 60 3 1
850 1033 74 32 3 2
882 1033 74 28 3 2
910 991 116 32 3 2
942 991 116 33 3 2
975 991 34 25 3 2
975 1025 82 25 3 1
916 948 43 84 3 3
881 868 31 119 3 2
881 899 49 44 3 1
925 899 49 37 3 1
962 899 14 38 3 3
962 913 35 38 3 1
867 821 47 59 3 2
926 821 47 47 3 3
973 821 19 27 3 2
973 840 18 27 3 3
973 858 10 10 3 3
983 858 4 17 3 3
983 862 6 6 3 3
989 862 6 5 3 1
994 862 3 6 3 2
994 865 1 6 3 2
994 866 2 2 3 2
996 866 2 2 3 3
998 866 2 1 3 1
999 866 1 1 3 1
999 867 1 1 3 2
923 798 23 27 3 1
950 798 12 50 3 2
950 810 11 15 3 1
965 810 11 16 3 3
981 810 11 10 3 1
991 810 11 9 3 2
606 735 24 121 3 3
606 759 39 29 3 1
635 759 39 92 3 1
727 735 63 36 3 1
763 735 63 42 3 1
805 735 63 64 3 3
869 735 63 37 3 2
906 735 63 49 3 2
955 735 10 45 3 2
955 745 53 45 3 3
527 1107 38 70 3 3
527 1145 84 33 3 2
527 1229 29 103 3 3
527 1258 90 30 3 3
527 1348 132 31 3 1
558 1348 84 30 3 1
558 1432 48 47 3 1
605 1432 48 40 3 2
645 1432 48 79 3 3
724 1432 22 111 3 2
724 1454 26 49 3 3
773 1454 26 26 3 1
799 1454 17 36 3 3
799 1471 9 12 3 1
811 1471 9 11 3 1
822 1471 9 13 3 1
835 1432 48 32 3 3
867 1432 48 29 3 2
896 1432 48 104 3 3
588 1348 32 79 3 1
588 1380 52 40 3 2
628 1380 52 39 3 3
667 1348 38 68 3 3
667 1386 46 31 3 3
698 1386 46 88 3 2
786 1386 46 65 3 2
851 1386 46 72 3 2
923 1386 46 44 3 3
967 1386 46 33 3 1
735 1348 38 80 3 1
815 1348 38 32 3 2
847 1348 38 35 3 2
882 1348 38 44 3 3
926 1348 38 74 3 3
557 1258 40 74 3 3
557 1298 50 30 3 1
587 1298 50 44 3 3
631 1258 41 60 3 1
631 1299 21 60 3 2
631 1320 28 60 3 3
691 1258 46 57 3 1
691 1304 44 34 3 3
725 1304 44 80 3 3
805 1304 44 39 3 3
844 1304 44 156 3 1
748 1258 46 80 3 2
828 1258 46 45 3 1
873 1258 46 82 3 1
955 1258 19 45 3 1
955 1277 27 22 3 2
977 1277 27 23 3 1
630 1229 29 31 3 2
661 1229 29 68 3 3
729 1229 29 109 3 2
838 1229 29 30 3 2
868 1229 29 132 3 3
560 1145 32 93 3 1
560 1177 52 35 3 3
595 1177 12 58 3 3
595 1189 22 58 3 2
595 1211 18 19 3 1
614 1211 18 16 3 1
630 1211 18 23 3 2
653 1145 34 74 3 1
653 1179 50 74 3 1
727 1145 84 30 3 3
757 1145 37 70 3 3
757 1182 47 45 3 3
802 1182 23 25 3 1
802 1205 24 14 3 2
816 1205 24 11 3 3
827 1145 35 173 3 3
827 1180 49 38 3 3
865 1180 49 31 3 3
896 1180 49 42 3 2
938 1180 19 62 3 2
938 1199 15 62 3 3
938 1214 15 21 3 1
959 1214 15 17 3 3
976 1214 15 24 3 1
597 1107 38 41 3 3
638 1107 38 30 3 3
668 1107 38 31 3 3
699 1107 38 69 3 3
768 1107 38 30 3 1
798 1107 38 30 3 2
828 1107 38 30 3 3
858 1107 38 32 3 3
890 1107 38 65 3 2
955 1107 13 45 3 1
955 1120 25 45 3 2
0 735 40 65 3 3
0 775 91 32 3 3
0 866 87 33 3 3
0 953 64 33 3 3
0 1017 59 33 3 1
0 1076 98 33 3 3
0 1174 47 33 3 2
0 1221 91 33 3 1
0 1312 99 33 3 2
0 1411 69 33 3 2
33 866 41 32 3 2
33 907 16 32 3 1
33 923 85 32 3 2
33 1008 25 32 3 1
33 1033 94 32 3 1
33 1127 28 32 3 3
33 1155 6 32 3 1
33 1161 71 32 3 3
33 1232 89 32 3 1
33 1321 27 32 3 2
33 1348 12 32 3 1
33 1360 9 32 3 2
33 1369 56 32 3 3
33 1425 55 32 3 3
32 775 30 33 3 3
32 805 61 33 3 2
65 735 86 29 3 3
65 821 31 94 3 2
65 852 91 32 3 2
65 943 91 32 3 1
65 1034 59 44 3 2
65 1093 54 94 3 1
65 1147 94 32 3 3
65 1241 53 94 3 2
65 1294 19 94 3 3
65 1313 23 94 3 1
65 1336 72 37 3 2
65 1408 72 39 3 1
104 1408 72 31 3 1
135 1408 16 24 3 1
135 1424 6 24 3 1
135 1430 50 24 3 1
102 1336 72 57 3 3
97 1147 94 38 3 3
135 1147 24 24 3 2
135 1171 70 24 3 3
109 1034 23 50 3 2
109 1057 36 27 3 2
136 1057 12 23 3 3
136 1069 24 14 3 1
150 1069 6 9 3 2
150 1075 18 9 3 2
97 943 91 36 3 3
133 943 91 26 3 2
97 852 91 35 3 1
132 852 27 27 3 2
132 879 64 27 3 2
159 821 89 32 3 3
159 910 13 32 3 3
159 923 57 32 3 1
159 980 84 32 3 3
159 1064 45 32 3 3
159 1109 61 32 3 3
159 1170 85 32 3 2
159 1255 95 32 3 3
159 1350 13 32 3 1
159 1363 64 32 3 3
159 1427 53 32 3 2
191 821 78 31 3 1
191 899 54 31 3 3
191 953 93 31 3 1
191 1046 7 31 3 2
191 1053 25 31 3 2
191 1078 50 31 3 1
191 1128 16 31 3 1
191 1144 12 31 3 2
191 1156 92 31 3 1
191 1248 92 31 3 3
191 1340 92 31 3 3
191 1432 48 31 3 1
222 821 63 41 3 2
222 884 79 41 3 3
222 963 114 41 3 2
222 1077 122 41 3 3
222 1199 25 41 3 1
222 1224 111 41 3 1
222 1335 27 41 3 2
222 1362 118 41 3 3
94 735 86 29 3 2
123 735 29 86 3 1
123 764 17 86 3 2
123 781 40 86 3 2
209 735 86 33 3 1
242 735 32 21 3 2
242 767 54 21 3 3
263 735 69 36 3 2
263 804 59 42 3 3
263 863 126 42 3 1
263 989 26 42 3 2
263 1015 21 42 3 2
263 1036 119 42 3 2
263 1155 108 42 3 3
263 1263 118 42 3 1
263 1381 99 42 3 3
305 804 79 32 3 1
305 883 59 48 3 3
305 942 123 48 3 3
305 1065 81 31 3 2
305 1146 93 31 3 1
305 1239 92 31 3 3
305 1331 11 31 3 2
305 1342 43 31 3 2
305 1385 32 31 3 3
305 1417 63 31 3 1
336 1065 50 17 3 1
336 1115 10 17 3 1
336 1125 44 17 3 3
336 1169 41 17 3 2
336 1210 32 17 3 1
336 1242 43 17 3 3
336 1285 37 17 3 3
336 1322 31 17 3 1
336 1353 28 17 3 3
336 1381 34 17 3 3
336 1415 65 17 3 3
353 883 64 43 3 2
353 947 51 43 3 1
353 998 58 43 3 3
353 1056 119 43 3 1
353 1175 35 43 3 3
353 1210 129 43 3 3
353 1339 12 43 3 3
353 1351 18 43 3 3
353 1369 111 43 3 1
396 883 35 131 3 2
396 918 71 35 3 3
396 989 75 35 3 1
396 1064 95 35 3 1
396 1159 10 35 3 3
396 1169 31 35 3 1
396 1200 75 35 3 2
396 1275 83 35 3 1
396 1358 122 35 3 1
431 918 79 32 3 2
431 997 54 32 3 1
431 1051 7 32 3 3
431 1058 57 32 3 1
431 1115 34 32 3 3
431 1149 45 32 3 1
431 1194 12 32 3 1
431 1206 86 32 3 2
431 1292 24 32 3 2
431 1316 66 32 3 3
431 1382 98 32 3 1
463 918 78 32 3 1
463 996 13 64 3 2
463 1009 83 31 3 3
463 1092 49 31 3 3
463 1141 15 31 3 1
463 1156 75 31 3 3
463 1231 56 31 3 2
463 1287 88 31 3 1
463 1375 105 31 3 1
494 1009 89 33 3 2
494 1098 15 33 3 2
494 1113 7 33 3 1
494 1120 61 33 3 2
494 1181 7 33 3 3
494 1188 97 33 3 2
494 1285 92 33 3 3
494 1377 44 33 3 1
494 1421 59 33 3 3
495 918 17 32 3 3
495 935 32 32 3 3
495 967 29 32 3 3
337 804 79 44 3 1
381 804 79 49 3 3
430 804 28 97 3 2
430 832 51 97 3 2
299 735 69 35 3 3
334 735 69 46 3 2
380 735 69 48 3 1
428 735 69 29 3 1
457 735 69 36 3 2
493 735 69 34 3 1
0 0 63 60 2 1
0 63 85 46 2 1
0 148 105 46 2 2
0 253 113 46 2 1
0 366 63 46 2 2
0 429 84 46 2 1
0 513 73 46 2 3
46 63 94 40 2 3
46 157 70 40 2 3
46 227 14 40 2 1
46 241 10 40 2 3
46 251 55 40 2 1
46 306 34 40 2 2
46 340 51 40 2 2
46 391 42 40 2 3
46 433 153 40 2 1
86 63 81 47 2 2
86 144 43 77 2 2
86 187 72 51 2 2
86 259 35 51 2 1
86 294 27 51 2 3
86 321 30 51 2 1
86 351 116 51 2 3
86 467 119 51 2 2
137 187 57 26 2 1
137 244 45 26 2 2
137 289 43 26 2 1
137 332 67 26 2 2
137 399 75 26 2 3
137 474 71 26 2 1
137 545 41 26 2 3
163 144 98 41 2 2
163 242 74 52 2 3
163 316 13 52 2 3
163 329 10 52 2 2
163 339 38 52 2 3
163 377 109 52 2 1
163 486 100 52 2 1
215 242 104 38 2 2
215 346 66 38 2 2
215 412 64 38 2 3
215 476 38 38 2 2
215 514 25 38 2 1
215 539 47 38 2 2
253 242 99 38 2 2
253 341 107 36 2 3
253 448 63 36 2 3
253 511 13 36 2 1
253 524 62 36 2 2
289 341 83 48 2 3
289 424 36 48 2 3
289 460 79 48 2 1
289 539 47 28 2 2
317 539 5 20 2 3
317 544 26 20 2 2
317 570 16 20 2 1
337 341 71 47 2 3
337 412 94 47 2 1
337 506 9 47 2 2
337 515 10 47 2 2
337 525 61 47 2 2
384 341 55 68 2 2
384 396 14 68 2 2
384 410 89 41 2 2
384 499 37 68 2 1
384 536 50 68 2 3
425 410 58 27 2 2
425 468 31 27 2 2
452 341 37 35 2 2
452 378 24 35 2 2
452 402 97 35 2 1
452 499 87 35 2 2
291 242 99 49 2 1
340 242 54 147 2 1
340 296 45 53 2 1
393 296 45 37 2 1
430 296 45 31 2 3
461 296 6 26 2 1
461 302 16 26 2 1
461 318 23 16 2 2
477 318 11 10 2 2
477 329 12 6 2 3
483 329 12 4 2 1
204 144 51 64 2 2
204 195 47 37 2 1
241 195 47 37 2 1
278 195 47 43 2 1
321 195 47 41 2 3
362 195 47 75 2 3
437 195 47 50 2 2
268 144 51 34 2 3
302 144 51 52 2 1
354 144 51 35 2 2
389 144 21 98 2 2
389 165 30 52 2 3
441 165 13 46 2 2
441 178 17 16 2 2
457 178 17 13 2 2
470 178 17 17 2 3
133 63 81 34 2 2
167 63 35 100 2 1
167 98 46 36 2 2
203 98 46 34 2 2
237 98 46 114 2 2
351 98 46 58 2 3
409 98 46 78 2 1
267 63 35 37 2 2
304 63 35 183 2 1
60 0 63 37 2 3
97 0 63 80 2 2
177 0 40 96 2 2
177 40 23 57 2 2
234 40 23 39 2 1
273 40 23 37 2 3
310 40 23 38 2 1
348 40 23 139 2 1
273 0 40 46 2 1
319 0 40 43 2 2
362 0 40 125 2 3
0 586 63 59 2 2
0 649 109 59 2 3
0 758 14 59 2 3
0 772 57 59 2 2
0 829 90 37 2 1
0 919 110 37 2 2
0 1029 54 37 2 1
0 1083 89 37 2 2
37 829 10 22 2 1
37 839 5 22 2 3
37 844 60 22 2 1
37 904 33 22 2 2
37 937 21 22 2 3
37 958 28 22 2 1
37 986 63 22 2 2
37 1049 8 22 2 3
37 1057 15 22 2 1
37 1072 38 22 2 2
37 1110 27 22 2 3
37 1137 11 22 2 2
37 1148 8 22 2 3
37 1156 16 11 2 1
48 1156 16 11 2 1
59 586 83 45 2 2
59 669 31 123 2 2
59 700 31 123 2 2
59 731 101 34 2 3
59 832 88 38 2 2
59 920 83 39 2 2
59 1003 74 39 2 2
59 1077 17 39 2 2
59 1094 48 39 2 3
59 1142 17 39 2 1
59 1159 13 39 2 2
98 920 76 84 2 1
98 996 45 84 2 2
98 1041 131 34 2 3
132 1041 131 50 2 3
97 832 88 39 2 1
136 832 88 46 2 2
93 731 101 34 2 2
127 731 101 35 2 1
162 731 35 20 2 1
162 766 66 20 2 3
182 669 93 36 2 1
182 762 82 43 2 3
182 844 69 51 2 1
182 913 133 51 2 2
182 1046 126 51 2 2
233 844 108 36 2 1
233 952 94 37 2 3
233 1046 45 84 2 2
233 1091 81 44 2 1
277 1091 81 37 2 1
314 1091 81 37 2 1
351 1091 81 36 2 2
387 1091 81 35 2 3
422 1091 81 65 2 2
317 1046 45 36 2 1
353 1046 45 134 2 1
270 952 55 62 2 2
270 1007 39 56 2 3
326 1007 39 34 2 1
360 1007 39 79 2 2
439 1007 39 31 2 2
470 1007 39 17 2 2
332 952 55 41 2 1
373 952 55 45 2 2
418 952 55 43 2 2
461 952 8 26 2 2
461 960 16 26 2 1
461 976 31 26 2 2
269 844 32 123 2 3
269 876 76 67 2 2
336 876 31 56 2 2
336 907 17 56 2 3
336 924 28 56 2 3
392 844 108 37 2 2
429 844 14 58 2 1
429 858 94 38 2 3
467 858 33 20 2 2
467 891 11 20 2 1
467 902 50 20 2 1
225 762 27 133 2 2
225 789 55 40 2 1
265 789 31 112 2 2
265 820 24 34 2 3
299 820 24 36 2 3
335 820 24 152 2 1
377 789 31 42 2 1
419 789 31 27 2 3
446 789 9 41 2 1
446 798 22 41 2 3
358 762 27 41 2 1
399 762 27 88 2 3
218 669 93 60 2 2
278 669 60 66 2 3
278 729 33 57 2 1
335 729 33 33 2 1
368 729 33 37 2 1
405 729 33 37 2 2
442 729 33 23 2 1
465 729 33 22 2 2
344 669 29 143 2 1
344 698 31 34 2 3
378 698 31 41 2 3
419 698 31 68 2 2
104 586 83 39 2 3
143 586 83 36 2 3
179 586 83 37 2 1
216 586 54 64 2 1
216 640 29 35 2 2
251 640 29 114 2 2
365 640 29 53 2 3
418 640 29 69 2 1
280 586 54 60 2 2
340 586 54 42 2 3
382 586 54 34 2 3
416 586 54 33 2 2
449 586 54 38 2 3
487 0 51 65 2 1
487 51 57 68 2 3
487 108 89 68 2 1
487 197 80 41 2 1
487 277 91 38 2 3
487 368 72 38 2 1
487 440 74 38 2 2
487 514 105 38 2 3
487 619 43 38 2 3
487 662 9 38 2 3
487 671 111 38 2 2
487 782 111 38 2 3
487 893 17 38 2 2
487 910 112 38 2 2
487 1022 150 38 2 3
525 277 90 30 2 1
525 367 22 30 2 1
525 389 88 30 2 1
525 477 31 30 2 3
525 508 8 30 2 1
525 516 14 30 2 1
525 530 89 30 2 3
525 619 53 30 2 2
525 672 65 30 2 2
525 737 88 30 2 1
525 825 42 30 2 2
525 867 46 30 2 2
525 913 28 30 2 2
525 941 69 30 2 3
525 1010 18 30 2 1
525 1028 7 30 2 1
525 1035 55 30 2 1
525 1090 82 30 2 3
528 197 80 27 2 2
555 51 58 62 2 1
555 109 58 65 2 2
555 167 53 65 2 2
555 220 62 65 2 3
555 282 101 37 2 3
555 383 100 37 2 3
555 483 8 37 2 3
555 491 38 37 2 2
555 529 85 37 2 3
555 614 105 37 2 2
555 719 11 37 2 3
555 730 9 37 2 2
555 739 110 37 2 3
555 849 11 37 2 2
555 860 89 37 2 3
555 949 29 37 2 2
555 978 110 37 2 3
555 1088 84 37 2 3
592 282 28 28 2 3
592 310 60 28 2 1
592 370 7 28 2 2
592 377 44 28 2 3
592 421 20 28 2 3
592 441 37 28 2 2
592 478 81 28 2 2
592 559 57 28 2 1
592 616 83 28 2 3
592 699 84 28 2 3
592 783 72 28 2 1
592 855 76 28 2 1
592 931 23 28 2 1
592 954 83 28 2 2
592 1037 36 28 2 1
592 1073 6 28 2 3
592 1079 93 28 2 3
620 109 95 39 2 1
620 204 110 39 2 3
620 314 48 39 2 1
620 362 84 39 2 2
620 446 108 39 2 3
620 554 43 39 2 1
620 597 72 39 2 2
620 669 20 39 2 2
620 689 12 39 2 2
620 701 9 39 2 3
620 710 11 39 2 1
620 721 9 39 2 3
620 730 98 39 2 3
620 828 13 39 2 1
620 841 102 39 2 1
620 943 106 39 2 2
620 1049 123 39 2 2
659 109 27 84 2 3
659 136 85 42 2 3
659 221 122 42 2 1
659 343 109 42 2 1
659 452 10 42 2 3
659 462 46 42 2 3
659 508 101 42 2 1
659 609 10 42 2 2
659 619 46 42 2 3
659 665 9 42 2 2
659 674 51 42 2 3
659 725 10 42 2 1
659 735 126 42 2 3
659 861 9 42 2 1
659 870 95 42 2 2
659 965 113 42 2 1
659 1078 18 42 2 3
659 1096 76 42 2 3
701 136 121 42 2 2
701 257 73 42 2 2
701 330 95 42 2 2
701 425 36 42 2 3
701 461 93 42 2 2
701 554 113 42 2 1
701 667 13 42 2 2
701 680 106 42 2 2
701 786 84 42 2 3
701 870 125 42 2 1
701 995 177 42 2 3
617 51 58 35 2 2
652 51 30 91 2 1
652 81 28 91 2 2
552 0 51 44 2 1
596 0 51 53 2 1
649 0 51 59 2 1
708 0 27 35 2 1
708 27 24 35 2 3
743 0 106 36 2 2
743 106 7 36 2 2
743 113 9 36 2 1
743 122 90 36 2 2
743 212 7 36 2 1
743 219 16 36 2 2
743 235 10 36 2 3
743 245 9 36 2 2
743 254 10 36 2 1
743 264 89 36 2 3
743 353 64 36 2 2
743 417 15 36 2 2
743 432 107 36 2 2
743 539 24 36 2 2
743 563 108 36 2 2
743 671 19 36 2 1
743 690 8 36 2 2
743 698 15 36 2 2
743 713 106 36 2 1
743 819 9 36 2 3
743 828 108 36 2 3
743 936 95 36 2 3
743 1031 141 36 2 3
779 0 84 40 2 2
779 84 8 40 2 2
779 92 85 40 2 1
779 177 71 40 2 3
779 248 75 40 2 2
779 323 102 40 2 2
779 425 77 40 2 1
779 502 68 40 2 1
779 570 42 40 2 2
779 612 8 40 2 2
779 620 112 40 2 2
779 732 17 40 2 2
779 749 72 40 2 3
779 821 118 40 2 1
779 939 119 40 2 1
779 1058 25 40 2 1
779 1083 48 40 2 1
779 1131 41 40 2 3
819 0 92 42 2 1
819 92 55 69 2 3
819 147 98 33 2 3
819 245 35 33 2 3
819 280 90 33 2 3
819 370 8 33 2 3
819 378 22 33 2 3
819 400 24 33 2 1
819 424 28 33 2 3
819 452 55 33 2 3
819 507 49 33 2 3
819 556 8 33 2 1
819 564 8 33 2 2
819 572 49 33 2 3
819 621 90 33 2 2
819 711 34 33 2 1
819 745 95 33 2 1
819 840 32 33 2 3
819 872 82 33 2 2
819 954 7 33 2 3
819 961 30 33 2 1
819 991 89 33 2 1
819 1080 13 33 2 2
819 1093 15 33 2 2
819 1108 64 33 2 3
852 147 62 36 2 3
852 209 57 36 2 3
852 266 39 36 2 3
852 305 19 36 2 1
852 324 71 36 2 1
852 395 26 36 2 2
852 421 64 36 2 1
852 485 106 36 2 2
852 591 87 36 2 1
852 678 46 36 2 1
852 724 53 36 2 2
852 777 34 36 2 2
852 811 7 36 2 2
852 818 13 36 2 1
852 831 14 36 2 3
852 845 15 36 2 2
852 860 31 36 2 1
852 891 80 36 2 2
852 971 73 36 2 2
852 1044 38 36 2 1
852 1082 13 36 2 3
852 1095 77 36 2 1
888 92 68 49 2 2
888 160 57 49 2 1
888 217 128 49 2 2
888 345 140 49 2 3
888 485 11 49 2 1
888 496 147 49 2 3
888 643 10 49 2 3
888 653 21 49 2 2
888 674 33 49 2 1
888 707 19 49 2 3
888 726 112 49 2 3
888 838 29 49 2 1
888 867 131 49 2 1
888 998 20 49 2 2
888 1018 154 49 2 3
937 92 79 63 2 1
937 171 73 63 2 1
937 244 14 63 2 3
937 258 91 36 2 3
937 349 32 36 2 1
937 381 12 36 2 3
937 393 50 36 2 3
937 443 10 36 2 3
937 453 7 36 2 3
937 460 93 36 2 1
937 553 48 36 2 2
937 601 9 36 2 1
937 610 91 36 2 3
937 701 38 36 2 1
937 739 51 36 2 2
937 790 7 36 2 2
937 797 34 36 2 1
937 831 13 36 2 2
937 844 105 36 2 3
937 949 105 36 2 1
937 1054 118 36 2 3
973 258 80 27 2 1
973 338 44 27 2 1
973 382 9 27 2 3
973 391 7 27 2 1
973 398 77 27 2 3
973 475 30 27 2 1
973 505 54 27 2 1
973 559 69 27 2 3
973 628 74 27 2 1
973 702 21 27 2 2
973 723 21 27 2 1
973 744 42 27 2 1
973 786 18 27 2 2
973 804 53 27 2 1
973 857 81 27 2 1
973 938 31 27 2 3
973 969 73 27 2 1
973 1042 22 27 2 1
973 1064 10 27 2 3
973 1074 98 27 2 1
861 0 28 139 2 2
861 28 64 33 2 1
894 28 64 53 2 1
947 28 64 34 2 2
981 28 38 19 2 2
981 66 4 19 2 3
981 70 22 12 2 3
993 70 22 7 2 2
487 1172 27 133 2 3
487 1199 91 36 2 3
487 1290 8 36 2 2
487 1298 103 36 2 1
487 1401 105 36 2 2
487 1506 24 36 2 1
487 1530 36 36 2 3
523 1199 96 35 2 2
523 1295 17 35 2 3
523 1312 15 35 2 2
523 1327 98 35 2 1
523 1425 22 35 2 2
523 1447 119 35 2 1
558 1199 113 62 2 1
558 1312 97 33 2 3
558 1409 21 33 2 2
558 1430 39 33 2 2
558 1469 13 33 2 1
558 1482 42 33 2 3
558 1524 12 33 2 2
558 1536 30 20 2 2
578 1536 30 13 2 1
591 1312 28 29 2 2
591 1340 6 29 2 2
591 1346 79 29 2 3
591 1425 75 29 2 1
591 1500 17 29 2 1
591 1517 49 29 2 2
620 1172 52 76 2 2
620 1224 107 36 2 3
620 1331 85 39 2 3
620 1416 17 76 2 2
620 1433 80 45 2 1
620 1513 15 76 2 2
620 1528 22 76 2 1
620 1550 16 24 2 2
644 1550 16 52 2 3
665 1433 80 31 2 1
659 1331 85 37 2 1
656 1224 22 40 2 2
656 1246 12 40 2 2
656 1258 73 40 2 2
696 1172 98 35 2 1
696 1270 71 51 2 3
696 1341 44 78 2 2
696 1385 21 78 2 3
696 1406 98 34 2 3
696 1504 62 34 2 1
730 1406 92 44 2 2
730 1498 68 44 2 2
774 1341 65 54 2 1
774 1406 98 40 2 1
774 1504 62 47 2 2
821 1504 62 49 2 2
870 1504 62 41 2 1
911 1504 62 52 2 3
963 1504 13 37 2 2
963 1517 49 37 2 1
814 1406 98 35 2 3
849 1406 98 36 2 3
885 1406 98 36 2 3
921 1406 64 50 2 3
921 1470 34 34 2 2
955 1470 34 25 2 2
980 1470 34 20 2 2
971 1406 64 29 2 1
828 1341 65 80 2 3
908 1341 65 33 2 1
941 1341 65 36 2 1
977 1341 65 23 2 2
747 1270 28 140 2 3
747 1298 43 131 2 2
878 1298 43 52 2 2
930 1298 43 70 2 1
887 1270 28 113 2 3
731 1172 98 51 2 2
782 1172 98 38 2 1
820 1172 98 37 2 1
857 1172 46 72 2 1
857 1218 52 39 2 3
896 1218 31 33 2 1
896 1249 9 33 2 1
896 1258 12 17 2 1
913 1258 12 10 2 2
923 1258 12 6 2 1
929 1172 98 45 2 3
974 1172 7 26 2 2
974 1179 8 26 2 3
974 1187 19 26 2 3
974 1206 64 26 2 1
487 1566 99 34 2 3
487 1665 98 34 2 2
487 1763 85 40 2 2
487 1848 112 40 2 2
527 1763 34 105 2 3
527 1797 89 36 2 1
527 1886 74 36 2 2
563 1886 74 37 2 2
600 1886 74 32 2 2
563 1797 89 40 2 3
603 1797 41 29 2 1
603 1838 48 29 2 1
632 1763 40 84 2 2
632 1803 93 42 2 2
632 1896 64 39 2 2
671 1896 64 46 2 3
717 1896 64 50 2 3
767 1896 64 35 2 1
802 1896 64 61 2 1
863 1896 64 59 2 2
922 1896 64 78 2 3
674 1803 34 95 2 1
674 1837 59 36 2 3
710 1837 59 59 2 1
769 1803 93 37 2 3
806 1803 93 36 2 1
842 1803 93 33 2 2
875 1803 93 49 2 2
924 1803 93 36 2 3
960 1803 38 40 2 3
960 1841 55 40 2 1
716 1763 40 36 2 2
752 1763 40 51 2 1
803 1763 40 61 2 3
864 1763 40 49 2 3
913 1763 40 87 2 3
521 1665 58 66 2 1
521 1723 40 36 2 1
557 1723 40 36 2 2
593 1723 40 34 2 3
627 1723 40 129 2 1
756 1723 40 86 2 1
842 1723 40 50 2 2
892 1723 40 108 2 1
587 1665 58 50 2 2
637 1665 58 36 2 3
673 1665 58 47 2 2
720 1665 38 100 2 1
720 1703 20 27 2 2
747 1703 20 73 2 1
820 1665 58 51 2 2
871 1665 58 58 2 3
929 1665 58 46 2 1
975 1665 58 25 2 1
521 1566 27 119 2 3
521 1593 72 50 2 1
571 1593 72 43 2 3
614 1593 72 44 2 2
658 1593 28 135 2 2
658 1621 29 127 2 3
658 1650 15 41 2 1
699 1650 15 22 2 3
721 1650 15 37 2 3
758 1650 15 27 2 3
785 1621 44 35 2 3
820 1621 44 49 2 3
869 1621 44 39 2 3
908 1621 44 92 2 1
793 1593 28 34 2 2
827 1593 28 48 2 1
875 1593 28 67 2 2
942 1593 28 37 2 3
979 1593 17 21 2 3
979 1610 4 21 2 3
979 1614 7 11 2 1
990 1614 3 10 2 2
990 1617 4 4 2 1
994 1617 4 6 2 2
640 1566 27 50 2 2
690 1566 27 129 2 1
819 1566 27 78 2 3
897 1566 27 47 2 2
944 1566 27 24 2 2
968 1566 27 32 2 3
0 1172 61 62 2 1
0 1233 66 62 2 3
0 1299 87 62 2 1
0 1386 104 36 2 3
0 1490 7 36 2 1
0 1497 108 36 2 1
0 1605 7 36 2 2
0 1612 106 36 2 1
0 1718 80 36 2 3
0 1798 49 36 2 3
0 1847 113 36 2 2
36 1386 77 26 2 1
36 1463 44 26 2 3
36 1507 5 26 2 3
36 1512 73 26 2 2
36 1585 70 26 2 1
36 1655 76 26 2 2
36 1731 49 26 2 1
36 1780 10 26 2 3
36 1790 69 26 2 2
36 1859 6 26 2 1
36 1865 95 26 2 2
62 1172 98 35 2 2
62 1270 36 181 2 2
62 1306 62 54 2 1
62 1368 94 41 2 2
62 1462 34 106 2 2
62 1496 98 34 2 1
62 1594 97 34 2 3
62 1691 53 34 2 2
62 1744 71 34 2 3
62 1815 11 34 2 2
62 1826 50 34 2 3
62 1876 7 34 2 2
62 1883 7 34 2 2
62 1890 16 34 2 1
62 1906 16 34 2 1
62 1922 38 21 2 2
83 1922 25 13 2 1
83 1947 13 13 2 3
96 1496 49 69 2 3
96 1545 91 43 2 1
96 1636 14 69 2 3
96 1650 99 69 2 2
96 1749 15 69 2 1
96 1764 85 45 2 2
96 1849 111 45 2 3
141 1764 72 24 2 1
141 1836 31 24 2 3
141 1867 55 24 2 3
141 1922 38 24 2 2
139 1545 50 26 2 1
139 1595 9 26 2 1
139 1604 32 26 2 2
165 1496 95 41 2 2
165 1591 120 41 2 1
165 1711 116 41 2 3
165 1827 17 41 2 1
165 1844 116 41 2 3
206 1496 95 37 2 3
206 1591 73 37 2 1
206 1664 110 37 2 2
206 1774 16 37 2 3
206 1790 28 37 2 2
206 1818 54 37 2 2
206 1872 88 37 2 1
168 1462 34 75 2 1
103 1368 94 33 2 1
136 1368 61 61 2 1
136 1429 33 27 2 1
163 1429 33 20 2 1
183 1429 33 14 2 2
197 1368 50 46 2 1
197 1418 44 26 2 2
223 1418 44 20 2 3
116 1306 62 60 2 3
176 1306 62 67 2 3
97 1172 98 39 2 1
136 1172 27 107 2 2
136 1199 71 35 2 3
171 1199 21 72 2 3
171 1220 50 38 2 3
209 1220 50 34 2 1
243 1172 64 52 2 3
243 1236 34 52 2 1
243 1270 83 52 2 3
243 1353 45 52 2 1
243 1398 10 52 2 1
243 1408 15 52 2 2
243 1423 113 52 2 3
243 1536 119 52 2 2
243 1655 67 52 2 3
243 1722 18 52 2 3
243 1740 23 52 2 3
243 1763 36 52 2 3
243 1799 12 52 2 3
243 1811 149 52 2 1
295 1172 105 35 2 1
295 1277 31 116 2 1
295 1308 94 40 2 1
295 1402 88 45 2 3
295 1490 114 45 2 2
295 1604 119 45 2 3
295 1723 24 45 2 2
295 1747 40 45 2 2
295 1787 99 45 2 3
295 1886 74 45 2 2
340 1402 72 46 2 2
340 1474 101 71 2 2
340 1575 79 42 2 3
340 1654 105 42 2 1
340 1759 125 42 2 1
340 1884 20 42 2 3
340 1904 8 42 2 3
340 1912 48 42 2 1
382 1575 6 29 2 2
382 1581 72 29 2 2
382 1653 69 29 2 1
382 1722 79 29 2 3
382 1801 26 29 2 3
382 1827 81 29 2 1
382 1908 52 29 2 3
386 1402 72 25 2 3
335 1308 94 40 2 3
375 1308 48 36 2 2
375 1356 46 36 2 2
411 1277 41 76 2 3
411 1318 88 76 2 3
411 1406 49 76 2 2
411 1455 97 34 2 3
411 1552 21 34 2 3
411 1573 56 34 2 1
411 1629 7 34 2 3
411 1636 75 34 2 3
411 1711 14 34 2 1
411 1725 78 34 2 2
411 1803 12 34 2 2
411 1815 16 34 2 3
411 1831 129 34 2 1
445 1455 83 42 2 1
445 1538 79 42 2 1
445 1617 55 42 2 1
445 1672 102 42 2 1
445 1774 113 42 2 3
445 1887 73 42 2 2
330 1172 105 45 2 3
375 1172 105 34 2 2
409 1172 105 38 2 1
447 1172 17 40 2 2
447 1189 52 40 2 3
447 1241 36 23 2 2
470 1241 6 17 2 1
470 1247 30 17 2 3
