280 240 19
4
760.0 240.0 4.5
100.0 790.0 3.0
150.0 440.0 2.0
300.0 290.0 1.0
383
0 0 69 100 4.5 4
0 69 108 61 4.5 2
0 177 77 77 4.5 4
0 254 73 93 4.5 3
0 327 112 81 4.5 2
0 439 101 68 4.5 2
0 540 67 68 4.5 4
0 607 73 68 4.5 4
0 680 64 68 4.5 2
0 744 16 24 4.5 1
24 744 16 22 4.5 4
46 744 16 22 4.5 4
68 439 14 13 4.5 5
68 453 18 13 4.5 3
68 471 7 13 4.5 2
68 478 9 13 4.5 1
68 487 25 13 4.5 2
68 512 25 13 4.5 5
68 537 14 13 4.5 1
68 551 15 13 4.5 1
68 566 15 13 4.5 3
68 581 12 13 4.5 3
68 593 18 13 4.5 2
68 611 14 13 4.5 4
68 625 22 13 4.5 3
68 647 19 13 4.5 1
68 666 18 13 4.5 3
68 684 19 13 4.5 3
68 703 17 13 4.5 4
68 720 11 13 4.5 5
68 731 12 13 4.5 3
68 743 17 13 4.5 2
81 327 26 19 4.5 4
81 353 18 19 4.5 1
81 371 23 19 4.5 4
81 394 19 19 4.5 3
81 413 27 19 4.5 4
81 440 20 19 4.5 4
81 460 16 19 4.5 3
81 476 29 19 4.5 1
81 505 17 19 4.5 3
81 522 17 19 4.5 1
81 539 34 19 4.5 3
81 573 28 19 4.5 1
81 601 32 19 4.5 1
81 633 12 19 4.5 1
81 645 32 19 4.5 5
81 677 24 19 4.5 4
81 701 33 19 4.5 5
81 734 26 19 4.5 5
93 254 9 7 4.5 2
93 263 9 7 4.5 2
93 272 11 7 4.5 4
93 283 9 7 4.5 4
93 292 12 7 4.5 1
93 304 11 7 4.5 4
93 315 12 7 4.5 2
77 177 35 23 4.5 2
77 212 34 23 4.5 4
77 246 8 12 4.5 5
89 246 8 11 4.5 2
61 69 58 39 4.5 4
61 127 50 39 4.5 2
100 0 77 82 4.5 1
100 77 93 93 4.5 5
100 170 112 81 4.5 4
100 282 88 58 4.5 4
100 370 79 58 4.5 4
100 449 57 58 4.5 1
100 506 68 58 4.5 1
100 574 42 58 4.5 4
100 616 52 58 4.5 1
100 668 55 58 4.5 2
100 723 37 44 4.5 5
144 723 14 14 4.5 5
144 737 18 14 4.5 2
144 755 5 8 4.5 2
152 755 5 6 4.5 3
158 282 108 69 4.5 2
158 390 102 62 4.5 3
158 492 95 57 4.5 1
158 587 87 62 4.5 2
158 674 86 55 4.5 1
213 674 5 7 4.5 5
213 679 11 7 4.5 1
213 690 10 7 4.5 3
213 700 11 7 4.5 4
213 711 9 7 4.5 2
213 720 11 7 4.5 1
213 731 8 7 4.5 2
213 739 12 7 4.5 3
213 751 9 7 4.5 5
215 492 8 5 4.5 2
215 500 7 5 4.5 1
215 507 6 5 4.5 2
215 513 9 5 4.5 4
215 522 7 5 4.5 5
215 529 8 5 4.5 5
215 537 4 5 4.5 2
215 541 6 5 4.5 3
215 547 8 5 4.5 2
215 555 7 5 4.5 1
215 562 6 5 4.5 2
215 568 8 5 4.5 2
215 576 11 5 4.5 4
220 390 9 7 4.5 4
220 399 9 7 4.5 3
220 408 5 7 4.5 3
220 413 7 7 4.5 5
220 420 7 7 4.5 2
220 427 10 7 4.5 5
220 437 8 7 4.5 2
220 445 10 7 4.5 4
220 455 4 7 4.5 3
220 459 9 7 4.5 3
220 468 8 7 4.5 2
220 476 11 7 4.5 4
220 487 10 7 4.5 2
220 497 11 7 4.5 4
220 508 6 7 4.5 4
220 514 11 7 4.5 4
220 525 13 7 4.5 4
220 538 9 7 4.5 1
220 547 5 7 4.5 2
220 552 9 7 4.5 2
220 561 10 7 4.5 4
220 571 12 7 4.5 1
220 583 6 7 4.5 1
220 589 11 7 4.5 1
220 600 10 7 4.5 1
220 610 9 7 4.5 4
220 619 11 7 4.5 5
220 630 5 7 4.5 2
220 635 9 7 4.5 5
220 644 8 7 4.5 3
220 652 9 7 4.5 3
220 661 7 7 4.5 3
220 668 9 7 4.5 3
220 677 10 7 4.5 3
220 687 12 7 4.5 5
220 699 7 7 4.5 4
220 706 7 7 4.5 4
220 713 9 7 4.5 3
220 722 10 7 4.5 4
220 732 11 7 4.5 3
220 743 11 7 4.5 5
220 754 6 7 4.5 2
227 282 21 13 4.5 3
227 303 17 13 4.5 3
227 320 21 13 4.5 3
227 341 8 13 4.5 5
227 349 17 13 4.5 4
227 366 17 13 4.5 5
227 383 14 13 4.5 4
227 397 13 13 4.5 2
227 410 14 13 4.5 5
227 424 17 13 4.5 3
227 441 19 13 4.5 5
227 460 16 13 4.5 1
227 476 11 13 4.5 1
227 487 16 13 4.5 5
227 503 10 13 4.5 5
227 513 21 13 4.5 2
227 534 20 13 4.5 5
227 554 14 13 4.5 1
227 568 14 13 4.5 5
227 582 19 13 4.5 4
227 601 16 13 4.5 2
227 617 23 13 4.5 4
227 640 11 13 4.5 1
227 651 16 13 4.5 1
227 667 15 13 4.5 1
227 682 20 13 4.5 1
227 702 17 13 4.5 5
227 719 21 13 4.5 4
227 740 20 13 4.5 5
181 170 38 59 4.5 2
181 208 55 59 4.5 4
181 263 19 26 4.5 5
207 263 19 24 4.5 2
231 263 12 9 4.5 1
231 275 7 9 4.5 5
193 77 65 47 4.5 1
193 142 28 32 4.5 2
225 142 14 15 4.5 4
225 156 14 15 4.5 1
182 0 77 58 4.5 5
0 0 73 43 3.0 2
0 73 27 31 3.0 4
31 73 8 12 3.0 5
31 81 19 12 3.0 1
43 0 77 44 3.0 4
43 77 23 26 3.0 3
69 77 23 18 3.0 4
87 0 67 56 3.0 2
87 67 33 47 3.0 5
134 67 10 9 3.0 5
134 77 11 9 3.0 1
134 88 12 9 3.0 5
143 0 43 53 3.0 4
143 43 57 66 3.0 2
209 43 57 48 3.0 2
257 43 57 44 3.0 2
301 43 57 48 3.0 3
349 43 57 54 3.0 5
403 43 44 53 3.0 3
403 87 13 65 3.0 4
468 87 13 51 3.0 1
519 87 13 56 3.0 2
575 87 13 39 3.0 4
614 87 13 37 3.0 3
651 87 13 32 3.0 2
683 87 13 34 3.0 2
717 87 13 34 3.0 5
751 87 13 23 3.0 1
774 87 13 16 3.0 2
456 43 44 52 3.0 1
508 43 44 40 3.0 1
548 43 44 47 3.0 4
595 43 44 45 3.0 5
640 43 44 54 3.0 5
694 43 44 52 3.0 4
746 43 44 36 3.0 3
782 43 10 8 3.0 3
782 53 9 8 3.0 4
782 62 13 8 3.0 2
782 75 12 8 3.0 2
196 0 43 50 3.0 1
246 0 43 40 3.0 2
286 0 43 38 3.0 4
324 0 43 52 3.0 5
376 0 43 46 3.0 4
422 0 43 45 3.0 2
467 0 43 50 3.0 5
517 0 43 40 3.0 2
557 0 43 57 3.0 4
614 0 43 47 3.0 4
661 0 43 53 3.0 1
714 0 43 44 3.0 5
758 0 43 32 3.0 1
0 0 60 45 2.0 2
0 60 58 38 2.0 4
0 118 32 35 2.0 1
35 118 8 10 2.0 1
35 126 18 10 2.0 4
35 144 6 10 2.0 1
38 60 8 7 2.0 1
38 68 7 7 2.0 2
38 75 7 7 2.0 5
38 82 9 7 2.0 5
38 91 11 7 2.0 5
38 102 6 7 2.0 3
38 108 10 7 2.0 1
45 0 54 44 2.0 1
45 54 65 39 2.0 3
45 119 31 31 2.0 1
76 119 15 13 2.0 2
76 134 16 13 2.0 5
84 54 8 5 2.0 1
84 62 8 5 2.0 4
84 70 6 5 2.0 4
84 76 8 5 2.0 3
84 84 5 5 2.0 3
84 89 6 5 2.0 4
84 95 9 5 2.0 1
84 104 7 5 2.0 3
84 111 8 5 2.0 4
89 0 41 69 2.0 1
89 41 63 35 2.0 2
89 104 46 35 2.0 3
124 41 68 45 2.0 5
124 109 41 41 2.0 1
165 109 41 37 2.0 5
202 109 41 61 2.0 2
263 109 41 47 2.0 5
310 109 41 57 2.0 1
367 109 41 39 2.0 2
406 109 41 34 2.0 2
169 41 55 43 2.0 3
169 96 13 20 2.0 1
189 96 13 23 2.0 3
212 41 68 38 2.0 5
250 41 68 40 2.0 1
290 41 49 39 2.0 5
290 90 19 40 2.0 1
330 90 19 38 2.0 1
368 90 19 33 2.0 3
401 90 19 19 2.0 4
420 90 19 20 2.0 4
329 41 49 40 2.0 2
369 41 49 38 2.0 3
407 41 49 33 2.0 4
158 0 41 63 2.0 1
221 0 41 32 2.0 4
253 0 41 48 2.0 1
301 0 41 44 2.0 1
345 0 41 49 2.0 4
394 0 41 34 2.0 3
428 0 15 12 2.0 2
428 15 14 12 2.0 1
428 29 12 12 2.0 1
0 0 52 50 1.0 5
0 52 46 61 1.0 2
0 98 53 47 1.0 4
0 151 46 47 1.0 4
0 197 44 47 1.0 1
0 241 59 40 1.0 4
40 241 13 7 1.0 3
40 254 7 7 1.0 1
40 261 11 7 1.0 2
40 272 5 7 1.0 4
40 277 6 7 1.0 1
40 283 8 7 1.0 2
40 291 9 7 1.0 3
47 98 56 52 1.0 2
47 154 44 76 1.0 1
47 198 64 57 1.0 4
47 262 38 49 1.0 1
96 262 38 27 1.0 1
104 198 24 19 1.0 1
104 222 27 19 1.0 2
104 249 13 19 1.0 2
123 154 65 49 1.0 1
123 219 71 58 1.0 5
123 290 10 41 1.0 5
164 290 10 28 1.0 4
192 290 10 38 1.0 2
230 290 10 23 1.0 3
253 290 10 15 1.0 1
268 290 10 11 1.0 2
279 290 6 11 1.0 3
279 296 4 6 1.0 5
285 296 4 5 1.0 1
181 219 71 45 1.0 1
226 219 71 42 1.0 4
268 219 25 22 1.0 5
268 244 41 22 1.0 4
268 285 5 9 1.0 3
277 285 5 8 1.0 2
285 285 5 5 1.0 5
172 154 57 53 1.0 4
172 211 8 16 1.0 5
188 211 8 13 1.0 3
201 211 8 11 1.0 2
212 211 8 8 1.0 5
220 211 8 5 1.0 3
225 154 65 52 1.0 2
277 154 16 13 1.0 2
277 170 12 13 1.0 3
277 182 16 13 1.0 4
277 198 21 13 1.0 5
99 98 56 71 1.0 5
170 98 56 43 1.0 5
213 98 56 40 1.0 4
253 98 44 37 1.0 3
253 142 12 24 1.0 3
277 142 12 9 1.0 3
286 142 5 4 1.0 5
286 147 7 4 1.0 3
61 52 46 45 1.0 2
106 52 46 53 1.0 5
159 52 46 53 1.0 3
212 52 46 56 1.0 5
268 52 27 22 1.0 4
268 79 19 22 1.0 4
50 0 52 54 1.0 1
104 0 47 51 1.0 3
104 47 5 26 1.0 5
130 47 5 23 1.0 1
153 47 5 23 1.0 1
176 47 5 20 1.0 4
196 47 5 18 1.0 4
214 47 5 16 1.0 1
230 47 5 13 1.0 1
243 47 5 15 1.0 4
258 47 5 13 1.0 3
271 47 5 8 1.0 3
279 47 5 11 1.0 5
155 0 47 49 1.0 2
204 0 47 62 1.0 4
266 0 32 24 1.0 1
266 32 15 16 1.0 2
282 32 15 8 1.0 2
