200 300 16
2.5
200 320 3.5
200 1472 2.5
163
0 0 67 52 3.5
0 67 81 47 3.5
0 148 52 22 3.5
22 148 39 25 3.5
22 187 13 17 3.5
39 187 13 8 3.5
47 67 5 5 3.5
47 72 19 5 3.5
47 91 10 5 3.5
47 101 6 5 3.5
47 107 15 5 3.5
47 122 14 5 3.5
47 136 15 5 3.5
47 151 12 5 3.5
47 163 7 5 3.5
47 170 20 5 3.5
47 190 3 5 3.5
47 193 7 5 3.5
52 0 80 24 3.5
52 80 30 24 3.5
52 110 79 20 3.5
52 189 11 10 3.5
62 189 11 10 3.5
72 110 3 4 3.5
72 113 15 4 3.5
72 128 12 4 3.5
72 140 2 4 3.5
72 142 15 4 3.5
72 157 14 4 3.5
72 171 3 4 3.5
72 174 3 4 3.5
72 177 6 4 3.5
72 183 5 4 3.5
72 188 4 4 3.5
72 192 8 4 3.5
76 0 113 33 3.5
76 113 60 93 3.5
76 173 27 23 3.5
99 173 27 30 3.5
129 173 27 16 3.5
145 173 27 13 3.5
158 173 27 11 3.5
169 113 74 25 3.5
169 187 13 10 3.5
179 187 13 15 3.5
194 113 87 40 3.5
234 113 87 40 3.5
274 113 64 46 3.5
274 177 23 30 3.5
304 177 23 16 3.5
109 0 57 46 3.5
109 57 48 38 3.5
109 105 8 11 3.5
120 105 8 16 3.5
136 105 8 7 3.5
143 105 8 12 3.5
147 57 26 8 3.5
147 83 22 8 3.5
155 0 40 60 3.5
155 40 73 43 3.5
198 40 73 24 3.5
222 40 49 98 3.5
222 89 24 22 3.5
244 89 24 24 3.5
268 89 24 22 3.5
290 89 24 14 3.5
304 89 24 11 3.5
315 89 19 5 3.5
315 108 5 5 3.5
215 0 40 24 3.5
239 0 40 60 3.5
299 0 29 21 3.5
299 29 11 9 3.5
308 29 11 12 3.5
0 0 200 112 2.5
112 0 200 73 2.5
185 0 132 131 2.5
185 132 68 126 2.5
311 132 68 45 2.5
356 132 68 63 2.5
419 132 68 213 2.5
632 132 68 106 2.5
738 132 68 52 2.5
790 132 68 78 2.5
868 132 68 48 2.5
916 132 68 57 2.5
973 132 68 220 2.5
1193 132 68 191 2.5
1384 132 68 88 2.5
316 0 132 48 2.5
364 0 132 104 2.5
468 0 132 44 2.5
512 0 115 177 2.5
512 115 17 74 2.5
586 115 17 51 2.5
637 115 17 47 2.5
684 115 17 51 2.5
735 115 17 111 2.5
846 115 17 50 2.5
896 115 17 96 2.5
992 115 17 58 2.5
1050 115 17 92 2.5
1142 115 17 73 2.5
1215 115 17 38 2.5
1253 115 17 54 2.5
1307 115 17 30 2.5
1337 115 17 37 2.5
1374 115 17 47 2.5
1421 115 17 31 2.5
1452 115 17 9 2.5
1461 115 6 11 2.5
1461 121 11 6 2.5
1467 121 11 5 2.5
689 0 115 77 2.5
766 0 109 131 2.5
766 109 6 46 2.5
812 109 6 38 2.5
850 109 6 59 2.5
909 109 6 30 2.5
939 109 6 29 2.5
968 109 6 28 2.5
996 109 6 31 2.5
1027 109 6 26 2.5
1053 109 6 25 2.5
1078 109 6 25 2.5
1103 109 6 24 2.5
1127 109 6 25 2.5
1152 109 6 27 2.5
1179 109 6 23 2.5
1202 109 6 27 2.5
1229 109 6 32 2.5
1261 109 6 27 2.5
1288 109 6 37 2.5
1325 109 6 19 2.5
1344 109 6 24 2.5
1368 109 6 27 2.5
1395 109 6 18 2.5
1413 109 6 10 2.5
1423 109 6 12 2.5
1435 109 6 9 2.5
1444 109 6 12 2.5
1456 109 6 12 2.5
1468 109 6 4 2.5
897 0 82 128 2.5
897 82 27 172 2.5
1069 82 27 54 2.5
1123 82 27 45 2.5
1168 82 27 63 2.5
1231 82 27 99 2.5
1330 82 27 32 2.5
1362 82 27 31 2.5
1393 82 27 46 2.5
1439 82 27 33 2.5
1025 0 82 53 2.5
1078 0 82 98 2.5
1176 0 82 168 2.5
1344 0 82 48 2.5
1392 0 73 80 2.5
1392 73 9 24 2.5
1416 73 9 11 2.5
1427 73 9 11 2.5
1438 73 9 25 2.5
1463 73 9 9 2.5
