500 500 15
6
500 1350 4
200 700 3
300 400 2.5
300 290 2
350 260 1
500 260 0.5
3311
0 0 44 127 4 1
0 44 46 127 4 1
0 90 75 84 4 1
0 165 23 84 4 1
0 188 26 84 4 1
0 214 29 84 4 3
0 243 37 84 4 3
0 280 36 84 4 2
0 316 61 84 4 2
0 377 60 84 4 3
0 437 25 84 4 2
0 462 38 80 4 2
80 462 2 4 4 2
80 464 2 4 4 2
80 466 5 4 4 2
80 471 3 4 4 2
80 474 4 4 4 2
80 478 3 4 4 2
80 481 2 4 4 1
80 483 2 4 4 1
80 485 2 4 4 1
80 487 2 4 4 1
80 489 1 4 4 1
80 490 2 4 4 2
80 492 1 4 4 1
80 493 2 4 4 2
80 495 1 4 4 1
80 496 4 4 4 1
84 90 12 43 4 1
84 102 18 43 4 2
84 120 9 43 4 1
84 129 19 43 4 2
84 148 12 43 4 3
84 160 10 43 4 3
84 170 21 43 4 1
84 191 11 43 4 2
84 202 23 43 4 2
84 225 16 43 4 2
84 241 36 43 4 1
84 277 14 43 4 1
84 291 13 43 4 2
84 304 17 43 4 2
84 321 33 43 4 1
84 354 23 43 4 1
84 377 38 43 4 1
84 415 10 43 4 1
84 425 25 43 4 1
84 450 11 43 4 3
84 461 39 43 4 2
127 0 64 79 4 2
127 64 58 113 4 1
127 122 46 138 4 1
127 168 46 131 4 2
127 214 59 106 4 1
127 273 70 68 4 2
127 343 48 68 4 1
127 391 22 68 4 1
127 413 33 68 4 2
127 446 36 68 4 2
127 482 18 46 4 1
173 482 18 22 4 2
195 273 8 38 4 1
195 281 20 38 4 1
195 301 24 38 4 1
195 325 8 38 4 2
195 333 13 38 4 3
195 346 28 38 4 2
195 374 45 38 4 1
195 419 9 38 4 1
195 428 11 38 4 1
195 439 21 38 4 2
195 460 9 38 4 3
195 469 21 38 4 1
195 490 10 19 4 2
214 490 10 19 4 2
233 214 9 25 4 2
233 223 18 25 4 1
233 241 27 25 4 2
233 268 6 25 4 1
233 274 9 25 4 2
233 283 26 25 4 1
233 309 16 25 4 2
233 325 10 25 4 1
233 335 8 25 4 2
233 343 8 25 4 3
233 351 12 25 4 1
233 363 18 25 4 2
233 381 14 25 4 2
233 395 20 25 4 2
233 415 12 25 4 2
233 427 6 25 4 1
233 433 19 25 4 2
233 452 9 25 4 2
233 461 5 25 4 1
233 466 19 25 4 4
233 485 15 25 4 1
258 168 2 7 4 1
258 170 2 7 4 2
258 172 1 7 4 2
258 173 6 7 4 1
258 179 3 7 4 1
258 182 7 7 4 1
258 189 2 7 4 3
258 191 3 7 4 1
258 194 6 7 4 1
258 200 6 7 4 2
258 206 2 7 4 1
258 208 8 7 4 3
258 216 3 7 4 1
258 219 2 7 4 3
258 221 2 7 4 2
258 223 7 7 4 2
258 230 2 7 4 2
258 232 1 7 4 2
258 233 5 7 4 1
258 238 3 7 4 2
258 241 3 7 4 1
258 244 4 7 4 1
258 248 4 7 4 4
258 252 2 7 4 2
258 254 3 7 4 3
258 257 2 7 4 1
258 259 2 7 4 1
258 261 2 7 4 1
258 263 6 7 4 2
258 269 3 7 4 3
258 272 3 7 4 2
258 275 10 7 4 2
258 285 5 7 4 1
258 290 3 7 4 1
258 293 9 7 4 2
258 302 5 7 4 1
258 307 5 7 4 1
258 312 2 7 4 1
258 314 3 7 4 2
258 317 3 7 4 2
258 320 4 7 4 1
258 324 3 7 4 2
258 327 9 7 4 1
258 336 8 7 4 1
258 344 2 7 4 2
258 346 3 7 4 2
258 349 6 7 4 1
258 355 2 7 4 1
258 357 3 7 4 3
258 360 2 7 4 1
258 362 5 7 4 3
258 367 4 7 4 2
258 371 3 7 4 3
258 374 5 7 4 1
258 379 6 7 4 1
258 385 3 7 4 3
258 388 5 7 4 2
258 393 3 7 4 1
258 396 2 7 4 1
258 398 2 7 4 2
258 400 2 7 4 1
258 402 4 7 4 2
258 406 3 7 4 2
258 409 7 7 4 2
258 416 2 7 4 1
258 418 2 7 4 1
258 420 3 7 4 2
258 423 5 7 4 2
258 428 2 7 4 2
258 430 4 7 4 2
258 434 3 7 4 1
258 437 2 7 4 2
258 439 2 7 4 2
258 441 5 7 4 2
258 446 5 7 4 1
258 451 3 7 4 2
258 454 2 7 4 2
258 456 6 7 4 1
258 462 3 7 4 1
258 465 3 7 4 2
258 468 3 7 4 2
258 471 3 7 4 1
258 474 6 7 4 1
258 480 3 7 4 2
258 483 4 7 4 2
258 487 3 7 4 1
258 490 2 7 4 2
258 492 1 7 4 2
258 493 7 7 4 3
265 122 42 128 4 1
265 164 47 117 4 1
265 211 41 128 4 2
265 252 27 128 4 2
265 279 57 104 4 2
265 336 75 71 4 2
265 411 31 104 4 1
265 442 51 99 4 2
265 493 7 25 4 3
290 493 7 41 4 2
331 493 7 15 4 1
346 493 7 19 4 2
365 493 7 4 4 1
364 442 2 5 4 3
364 444 2 5 4 2
364 446 5 5 4 1
364 451 2 5 4 1
364 453 1 5 4 1
364 454 1 5 4 2
364 455 3 5 4 2
364 458 2 5 4 1
364 460 1 5 4 1
364 461 1 5 4 2
364 462 2 5 4 1
364 464 2 5 4 1
364 466 3 5 4 1
364 469 2 5 4 2
364 471 2 5 4 1
364 473 1 5 4 2
364 474 1 5 4 2
364 475 1 5 4 2
364 476 1 5 4 2
364 477 5 5 4 2
364 482 2 5 4 4
364 484 2 5 4 2
364 486 7 5 4 2
336 336 13 33 4 1
336 349 7 33 4 1
336 356 15 33 4 2
336 371 13 33 4 2
336 384 12 33 4 1
336 396 15 33 4 1
369 279 10 24 4 2
369 289 17 24 4 1
369 306 7 24 4 1
369 313 9 24 4 2
369 322 16 24 4 1
369 338 11 24 4 2
369 349 12 24 4 2
369 361 20 24 4 2
369 381 5 24 4 2
369 386 6 24 4 3
369 392 13 24 4 2
369 405 12 24 4 3
369 417 31 24 4 1
369 448 7 24 4 1
369 455 13 24 4 2
369 468 8 24 4 1
369 476 6 24 4 4
369 482 7 24 4 3
369 489 11 24 4 1
382 164 5 11 4 2
382 169 10 11 4 2
382 179 7 11 4 1
382 186 10 11 4 2
382 196 8 11 4 1
382 204 3 11 4 1
382 207 4 11 4 3
393 122 49 103 4 1
393 171 78 77 4 1
393 249 49 112 4 1
393 298 37 161 4 1
393 335 54 105 4 2
393 389 24 105 4 2
393 413 33 105 4 2
393 446 54 74 4 1
467 446 17 31 4 2
467 463 37 31 4 1
498 335 13 56 4 2
498 348 18 56 4 1
498 366 13 56 4 2
498 379 12 56 4 3
498 391 22 56 4 1
498 413 22 56 4 1
498 435 13 56 4 1
498 448 15 56 4 2
498 463 23 56 4 1
498 486 14 36 4 2
534 486 9 20 4 2
534 495 5 20 4 1
554 298 54 108 4 1
554 352 35 145 4 2
554 387 39 126 4 1
554 426 64 87 4 1
554 490 10 41 4 2
595 490 10 35 4 2
630 490 10 28 4 3
658 490 10 16 4 1
674 490 3 6 4 1
674 493 2 6 4 1
674 495 5 6 4 2
641 426 13 39 4 1
641 439 8 39 4 2
641 447 16 39 4 1
641 463 27 39 4 2
680 387 10 19 4 3
680 397 4 19 4 1
680 401 10 19 4 2
680 411 6 19 4 1
680 417 8 19 4 4
680 425 10 19 4 2
680 435 7 19 4 2
680 442 6 19 4 1
680 448 4 19 4 2
680 452 8 19 4 1
680 460 12 19 4 2
680 472 14 19 4 1
680 486 14 19 4 2
699 352 48 100 4 1
699 400 41 156 4 1
699 441 44 116 4 1
699 485 15 69 4 1
768 485 15 47 4 1
815 441 53 40 4 2
815 494 6 18 4 1
833 494 6 22 4 1
855 400 55 94 4 2
855 455 26 94 4 2
855 481 19 45 4 2
900 481 19 43 4 1
943 481 2 6 4 2
943 483 1 6 4 2
943 484 4 6 4 2
943 488 1 6 4 1
943 489 3 6 4 1
943 492 8 6 4 2
949 400 43 130 4 1
949 443 57 84 4 2
1033 443 37 129 4 1
1033 480 20 92 4 2
1125 480 20 132 4 2
1257 480 20 83 4 1
1340 480 2 10 4 1
1340 482 2 10 4 2
1340 484 5 10 4 1
1340 489 11 10 4 1
1162 443 37 155 4 1
1317 443 37 33 4 1
1079 400 38 145 4 1
1079 438 5 48 4 2
1127 438 5 33 4 3
1160 438 5 23 4 3
1183 438 5 21 4 2
1204 438 5 11 4 1
1215 438 5 9 4 1
1224 400 43 108 4 1
1332 400 9 18 4 3
1332 409 7 18 4 2
1332 416 8 18 4 2
1332 424 19 18 4 3
799 352 48 101 4 2
900 352 43 112 4 2
900 395 5 52 4 3
952 395 5 26 4 1
978 395 5 22 4 1
1000 395 5 12 4 2
1012 352 48 89 4 1
1101 352 48 76 4 1
1177 352 43 134 4 1
1177 395 5 29 4 1
1206 395 5 31 4 1
1237 395 5 33 4 2
1270 395 5 19 4 2
1289 395 5 16 4 1
1305 395 5 6 4 1
1311 352 33 39 4 2
1311 385 15 35 4 2
1346 385 1 4 4 1
1346 386 1 4 4 1
1346 387 4 4 4 3
1346 391 1 4 4 2
1346 392 2 4 4 1
1346 394 2 4 4 2
1346 396 4 4 4 1
662 298 54 75 4 3
737 298 54 85 4 2
822 298 54 110 4 1
932 298 54 97 4 2
1029 298 40 147 4 2
1029 338 14 124 4 2
1153 338 14 81 4 2
1234 338 14 69 4 2
1303 338 14 20 4 2
1323 338 14 21 4 2
1344 338 4 6 4 3
1344 342 10 6 4 1
1176 298 40 139 4 1
1315 298 27 35 4 2
1315 325 13 22 4 1
1337 325 3 13 4 1
1337 328 4 13 4 2
1337 332 6 13 4 1
505 249 49 88 4 2
593 249 40 118 4 2
593 289 9 37 4 3
630 289 9 39 4 3
669 289 9 35 4 1
704 289 3 7 4 1
704 292 6 7 4 2
711 249 49 84 4 2
795 249 49 116 4 2
911 249 44 133 4 1
911 293 5 46 4 3
957 293 5 47 4 2
1004 293 5 28 4 1
1032 293 5 12 4 3
1044 249 49 110 4 1
1154 249 35 157 4 1
1154 284 14 87 4 1
1241 284 14 70 4 1
1311 284 14 35 4 2
1346 284 2 4 4 2
1346 286 2 4 4 2
1346 288 4 4 4 1
1346 292 6 4 4 2
1311 249 22 39 4 2
1311 271 13 33 4 2
1344 271 2 6 4 2
1344 273 1 6 4 2
1344 274 2 6 4 2
1344 276 2 6 4 3
1344 278 2 6 4 2
1344 280 4 6 4 2
470 171 41 133 4 1
470 212 37 133 4 2
603 212 37 139 4 1
742 212 37 98 4 2
840 212 37 157 4 3
997 212 37 132 4 2
1129 212 37 70 4 2
1199 212 37 115 4 2
1314 212 8 36 4 2
1314 220 11 36 4 1
1314 231 9 36 4 4
1314 240 9 36 4 2
603 171 41 95 4 2
698 171 41 116 4 1
814 171 41 81 4 2
895 171 41 94 4 1
989 171 41 102 4 1
1091 171 41 72 4 2
1163 171 41 78 4 1
1241 171 41 95 4 3
1336 171 7 14 4 1
1336 178 4 14 4 2
1336 182 7 14 4 1
1336 189 6 14 4 1
1336 195 9 14 4 2
1336 204 3 14 4 2
1336 207 5 14 4 1
496 122 49 92 4 2
588 122 49 97 4 1
685 122 49 87 4 1
772 122 49 118 4 1
890 122 49 106 4 1
996 122 35 151 4 1
996 157 14 58 4 1
1054 157 14 40 4 1
1094 157 14 53 4 2
1147 122 37 154 4 1
1147 159 12 92 4 2
1239 159 12 51 4 3
1290 159 12 36 4 1
1326 159 5 24 4 1
1326 164 7 24 4 1
1301 122 13 49 4 2
1301 135 15 49 4 1
1301 150 9 25 4 2
1326 150 9 15 4 2
1341 150 9 9 4 1
240 64 58 99 4 1
339 64 47 101 4 2
339 111 11 48 4 2
387 111 11 40 4 2
427 111 3 13 4 1
427 114 3 13 4 1
427 117 5 13 4 1
440 64 58 93 4 1
533 64 38 128 4 3
533 102 20 131 4 2
664 102 20 99 4 1
763 102 20 93 4 1
856 102 20 146 4 2
1002 102 20 131 4 2
1133 102 20 90 4 1
1223 102 20 61 4 1
1284 102 20 41 4 1
1325 102 12 25 4 2
1325 114 8 25 4 1
661 64 38 105 4 1
766 64 38 101 4 1
867 64 38 124 4 1
991 64 38 81 4 3
1072 64 38 116 4 2
1188 64 38 125 4 1
1313 64 16 37 4 1
1313 80 8 37 4 1
1313 88 14 37 4 4
206 0 33 139 4 1
206 33 31 139 4 1
345 0 64 105 4 2
450 0 39 149 4 1
450 39 25 59 4 1
509 39 20 90 4 2
509 59 5 30 4 3
539 59 5 26 4 2
565 59 5 14 4 1
579 59 5 12 4 1
591 59 5 8 4 1
599 0 43 154 4 2
599 43 21 106 4 2
705 43 21 161 4 2
866 43 21 121 4 1
987 43 21 79 4 2
1066 43 21 159 4 2
1225 43 21 112 4 2
1337 43 4 13 4 2
1337 47 8 13 4 3
1337 55 4 13 4 1
1337 59 5 13 4 1
753 0 39 162 4 2
753 39 4 52 4 2
805 39 4 37 4 1
842 39 4 34 4 1
876 39 4 13 4 1
889 39 4 15 4 2
904 39 4 11 4 2
915 0 43 123 4 2
1038 0 33 157 4 3
1038 33 10 74 4 2
1112 33 10 60 4 2
1172 33 5 23 4 1
1172 38 5 15 4 1
1187 38 5 8 4 2
1195 0 43 128 4 2
1323 0 15 27 4 2
1323 15 19 27 4 1
1323 34 9 21 4 1
1344 34 1 6 4 2
1344 35 3 6 4 1
1344 38 5 6 4 2
0 0 17 73 3 3
0 17 19 54 3 1
0 36 26 44 3 1
0 62 36 33 3 2
0 98 20 44 3 2
0 118 26 44 3 1
0 144 34 30 3 2
0 178 10 30 3 1
0 188 8 30 3 1
0 196 4 13 3 1
13 196 4 12 3 1
25 196 4 5 3 1
30 144 3 14 3 1
30 147 6 14 3 2
30 153 6 14 3 1
30 159 10 14 3 1
30 169 3 14 3 4
30 172 9 14 3 1
30 181 5 14 3 2
30 186 4 14 3 1
30 190 10 14 3 2
33 62 8 11 3 2
33 70 9 11 3 1
33 79 9 11 3 1
33 88 10 11 3 1
44 36 4 10 3 1
44 40 4 10 3 1
44 44 9 10 3 1
44 53 4 10 3 1
44 57 6 10 3 1
44 63 2 10 3 1
44 65 7 10 3 1
44 72 6 10 3 2
44 78 2 10 3 2
44 80 6 10 3 1
44 86 3 10 3 1
44 89 7 10 3 1
44 96 4 10 3 3
44 100 7 10 3 1
44 107 5 10 3 2
44 112 3 10 3 2
44 115 6 10 3 2
44 121 3 10 3 1
44 124 3 10 3 2
44 127 3 10 3 1
44 130 4 10 3 1
44 134 3 10 3 1
44 137 8 10 3 2
44 145 2 10 3 2
44 147 6 10 3 2
44 153 4 10 3 2
44 157 4 10 3 1
44 161 4 10 3 1
44 165 6 10 3 1
44 171 8 10 3 1
44 179 8 10 3 2
44 187 5 10 3 2
44 192 8 10 3 4
54 17 17 67 3 3
54 34 32 38 3 1
54 66 12 38 3 1
54 78 22 38 3 1
54 100 8 38 3 1
54 108 12 38 3 1
54 120 9 38 3 1
54 129 28 38 3 2
54 157 15 38 3 2
54 172 12 38 3 2
54 184 16 28 3 2
82 184 2 10 3 2
82 186 7 10 3 3
82 193 7 10 3 2
92 34 6 29 3 2
92 40 27 29 3 1
92 67 12 29 3 1
92 79 12 29 3 2
92 91 9 29 3 1
92 100 8 29 3 2
92 108 30 29 3 1
92 138 23 29 3 1
92 161 14 29 3 3
92 175 13 29 3 2
92 188 8 29 3 1
92 196 4 16 3 2
108 196 4 13 3 2
121 17 20 59 3 2
121 37 33 33 3 3
121 70 13 33 3 2
121 83 20 33 3 2
121 103 23 33 3 2
121 126 9 33 3 1
121 135 26 33 3 1
121 161 17 33 3 1
121 178 18 33 3 3
121 196 4 21 3 2
142 196 4 12 3 2
154 37 34 39 3 1
154 71 17 70 3 2
154 88 23 56 3 1
154 111 31 36 3 1
154 142 15 56 3 2
154 157 24 56 3 1
154 181 19 52 3 1
206 181 1 4 3 2
206 182 2 4 3 2
206 184 1 4 3 1
206 185 2 4 3 1
206 187 2 4 3 3
206 189 3 4 3 1
206 192 1 4 3 1
206 193 7 4 3 1
190 111 4 20 3 1
190 115 15 20 3 1
190 130 8 20 3 3
190 138 4 15 3 1
205 138 4 5 3 1
210 88 24 53 3 1
210 112 28 38 3 3
210 140 21 52 3 1
210 161 23 57 3 1
210 184 16 39 3 2
249 184 16 18 3 2
267 161 21 52 3 1
267 182 18 58 3 2
325 182 18 59 3 2
384 182 18 53 3 2
437 182 18 58 3 1
495 182 18 39 3 1
534 182 18 75 3 2
609 182 18 41 3 1
650 182 18 27 3 1
677 182 7 23 3 1
677 189 11 23 3 3
319 161 21 56 3 1
375 161 21 41 3 2
416 161 21 40 3 2
456 161 21 42 3 1
498 161 21 55 3 2
553 161 21 62 3 2
615 161 21 57 3 1
672 161 6 28 3 1
672 167 7 28 3 1
672 174 8 28 3 1
262 140 21 65 3 1
327 140 21 43 3 2
370 140 21 42 3 2
412 140 17 78 3 1
412 157 4 39 3 2
451 157 4 27 3 1
478 157 4 7 3 1
485 157 4 5 3 3
490 140 21 67 3 2
557 140 21 61 3 1
618 140 21 49 3 1
667 140 21 33 3 1
248 112 22 53 3 2
248 134 6 34 3 1
282 134 6 38 3 2
320 134 6 42 3 1
362 134 6 65 3 2
427 134 6 33 3 1
460 134 6 40 3 1
500 134 6 59 3 1
559 134 6 45 3 1
604 134 6 37 3 1
641 134 6 24 3 1
665 134 6 16 3 1
681 134 6 11 3 2
692 134 6 8 3 1
301 112 22 45 3 3
346 112 22 36 3 1
382 112 22 67 3 1
449 112 17 81 3 1
449 129 5 47 3 1
496 129 5 44 3 2
540 129 5 57 3 2
597 129 5 31 3 1
628 129 5 30 3 2
658 129 5 22 3 1
680 129 5 20 3 1
530 112 17 59 3 2
589 112 17 47 3 2
636 112 17 37 3 1
673 112 17 23 3 1
696 112 1 4 3 2
696 113 1 4 3 1
696 114 2 4 3 1
696 116 1 4 3 2
696 117 2 4 3 1
696 119 2 4 3 2
696 121 1 4 3 2
696 122 2 4 3 2
696 124 5 4 3 3
263 88 24 50 3 2
313 88 20 60 3 1
313 108 4 21 3 1
334 108 4 16 3 2
350 108 4 13 3 2
363 108 4 10 3 2
373 88 24 51 3 1
424 88 19 67 3 3
424 107 5 48 3 1
472 107 5 52 3 3
524 107 5 27 3 2
551 107 5 34 3 2
585 107 5 51 3 3
636 107 5 18 3 2
654 107 5 23 3 2
677 107 5 10 3 1
687 107 5 13 3 2
491 88 19 44 3 3
535 88 19 58 3 2
593 88 14 72 3 2
593 102 5 30 3 2
623 102 5 25 3 2
648 102 5 17 3 1
665 88 7 35 3 4
665 95 12 35 3 3
224 71 17 55 3 2
279 71 17 39 3 1
318 71 17 44 3 1
362 71 17 36 3 1
398 71 17 46 3 2
444 71 17 65 3 1
509 71 17 72 3 1
581 71 17 41 3 2
622 71 17 37 3 3
659 71 17 41 3 1
193 37 28 40 3 2
193 65 6 22 3 2
215 65 6 18 3 2
233 37 23 44 3 2
233 60 11 44 3 2
277 60 11 44 3 1
321 60 11 63 3 3
384 60 11 49 3 1
433 60 11 79 3 2
512 60 11 50 3 3
562 60 11 53 3 3
615 60 11 34 3 2
649 60 11 29 3 1
678 60 11 22 3 1
277 37 23 37 3 1
314 37 18 65 3 1
314 55 5 17 3 1
331 55 5 24 3 2
355 55 5 24 3 1
379 37 16 74 3 2
379 53 7 30 3 3
409 53 7 38 3 2
447 53 2 6 3 2
447 55 5 6 3 1
453 37 23 55 3 3
508 37 23 34 3 1
542 37 23 56 3 1
598 37 23 32 3 2
630 37 19 52 3 1
630 56 4 12 3 1
642 56 4 26 3 2
668 56 4 14 3 1
682 37 6 18 3 1
682 43 6 18 3 2
682 49 6 18 3 2
682 55 5 18 3 1
180 17 20 47 3 1
227 17 20 67 3 1
294 17 20 48 3 2
342 17 16 73 3 2
342 33 4 35 3 2
377 33 4 12 3 1
389 33 4 22 3 1
411 33 4 4 3 2
415 17 20 58 3 1
473 17 20 41 3 2
514 17 20 67 3 1
581 17 20 39 3 2
620 17 20 44 3 2
664 17 8 36 3 1
664 25 12 21 3 2
685 25 12 15 3 1
73 0 17 68 3 1
141 0 17 42 3 1
183 0 17 52 3 2
235 0 17 65 3 3
300 0 17 63 3 1
363 0 17 53 3 1
416 0 17 58 3 3
474 0 17 51 3 2
525 0 17 43 3 2
568 0 17 71 3 1
639 0 17 42 3 2
681 0 11 19 3 2
681 11 6 19 3 1
0 0 20 42 2 2
0 20 33 28 2 1
0 53 6 28 2 1
0 59 17 28 2 2
0 76 13 28 2 2
0 89 15 28 2 1
0 104 19 28 2 2
0 123 7 28 2 1
0 130 8 28 2 1
0 138 13 28 2 1
0 151 9 28 2 1
0 160 6 28 2 1
0 166 8 28 2 2
0 174 6 28 2 2
0 180 17 28 2 1
0 197 6 28 2 1
0 203 15 28 2 2
0 218 9 28 2 1
0 227 7 28 2 3
0 234 12 28 2 2
0 246 17 28 2 2
0 263 14 28 2 2
0 277 10 28 2 3
0 287 8 28 2 2
0 295 5 17 2 1
17 295 5 11 2 2
28 20 4 14 2 1
28 24 4 14 2 2
28 28 6 14 2 1
28 34 3 14 2 1
28 37 6 14 2 2
28 43 12 14 2 2
28 55 4 14 2 2
28 59 4 14 2 1
28 63 3 14 2 1
28 66 4 14 2 1
28 70 4 14 2 2
28 74 5 14 2 2
28 79 20 14 2 1
28 99 11 14 2 1
28 110 4 14 2 1
28 114 19 14 2 1
28 133 4 14 2 1
28 137 3 14 2 1
28 140 8 14 2 1
28 148 6 14 2 1
28 154 8 14 2 4
28 162 7 14 2 1
28 169 3 14 2 1
28 172 5 14 2 1
28 177 11 14 2 1
28 188 9 14 2 1
28 197 6 14 2 3
28 203 8 14 2 3
28 211 12 14 2 1
28 223 6 14 2 4
28 229 3 14 2 2
28 232 10 14 2 3
28 242 4 14 2 1
28 246 5 14 2 2
28 251 5 14 2 1
28 256 6 14 2 1
28 262 11 14 2 1
28 273 5 14 2 2
28 278 7 14 2 3
28 285 3 14 2 2
28 288 3 14 2 1
28 291 5 14 2 2
28 296 4 14 2 1
42 0 23 39 2 1
42 23 15 64 2 1
42 38 24 44 2 3
42 62 21 46 2 1
42 83 36 29 2 2
42 119 14 29 2 2
42 133 22 29 2 3
42 155 33 29 2 2
42 188 28 29 2 1
42 216 6 29 2 2
42 222 12 29 2 2
42 234 14 29 2 3
42 248 6 29 2 2
42 254 14 29 2 1
42 268 8 29 2 1
42 276 16 29 2 1
42 292 8 29 2 2
71 83 7 35 2 1
71 90 20 35 2 1
71 110 28 35 2 2
71 138 16 35 2 2
71 154 11 35 2 2
71 165 15 35 2 2
71 180 27 35 2 2
71 207 8 35 2 2
71 215 7 35 2 2
71 222 16 35 2 1
71 238 13 35 2 1
71 251 15 35 2 1
71 266 29 35 2 1
71 295 5 25 2 1
96 295 5 10 2 2
88 62 4 18 2 1
88 66 6 18 2 2
88 72 4 18 2 1
88 76 7 18 2 3
86 38 9 20 2 1
86 47 10 20 2 1
86 57 5 11 2 1
97 57 5 9 2 3
106 23 17 63 2 1
106 40 15 69 2 1
106 55 33 35 2 1
106 88 21 48 2 2
106 109 12 48 2 1
106 121 17 48 2 2
106 138 23 38 2 2
106 161 10 38 2 1
106 171 27 38 2 1
106 198 32 29 2 1
106 230 19 38 2 2
106 249 35 38 2 2
106 284 16 31 2 1
137 284 2 7 2 2
137 286 5 7 2 1
137 291 2 7 2 2
137 293 3 7 2 2
137 296 4 7 2 2
135 198 3 9 2 1
135 201 3 9 2 1
135 204 3 9 2 1
135 207 2 9 2 1
135 209 2 9 2 1
135 211 3 9 2 1
135 214 12 9 2 1
135 226 4 9 2 2
144 138 4 10 2 1
144 142 10 10 2 2
144 152 5 10 2 2
144 157 2 10 2 1
144 159 3 10 2 1
144 162 3 10 2 3
144 165 8 10 2 1
144 173 3 10 2 1
144 176 8 10 2 1
144 184 4 10 2 1
144 188 13 10 2 1
144 201 4 10 2 2
144 205 3 10 2 1
144 208 4 10 2 3
144 212 8 10 2 1
144 220 7 10 2 1
144 227 7 10 2 1
144 234 5 10 2 2
144 239 3 10 2 2
144 242 4 10 2 1
144 246 2 10 2 1
144 248 5 10 2 1
144 253 4 10 2 2
144 257 5 10 2 3
144 262 10 10 2 3
144 272 8 10 2 1
144 280 4 10 2 2
144 284 3 10 2 2
144 287 4 10 2 2
144 291 9 10 2 2
154 88 21 21 2 2
154 109 5 21 2 1
154 114 6 21 2 1
154 120 9 21 2 3
154 129 13 21 2 2
154 142 6 21 2 1
154 148 10 21 2 1
154 158 8 21 2 1
154 166 10 21 2 2
154 176 18 21 2 1
154 194 10 21 2 1
154 204 5 21 2 2
154 209 9 21 2 1
154 218 10 21 2 1
154 228 4 21 2 1
154 232 11 21 2 1
154 243 7 21 2 1
154 250 11 21 2 2
154 261 9 21 2 3
154 270 23 21 2 2
154 293 7 21 2 3
141 55 18 34 2 2
141 73 15 18 2 1
159 73 7 16 2 2
159 80 8 12 2 2
171 80 1 4 2 2
171 81 2 4 2 2
171 83 5 4 2 1
175 40 30 38 2 1
175 70 26 39 2 1
175 96 28 30 2 1
175 124 31 33 2 2
175 155 21 33 2 2
175 176 14 33 2 1
175 190 20 33 2 1
175 210 9 33 2 1
175 219 21 33 2 1
175 240 17 33 2 1
175 257 12 33 2 1
175 269 11 33 2 1
175 280 20 28 2 2
203 280 1 5 2 2
203 281 1 5 2 2
203 282 7 5 2 2
203 289 2 5 2 1
203 291 1 5 2 2
203 292 8 5 2 1
208 124 2 6 2 1
208 126 7 6 2 3
208 133 2 6 2 1
208 135 1 6 2 1
208 136 4 6 2 4
208 140 1 6 2 2
208 141 2 6 2 1
208 143 2 6 2 2
208 145 2 6 2 2
208 147 5 6 2 2
208 152 6 6 2 1
208 158 3 6 2 1
208 161 2 6 2 1
208 163 1 6 2 2
208 164 1 6 2 2
208 165 2 6 2 1
208 167 3 6 2 2
208 170 2 6 2 1
208 172 6 6 2 2
208 178 4 6 2 1
208 182 2 6 2 1
208 184 2 6 2 2
208 186 3 6 2 2
208 189 3 6 2 1
208 192 3 6 2 1
208 195 6 6 2 1
208 201 2 6 2 1
208 203 3 6 2 3
208 206 3 6 2 1
208 209 2 6 2 1
208 211 3 6 2 2
208 214 5 6 2 1
208 219 5 6 2 2
208 224 2 6 2 1
208 226 8 6 2 1
208 234 2 6 2 1
208 236 3 6 2 2
208 239 2 6 2 1
208 241 5 6 2 1
208 246 3 6 2 1
208 249 2 6 2 2
208 251 5 6 2 3
208 256 2 6 2 2
208 258 6 6 2 1
208 264 2 6 2 2
208 266 6 6 2 2
208 272 6 6 2 2
208 278 6 6 2 1
208 284 2 6 2 1
208 286 3 6 2 1
208 289 3 6 2 2
208 292 3 6 2 1
208 295 5 6 2 2
205 96 6 9 2 1
205 102 6 9 2 2
205 108 5 9 2 2
205 113 2 9 2 2
205 115 4 9 2 2
205 119 5 9 2 1
214 70 17 59 2 2
214 87 15 64 2 1
214 102 17 58 2 1
214 119 27 40 2 2
214 146 13 40 2 1
214 159 9 40 2 1
214 168 28 32 2 2
214 196 8 40 2 1
214 204 33 32 2 2
214 237 14 40 2 2
214 251 38 25 2 1
214 289 11 30 2 1
244 289 11 10 2 1
239 251 4 15 2 2
239 255 8 15 2 1
239 263 9 15 2 1
239 272 3 15 2 1
239 275 7 15 2 2
239 282 3 15 2 2
239 285 4 15 2 2
246 204 4 8 2 1
246 208 3 8 2 2
246 211 4 8 2 3
246 215 2 8 2 2
246 217 7 8 2 2
246 224 6 8 2 2
246 230 7 8 2 2
246 168 3 8 2 3
246 171 3 8 2 2
246 174 8 8 2 2
246 182 2 8 2 1
246 184 4 8 2 1
246 188 2 8 2 1
246 190 2 8 2 1
246 192 4 8 2 2
254 119 27 24 2 2
254 146 6 24 2 1
254 152 20 24 2 3
254 172 6 24 2 3
254 178 17 24 2 1
254 195 5 24 2 2
254 200 30 24 2 2
254 230 5 24 2 2
254 235 13 24 2 1
254 248 12 24 2 2
254 260 25 24 2 2
254 285 8 24 2 1
254 293 7 24 2 2
272 102 1 6 2 2
272 103 2 6 2 1
272 105 3 6 2 1
272 108 5 6 2 2
272 113 2 6 2 1
272 115 4 6 2 1
278 87 24 37 2 2
278 111 20 40 2 1
278 131 37 28 2 1
278 168 21 28 2 2
278 189 10 28 2 2
278 199 12 28 2 3
278 211 30 28 2 2
278 241 12 28 2 2
278 253 6 28 2 1
278 259 8 28 2 1
278 267 19 28 2 1
278 286 14 28 2 2
306 131 20 42 2 3
306 151 19 42 2 2
306 170 26 33 2 2
306 196 12 33 2 1
306 208 11 33 2 2
306 219 22 33 2 2
306 241 31 33 2 1
306 272 21 33 2 2
306 293 7 21 2 1
327 293 7 12 2 1
339 170 10 9 2 3
339 180 3 9 2 2
339 183 3 9 2 1
339 186 3 9 2 2
339 189 2 9 2 1
339 191 2 9 2 1
339 193 5 9 2 1
339 198 2 9 2 2
339 200 6 9 2 2
339 206 3 9 2 3
339 209 6 9 2 2
339 215 8 9 2 1
339 223 2 9 2 1
339 225 5 9 2 2
339 230 7 9 2 1
339 237 2 9 2 2
339 239 2 9 2 1
339 241 9 9 2 1
339 250 2 9 2 2
339 252 2 9 2 2
339 254 3 9 2 2
339 257 4 9 2 2
339 261 2 9 2 2
339 263 3 9 2 1
339 266 4 9 2 2
339 270 3 9 2 1
339 273 4 9 2 2
339 277 4 9 2 1
339 281 4 9 2 2
339 285 3 9 2 1
339 288 2 9 2 2
339 290 4 9 2 3
339 294 6 9 2 1
348 131 18 52 2 3
348 149 20 45 2 1
348 169 20 45 2 1
348 189 9 45 2 1
348 198 10 45 2 1
348 208 29 29 2 2
348 237 23 29 2 1
348 260 16 29 2 2
348 276 6 29 2 2
348 282 18 29 2 1
377 208 10 16 2 2
377 218 9 16 2 2
377 227 12 16 2 1
377 239 7 16 2 1
377 246 9 16 2 2
377 255 6 16 2 2
377 261 4 16 2 2
377 265 5 16 2 1
377 270 8 16 2 2
377 278 9 16 2 1
377 287 8 16 2 1
377 295 5 16 2 1
393 149 3 7 2 3
393 152 2 7 2 2
393 154 2 7 2 1
393 156 2 7 2 1
393 158 7 7 2 1
393 165 3 7 2 3
393 168 8 7 2 1
393 176 2 7 2 1
393 178 5 7 2 3
393 183 3 7 2 1
393 186 5 7 2 2
393 191 2 7 2 2
393 193 3 7 2 1
393 196 6 7 2 1
393 202 6 7 2 1
393 208 4 7 2 1
393 212 3 7 2 1
393 215 5 7 2 3
393 220 2 7 2 1
393 222 5 7 2 1
393 227 5 7 2 2
393 232 6 7 2 2
393 238 2 7 2 1
393 240 3 7 2 1
393 243 8 7 2 1
393 251 4 7 2 3
393 255 3 7 2 3
393 258 1 7 2 2
393 259 2 7 2 3
393 261 2 7 2 1
393 263 6 7 2 2
393 269 5 7 2 2
393 274 2 7 2 1
393 276 2 7 2 2
393 278 4 7 2 1
393 282 3 7 2 1
393 285 4 7 2 1
393 289 2 7 2 3
393 291 3 7 2 4
393 294 6 7 2 1
318 111 20 50 2 1
368 111 12 32 2 2
368 123 8 32 2 2
315 87 20 46 2 2
315 107 4 19 2 1
334 107 4 17 2 2
351 107 4 10 2 1
361 87 9 39 2 1
361 96 15 33 2 1
394 96 2 6 2 1
394 98 6 6 2 1
394 104 1 6 2 1
394 105 6 6 2 2
273 70 17 48 2 1
321 70 17 60 2 1
381 70 5 19 2 1
381 75 4 19 2 2
381 79 8 12 2 1
393 79 3 7 2 1
393 82 5 7 2 1
213 40 21 47 2 2
213 61 9 47 2 2
260 40 16 68 2 1
260 56 14 40 2 3
300 56 14 28 2 2
328 40 30 33 2 2
361 40 12 39 2 1
361 52 11 39 2 2
361 63 7 26 2 1
387 63 3 13 2 1
387 66 4 13 2 2
169 23 17 31 2 3
200 23 17 64 2 1
264 23 17 41 2 2
305 23 17 48 2 1
353 23 13 47 2 3
353 36 4 22 2 1
375 36 4 17 2 1
392 36 4 8 2 2
81 0 23 43 2 2
124 0 23 35 2 3
159 0 23 40 2 1
199 0 23 29 2 1
228 0 23 28 2 1
256 0 23 49 2 2
305 0 23 40 2 2
345 0 13 55 2 1
345 13 10 27 2 2
372 13 10 17 2 2
389 13 3 11 2 1
389 16 2 11 2 1
389 18 5 11 2 2
0 0 26 28 2 1
0 26 18 41 2 2
0 44 20 39 2 2
0 64 13 57 2 1
0 77 14 47 2 2
0 91 14 52 2 2
0 105 17 45 2 2
0 122 31 20 2 1
0 153 10 20 2 3
0 163 21 20 2 1
0 184 7 20 2 2
0 191 11 20 2 3
0 202 18 20 2 1
0 220 6 20 2 1
0 226 4 20 2 1
0 230 9 20 2 1
0 239 8 20 2 2
0 247 5 20 2 1
0 252 6 20 2 3
0 258 6 20 2 1
0 264 7 20 2 2
0 271 4 20 2 1
0 275 4 20 2 1
0 279 8 20 2 1
0 287 13 20 2 2
20 122 30 23 2 2
20 152 12 23 2 2
20 164 8 23 2 1
20 172 6 23 2 2
20 178 22 23 2 2
20 200 6 23 2 1
20 206 8 23 2 3
20 214 7 23 2 2
20 221 6 23 2 2
20 227 22 23 2 1
20 249 21 23 2 3
20 270 6 23 2 2
20 276 5 23 2 2
20 281 7 23 2 2
20 288 12 18 2 1
38 288 4 5 2 2
38 292 3 5 2 1
38 295 1 5 2 1
38 296 4 5 2 1
43 122 10 14 2 3
43 132 5 14 2 2
43 137 5 14 2 1
43 142 7 14 2 1
43 149 7 14 2 2
43 156 9 14 2 2
43 165 7 14 2 3
43 172 6 14 2 3
43 178 13 14 2 2
43 191 12 14 2 1
43 203 14 14 2 1
43 217 4 14 2 1
43 221 5 14 2 2
43 226 7 14 2 2
43 233 9 14 2 2
43 242 10 14 2 3
43 252 7 14 2 1
43 259 3 14 2 3
43 262 18 14 2 2
43 280 14 14 2 1
43 294 6 14 2 1
45 105 4 12 2 2
45 109 4 12 2 1
45 113 9 12 2 3
52 91 2 5 2 1
52 93 1 5 2 4
52 94 5 5 2 2
52 99 2 5 2 2
52 101 4 5 2 2
47 77 6 10 2 2
47 83 3 10 2 1
47 86 5 10 2 2
57 64 16 47 2 1
57 80 9 47 2 2
57 89 17 47 2 1
57 106 26 30 2 1
57 132 13 47 2 1
57 145 12 47 2 1
57 157 16 47 2 3
57 173 18 43 2 2
57 191 20 35 2 1
57 211 13 47 2 1
57 224 10 47 2 1
57 234 14 43 2 1
57 248 18 41 2 1
57 266 16 47 2 1
57 282 18 42 2 2
99 282 3 5 2 1
99 285 2 5 2 3
99 287 3 5 2 2
99 290 2 5 2 1
99 292 1 5 2 1
99 293 3 5 2 2
99 296 4 5 2 3
98 248 2 6 2 2
98 250 2 6 2 1
98 252 8 6 2 1
98 260 6 6 2 2
100 234 1 4 2 3
100 235 3 4 2 2
100 238 3 4 2 1
100 241 2 4 2 2
100 243 1 4 2 1
100 244 4 4 2 1
92 191 5 12 2 1
92 196 3 12 2 2
92 199 7 12 2 3
92 206 5 12 2 1
100 173 2 4 2 1
100 175 2 4 2 3
100 177 5 4 2 2
100 182 5 4 2 2
100 187 4 4 2 1
87 106 5 17 2 1
87 111 7 17 2 2
87 118 14 17 2 2
104 64 25 33 2 1
104 89 16 44 2 1
104 105 15 49 2 2
104 120 13 53 2 1
104 133 23 32 2 1
104 156 24 34 2 3
104 180 9 34 2 2
104 189 12 34 2 3
104 201 26 28 2 3
104 227 22 28 2 1
104 249 9 28 2 1
104 258 6 28 2 2
104 264 11 28 2 2
104 275 20 28 2 3
104 295 5 28 2 3
132 201 1 6 2 1
132 202 2 6 2 3
132 204 2 6 2 1
132 206 2 6 2 2
132 208 5 6 2 1
132 213 2 6 2 1
132 215 2 6 2 2
132 217 2 6 2 1
132 219 2 6 2 1
132 221 5 6 2 1
132 226 3 6 2 2
132 229 3 6 2 1
132 232 6 6 2 1
132 238 1 6 2 1
132 239 3 6 2 2
132 242 2 6 2 1
132 244 2 6 2 1
132 246 2 6 2 1
132 248 3 6 2 2
132 251 1 6 2 1
132 252 6 6 2 1
132 258 4 6 2 1
132 262 1 6 2 1
132 263 2 6 2 1
132 265 3 6 2 2
132 268 1 6 2 2
132 269 2 6 2 2
132 271 1 6 2 1
132 272 1 6 2 1
132 273 2 6 2 1
132 275 2 6 2 2
132 277 2 6 2 1
132 279 4 6 2 3
132 283 2 6 2 2
132 285 2 6 2 2
132 287 5 6 2 2
132 292 1 6 2 1
132 293 2 6 2 2
132 295 5 6 2 2
138 156 13 19 2 1
138 169 7 19 2 2
138 176 12 19 2 1
138 188 7 19 2 1
138 195 6 19 2 1
138 201 11 19 2 1
138 212 9 19 2 2
138 221 7 19 2 1
138 228 7 19 2 3
138 235 5 19 2 1
138 240 10 19 2 1
138 250 13 19 2 1
138 263 10 19 2 1
138 273 15 19 2 1
138 288 12 15 2 1
153 288 1 4 2 2
153 289 1 4 2 1
153 290 2 4 2 2
153 292 1 4 2 2
153 293 1 4 2 2
153 294 6 4 2 1
136 133 5 21 2 1
136 138 7 21 2 1
136 145 11 21 2 1
157 120 14 48 2 3
157 134 23 29 2 1
157 157 8 29 2 2
157 165 10 29 2 1
157 175 12 29 2 2
157 187 14 29 2 1
157 201 20 29 2 1
157 221 16 29 2 1
157 237 8 29 2 1
157 245 6 29 2 1
157 251 6 29 2 1
157 257 7 29 2 2
157 264 6 29 2 2
157 270 30 25 2 3
182 270 1 4 2 2
182 271 1 4 2 1
182 272 5 4 2 2
182 277 3 4 2 1
182 280 3 4 2 2
182 283 1 4 2 2
182 284 2 4 2 2
182 286 2 4 2 1
182 288 2 4 2 2
182 290 1 4 2 2
182 291 1 4 2 2
182 292 3 4 2 1
182 295 1 4 2 1
182 296 4 4 2 2
186 134 13 49 2 1
186 147 16 44 2 1
186 163 23 36 2 1
186 186 15 44 2 1
186 201 10 44 2 1
186 211 21 39 2 2
186 232 20 39 2 1
186 252 16 39 2 1
186 268 32 28 2 2
214 268 4 11 2 1
214 272 2 11 2 3
214 274 4 11 2 2
214 278 6 11 2 1
214 284 4 11 2 2
214 288 6 11 2 1
214 294 6 11 2 1
225 211 7 5 2 2
225 218 1 5 2 1
225 219 3 5 2 1
225 222 1 5 2 1
225 223 3 5 2 2
225 226 6 5 2 1
225 232 2 5 2 1
225 234 2 5 2 1
225 236 2 5 2 1
225 238 2 5 2 1
225 240 2 5 2 2
225 242 3 5 2 1
225 245 2 5 2 1
225 247 2 5 2 1
225 249 1 5 2 1
225 250 1 5 2 2
225 251 2 5 2 2
225 253 2 5 2 2
225 255 1 5 2 2
225 256 2 5 2 1
225 258 3 5 2 1
225 261 1 5 2 4
225 262 2 5 2 1
225 264 5 5 2 2
225 269 4 5 2 1
225 273 2 5 2 1
225 275 2 5 2 2
225 277 2 5 2 2
225 279 2 5 2 2
225 281 1 5 2 1
225 282 5 5 2 1
225 287 1 5 2 1
225 288 2 5 2 2
225 290 1 5 2 1
225 291 2 5 2 1
225 293 7 5 2 1
222 163 4 8 2 1
222 167 4 8 2 2
222 171 7 8 2 1
222 178 8 8 2 1
230 147 4 5 2 1
230 151 2 5 2 2
230 153 3 5 2 2
230 156 1 5 2 1
230 157 2 5 2 1
230 159 1 5 2 1
230 160 3 5 2 2
230 163 2 5 2 3
230 165 6 5 2 2
230 171 2 5 2 2
230 173 2 5 2 2
230 175 2 5 2 2
230 177 1 5 2 2
230 178 2 5 2 1
230 180 2 5 2 2
230 182 3 5 2 1
230 185 6 5 2 2
230 191 2 5 2 1
230 193 4 5 2 1
230 197 2 5 2 1
230 199 2 5 2 2
230 201 3 5 2 1
230 204 2 5 2 2
230 206 1 5 2 1
230 207 3 5 2 2
230 210 2 5 2 1
230 212 1 5 2 1
230 213 2 5 2 2
230 215 1 5 2 1
230 216 2 5 2 1
230 218 4 5 2 2
230 222 6 5 2 2
230 228 2 5 2 2
230 230 4 5 2 1
230 234 2 5 2 1
230 236 2 5 2 2
230 238 2 5 2 1
230 240 1 5 2 2
230 241 2 5 2 3
230 243 1 5 2 4
230 244 1 5 2 2
230 245 4 5 2 3
230 249 2 5 2 1
230 251 1 5 2 2
230 252 4 5 2 3
230 256 2 5 2 2
230 258 2 5 2 2
230 260 4 5 2 1
230 264 1 5 2 1
230 265 5 5 2 2
230 270 6 5 2 2
230 276 2 5 2 1
230 278 2 5 2 1
230 280 3 5 2 2
230 283 5 5 2 1
230 288 6 5 2 1
230 294 6 5 2 2
235 134 19 35 2 2
235 153 13 49 2 1
235 166 20 37 2 1
235 186 21 31 2 3
235 207 25 35 2 1
235 232 13 35 2 1
235 245 10 35 2 3
235 255 20 35 2 2
235 275 15 35 2 1
235 290 10 35 2 1
270 207 11 14 2 1
270 218 4 14 2 1
270 222 6 14 2 1
270 228 4 14 2 1
270 232 8 14 2 2
270 240 4 14 2 3
270 244 3 14 2 2
270 247 7 14 2 2
270 254 10 14 2 2
270 264 6 14 2 1
270 270 6 14 2 2
270 276 6 14 2 1
270 282 10 14 2 3
270 292 3 14 2 1
270 295 5 14 2 2
266 186 4 18 2 4
266 190 17 18 2 2
272 166 3 12 2 1
272 169 3 12 2 3
272 172 14 12 2 1
284 153 2 6 2 2
284 155 2 6 2 1
284 157 2 6 2 1
284 159 4 6 2 1
284 163 5 6 2 1
284 168 3 6 2 2
284 171 1 6 2 4
284 172 3 6 2 2
284 175 5 6 2 2
284 180 3 6 2 2
284 183 2 6 2 1
284 185 5 6 2 3
284 190 3 6 2 1
284 193 2 6 2 2
284 195 5 6 2 3
284 200 6 6 2 1
284 206 6 6 2 1
284 212 2 6 2 2
284 214 3 6 2 2
284 217 1 6 2 2
284 218 2 6 2 3
284 220 2 6 2 3
284 222 2 6 2 1
284 224 3 6 2 2
284 227 3 6 2 1
284 230 1 6 2 2
284 231 2 6 2 2
284 233 2 6 2 1
284 235 5 6 2 2
284 240 1 6 2 1
284 241 2 6 2 1
284 243 2 6 2 2
284 245 2 6 2 1
284 247 4 6 2 3
284 251 1 6 2 3
284 252 4 6 2 1
284 256 4 6 2 1
284 260 6 6 2 1
284 266 2 6 2 2
284 268 5 6 2 2
284 273 1 6 2 2
284 274 3 6 2 2
284 277 2 6 2 3
284 279 3 6 2 1
284 282 2 6 2 2
284 284 5 6 2 1
284 289 2 6 2 2
284 291 2 6 2 2
284 293 3 6 2 1
284 296 4 6 2 1
270 134 8 20 2 2
270 142 11 20 2 1
205 120 14 30 2 1
235 120 14 30 2 1
265 120 14 25 2 2
153 105 15 42 2 1
195 105 15 57 2 2
252 105 11 38 2 3
252 116 4 14 2 3
266 116 4 14 2 2
280 116 4 10 2 2
148 89 16 30 2 2
178 89 16 35 2 2
213 89 16 33 2 2
246 89 16 34 2 1
280 89 2 10 2 2
280 91 3 10 2 3
280 94 6 10 2 1
280 100 5 10 2 2
137 64 13 46 2 3
137 77 12 41 2 1
178 77 12 33 2 1
211 77 12 39 2 2
250 77 12 40 2 3
183 64 13 41 2 2
224 64 13 29 2 1
253 64 9 37 2 2
253 73 4 19 2 2
272 73 4 13 2 2
285 73 4 5 2 2
39 44 20 35 2 1
74 44 15 52 2 2
74 59 5 30 2 2
104 59 5 13 2 2
117 59 5 9 2 2
126 44 20 33 2 2
159 44 16 45 2 2
159 60 4 50 2 2
209 60 4 19 2 3
228 60 4 30 2 2
258 60 4 17 2 2
275 60 4 15 2 2
204 44 16 59 2 1
263 44 8 27 2 2
263 52 8 22 2 2
285 52 4 5 2 1
285 56 4 5 2 1
41 26 13 52 2 2
41 39 5 54 2 1
95 39 5 57 2 1
152 39 5 51 2 1
203 39 5 20 2 1
223 39 5 34 2 2
257 39 5 24 2 2
281 39 5 9 2 2
93 26 13 25 2 2
118 26 13 57 2 1
175 26 13 51 2 1
226 26 13 37 2 2
263 26 6 27 2 1
263 32 7 21 2 2
284 32 7 6 2 2
28 0 26 27 2 1
55 0 26 27 2 2
82 0 16 48 2 1
82 16 10 21 2 1
103 16 10 30 2 1
133 16 10 47 2 2
180 16 10 51 2 2
231 16 10 37 2 1
268 16 10 22 2 2
130 0 16 42 2 1
172 0 16 52 2 1
224 0 16 27 2 1
251 0 16 39 2 3
0 0 17 42 1 1
0 17 15 42 1 2
0 32 20 42 1 2
0 52 17 42 1 2
0 69 13 42 1 3
0 82 16 42 1 1
0 98 20 34 1 1
0 118 28 34 1 2
0 146 8 34 1 1
0 154 10 34 1 1
0 164 25 34 1 2
0 189 26 27 1 1
0 215 9 27 1 2
0 224 9 27 1 2
0 233 6 27 1 1
0 239 12 27 1 1
0 251 9 27 1 2
0 260 14 27 1 2
0 274 12 27 1 1
0 286 12 27 1 2
0 298 12 27 1 1
0 310 26 27 1 3
0 336 14 27 1 3
27 189 4 7 1 1
27 193 6 7 1 2
27 199 4 7 1 1
27 203 3 7 1 2
27 206 4 7 1 2
27 210 3 7 1 1
27 213 5 7 1 1
27 218 4 7 1 2
27 222 4 7 1 3
27 226 3 7 1 2
27 229 7 7 1 2
27 236 2 7 1 2
27 238 5 7 1 2
27 243 3 7 1 2
27 246 5 7 1 2
27 251 5 7 1 1
27 256 3 7 1 1
27 259 2 7 1 2
27 261 6 7 1 3
27 267 8 7 1 1
27 275 4 7 1 2
27 279 4 7 1 2
27 283 2 7 1 1
27 285 4 7 1 2
27 289 2 7 1 2
27 291 1 7 1 2
27 292 4 7 1 1
27 296 6 7 1 3
27 302 9 7 1 2
27 311 2 7 1 1
27 313 3 7 1 1
27 316 3 7 1 1
27 319 2 7 1 3
27 321 4 7 1 1
27 325 5 7 1 1
27 330 2 7 1 1
27 332 5 7 1 2
27 337 5 7 1 1
27 342 3 7 1 2
27 345 5 7 1 2
34 98 5 8 1 1
34 103 3 8 1 2
34 106 3 8 1 1
34 109 3 8 1 2
34 112 2 8 1 2
34 114 4 8 1 1
34 118 4 8 1 2
34 122 2 8 1 3
34 124 2 8 1 1
34 126 6 8 1 2
34 132 5 8 1 1
34 137 6 8 1 1
34 143 6 8 1 2
34 149 5 8 1 3
34 154 2 8 1 2
34 156 2 8 1 3
34 158 2 8 1 2
34 160 3 8 1 1
34 163 4 8 1 1
34 167 7 8 1 1
34 174 6 8 1 1
34 180 2 8 1 2
34 182 3 8 1 2
34 185 5 8 1 1
34 190 2 8 1 2
34 192 2 8 1 1
34 194 3 8 1 2
34 197 6 8 1 2
34 203 5 8 1 1
34 208 3 8 1 1
34 211 4 8 1 1
34 215 3 8 1 2
34 218 4 8 1 2
34 222 2 8 1 2
34 224 3 8 1 1
34 227 8 8 1 4
34 235 2 8 1 3
34 237 4 8 1 2
34 241 4 8 1 1
34 245 4 8 1 3
34 249 3 8 1 2
34 252 3 8 1 1
34 255 2 8 1 2
34 257 2 8 1 2
34 259 2 8 1 1
34 261 3 8 1 1
34 264 3 8 1 1
34 267 2 8 1 2
34 269 3 8 1 2
34 272 8 8 1 1
34 280 4 8 1 1
34 284 2 8 1 1
34 286 3 8 1 2
34 289 6 8 1 1
34 295 3 8 1 2
34 298 4 8 1 2
34 302 4 8 1 1
34 306 8 8 1 1
34 314 5 8 1 2
34 319 5 8 1 1
34 324 3 8 1 3
34 327 3 8 1 3
34 330 2 8 1 1
34 332 6 8 1 1
34 338 4 8 1 2
34 342 8 8 1 1
42 0 15 53 1 1
42 15 19 34 1 2
42 34 20 38 1 2
42 54 15 53 1 2
42 69 11 53 1 1
42 80 20 43 1 2
42 100 15 43 1 3
42 115 23 30 1 2
42 138 31 30 1 1
42 169 18 30 1 1
42 187 10 30 1 1
42 197 24 30 1 1
42 221 15 30 1 2
42 236 19 30 1 1
42 255 7 30 1 2
42 262 22 30 1 2
42 284 24 30 1 2
42 308 21 30 1 2
42 329 21 30 1 3
72 115 13 13 1 1
72 128 8 13 1 1
72 136 6 13 1 2
72 142 4 13 1 2
72 146 4 13 1 2
72 150 4 13 1 1
72 154 7 13 1 2
72 161 8 13 1 3
72 169 6 13 1 1
72 175 5 13 1 2
72 180 3 13 1 1
72 183 11 13 1 1
72 194 9 13 1 3
72 203 6 13 1 2
72 209 4 13 1 2
72 213 14 13 1 1
72 227 3 13 1 3
72 230 3 13 1 1
72 233 6 13 1 1
72 239 11 13 1 1
72 250 5 13 1 2
72 255 5 13 1 1
72 260 7 13 1 2
72 267 8 13 1 1
72 275 6 13 1 2
72 281 6 13 1 1
72 287 3 13 1 2
72 290 7 13 1 2
72 297 4 13 1 2
72 301 3 13 1 1
72 304 14 13 1 1
72 318 6 13 1 2
72 324 3 13 1 2
72 327 13 13 1 3
72 340 10 13 1 3
85 80 11 10 1 2
85 91 2 10 1 1
85 93 4 10 1 1
85 97 4 10 1 2
85 101 2 10 1 2
85 103 11 10 1 1
85 114 7 10 1 2
85 121 8 10 1 2
85 129 3 10 1 1
85 132 3 10 1 2
85 135 5 10 1 2
85 140 3 10 1 2
85 143 5 10 1 2
85 148 3 10 1 1
85 151 4 10 1 1
85 155 2 10 1 1
85 157 10 10 1 1
85 167 5 10 1 2
85 172 5 10 1 2
85 177 4 10 1 1
85 181 9 10 1 1
85 190 6 10 1 1
85 196 2 10 1 1
85 198 5 10 1 1
85 203 4 10 1 1
85 207 7 10 1 2
85 214 4 10 1 1
85 218 8 10 1 2
85 226 2 10 1 3
85 228 4 10 1 1
85 232 8 10 1 2
85 240 6 10 1 1
85 246 3 10 1 1
85 249 6 10 1 2
85 255 7 10 1 1
85 262 7 10 1 1
85 269 7 10 1 2
85 276 3 10 1 2
85 279 7 10 1 3
85 286 3 10 1 2
85 289 3 10 1 1
85 292 2 10 1 2
85 294 4 10 1 1
85 298 3 10 1 2
85 301 6 10 1 1
85 307 7 10 1 1
85 314 6 10 1 1
85 320 6 10 1 2
85 326 5 10 1 2
85 331 3 10 1 1
85 334 3 10 1 2
85 337 2 10 1 2
85 339 11 10 1 4
80 34 4 15 1 1
80 38 9 15 1 1
80 47 3 15 1 1
80 50 4 10 1 2
90 50 4 5 1 2
76 15 7 19 1 1
76 22 5 19 1 1
76 27 7 19 1 1
95 0 20 35 1 2
95 20 22 35 1 1
95 42 9 35 1 2
95 51 28 31 1 2
95 79 31 29 1 2
95 110 27 29 1 2
95 137 27 29 1 1
95 164 29 25 1 2
95 193 34 29 1 2
95 227 11 29 1 2
95 238 28 29 1 1
95 266 9 29 1 2
95 275 14 29 1 1
95 289 13 29 1 1
95 302 14 29 1 2
95 316 14 29 1 2
95 330 20 24 1 1
119 330 1 5 1 1
119 331 1 5 1 1
119 332 2 5 1 1
119 334 1 5 1 1
119 335 1 5 1 1
119 336 1 5 1 2
119 337 3 5 1 2
119 340 3 5 1 1
119 343 2 5 1 1
119 345 1 5 1 1
119 346 4 5 1 2
120 164 3 4 1 1
120 167 2 4 1 3
120 169 3 4 1 2
120 172 2 4 1 2
120 174 1 4 1 1
120 175 2 4 1 1
120 177 1 4 1 1
120 178 3 4 1 1
120 181 3 4 1 1
120 184 2 4 1 2
120 186 3 4 1 1
120 189 4 4 1 3
124 110 2 6 1 2
124 112 1 6 1 2
124 113 2 6 1 2
124 115 1 6 1 1
124 116 5 6 1 1
124 121 2 6 1 1
124 123 3 6 1 1
124 126 4 6 1 1
124 130 1 6 1 1
124 131 3 6 1 1
124 134 4 6 1 2
124 138 2 6 1 2
124 140 4 6 1 1
124 144 3 6 1 2
124 147 3 6 1 1
124 150 3 6 1 2
124 153 2 6 1 2
124 155 1 6 1 2
124 156 2 6 1 1
124 158 5 6 1 1
124 163 1 6 1 1
124 164 1 6 1 1
124 165 5 6 1 1
124 170 1 6 1 2
124 171 4 6 1 1
124 175 2 6 1 2
124 177 3 6 1 2
124 180 7 6 1 2
124 187 4 6 1 3
124 191 2 6 1 1
124 193 1 6 1 1
124 194 3 6 1 2
124 197 3 6 1 2
124 200 7 6 1 2
124 207 2 6 1 1
124 209 3 6 1 1
124 212 7 6 1 2
124 219 6 6 1 1
124 225 1 6 1 2
124 226 2 6 1 1
124 228 2 6 1 2
124 230 3 6 1 3
124 233 3 6 1 1
124 236 6 6 1 1
124 242 4 6 1 1
124 246 8 6 1 1
124 254 5 6 1 3
124 259 5 6 1 1
124 264 2 6 1 2
124 266 2 6 1 2
124 268 2 6 1 1
124 270 3 6 1 1
124 273 1 6 1 3
124 274 3 6 1 1
124 277 3 6 1 2
124 280 6 6 1 2
124 286 5 6 1 1
124 291 3 6 1 2
124 294 2 6 1 3
124 296 3 6 1 1
124 299 3 6 1 3
124 302 2 6 1 2
124 304 2 6 1 2
124 306 3 6 1 1
124 309 2 6 1 2
124 311 2 6 1 1
124 313 1 6 1 1
124 314 2 6 1 1
124 316 2 6 1 2
124 318 2 6 1 1
124 320 1 6 1 1
124 321 2 6 1 1
124 323 4 6 1 2
124 327 3 6 1 1
124 330 5 6 1 1
124 335 3 6 1 1
124 338 7 6 1 2
124 345 5 6 1 2
124 79 4 6 1 1
124 83 1 6 1 1
124 84 5 6 1 4
124 89 2 6 1 2
124 91 4 6 1 1
124 95 6 6 1 1
124 101 4 6 1 1
124 105 5 6 1 1
126 51 3 4 1 1
126 54 4 4 1 2
126 58 3 4 1 2
126 61 3 4 1 2
126 64 3 4 1 3
126 67 2 4 1 1
126 69 2 4 1 1
126 71 2 4 1 3
126 73 6 4 1 3
130 0 28 30 1 1
130 28 21 30 1 2
130 49 21 30 1 1
130 70 8 30 1 2
130 78 19 30 1 1
130 97 11 30 1 1
130 108 21 30 1 2
130 129 28 30 1 1
130 157 18 30 1 2
130 175 9 30 1 3
130 184 10 30 1 1
130 194 7 30 1 2
130 201 6 30 1 1
130 207 14 30 1 1
130 221 8 30 1 2
130 229 13 30 1 1
130 242 11 30 1 1
130 253 23 30 1 1
130 276 9 30 1 1
130 285 9 30 1 1
130 294 9 30 1 3
130 303 11 30 1 3
130 314 7 30 1 3
130 321 29 30 1 1
160 0 14 60 1 1
160 14 24 37 1 1
160 38 9 37 1 3
160 47 28 29 1 1
160 75 8 29 1 2
160 83 12 29 1 1
160 95 11 29 1 1
160 106 15 29 1 2
160 121 24 29 1 1
160 145 7 29 1 1
160 152 12 29 1 1
160 164 17 29 1 1
160 181 12 29 1 1
160 193 23 29 1 1
160 216 9 29 1 1
160 225 6 29 1 2
160 231 11 29 1 1
160 242 12 29 1 1
160 254 19 29 1 2
160 273 10 29 1 3
160 283 10 29 1 2
160 293 20 29 1 2
160 313 8 29 1 1
160 321 9 29 1 2
160 330 10 29 1 2
160 340 10 17 1 1
177 340 3 12 1 2
177 343 7 12 1 2
189 47 2 8 1 1
189 49 2 8 1 2
189 51 4 8 1 2
189 55 3 8 1 1
189 58 2 8 1 1
189 60 5 8 1 1
189 65 2 8 1 1
189 67 3 8 1 1
189 70 4 8 1 2
189 74 7 8 1 2
189 81 2 8 1 1
189 83 2 8 1 2
189 85 2 8 1 2
189 87 3 8 1 2
189 90 2 8 1 2
189 92 5 8 1 1
189 97 2 8 1 1
189 99 7 8 1 1
189 106 4 8 1 1
189 110 4 8 1 2
189 114 2 8 1 2
189 116 3 8 1 2
189 119 2 8 1 2
189 121 2 8 1 2
189 123 8 8 1 1
189 131 5 8 1 1
189 136 2 8 1 1
189 138 2 8 1 2
189 140 3 8 1 3
189 143 3 8 1 1
189 146 6 8 1 1
189 152 4 8 1 1
189 156 2 8 1 1
189 158 3 8 1 2
189 161 3 8 1 1
189 164 2 8 1 1
189 166 6 8 1 3
189 172 4 8 1 1
189 176 6 8 1 3
189 182 5 8 1 1
189 187 3 8 1 2
189 190 3 8 1 2
189 193 2 8 1 3
189 195 5 8 1 1
189 200 2 8 1 2
189 202 4 8 1 4
189 206 6 8 1 1
189 212 4 8 1 1
189 216 3 8 1 1
189 219 3 8 1 2
189 222 3 8 1 1
189 225 6 8 1 2
189 231 3 8 1 1
189 234 6 8 1 2
189 240 3 8 1 1
189 243 8 8 1 1
189 251 2 8 1 2
189 253 2 8 1 1
189 255 4 8 1 1
189 259 3 8 1 1
189 262 4 8 1 1
189 266 2 8 1 1
189 268 4 8 1 2
189 272 3 8 1 2
189 275 3 8 1 2
189 278 5 8 1 2
189 283 4 8 1 1
189 287 2 8 1 3
189 289 3 8 1 1
189 292 3 8 1 2
189 295 2 8 1 3
189 297 2 8 1 2
189 299 2 8 1 2
189 301 3 8 1 1
189 304 2 8 1 1
189 306 9 8 1 1
189 315 6 8 1 2
189 321 2 8 1 1
189 323 3 8 1 1
189 326 5 8 1 2
189 331 3 8 1 1
189 334 7 8 1 3
189 341 4 8 1 2
189 345 5 8 1 1
197 14 23 32 1 1
197 37 17 49 1 2
197 54 16 45 1 2
197 70 31 22 1 1
197 101 15 45 1 1
197 116 10 45 1 2
197 126 9 45 1 1
197 135 20 35 1 2
197 155 14 45 1 3
197 169 21 38 1 1
197 190 14 45 1 1
197 204 22 33 1 3
197 226 14 45 1 1
197 240 28 30 1 2
197 268 18 45 1 2
197 286 12 45 1 3
197 298 18 39 1 2
197 316 10 39 1 2
197 326 10 39 1 2
197 336 14 39 1 2
236 298 3 6 1 2
236 301 1 6 1 1
236 302 3 6 1 2
236 305 6 6 1 2
236 311 3 6 1 2
236 314 5 6 1 1
236 319 4 6 1 3
236 323 5 6 1 2
236 328 2 6 1 2
236 330 4 6 1 1
236 334 2 6 1 3
236 336 4 6 1 3
236 340 3 6 1 1
236 343 2 6 1 2
236 345 1 6 1 2
236 346 4 6 1 1
227 240 6 15 1 3
227 246 12 15 1 1
227 258 10 15 1 1
230 204 6 12 1 1
230 210 8 12 1 1
230 218 8 12 1 3
235 169 7 7 1 1
235 176 6 7 1 3
235 182 3 7 1 1
235 185 5 7 1 2
232 135 4 10 1 1
232 139 6 10 1 1
232 145 4 10 1 3
232 149 6 10 1 2
219 70 13 23 1 2
219 83 18 23 1 1
242 54 1 4 1 1
242 55 1 4 1 1
242 56 1 4 1 1
242 57 2 4 1 1
242 59 2 4 1 1
242 61 1 4 1 2
242 62 3 4 1 2
242 65 2 4 1 1
242 67 2 4 1 2
242 69 4 4 1 1
242 73 2 4 1 2
242 75 6 4 1 2
242 81 2 4 1 2
242 83 3 4 1 2
242 86 3 4 1 2
242 89 3 4 1 1
242 92 2 4 1 1
242 94 2 4 1 1
242 96 3 4 1 1
242 99 1 4 1 3
242 100 1 4 1 2
242 101 1 4 1 2
242 102 1 4 1 2
242 103 4 4 1 2
242 107 1 4 1 1
242 108 1 4 1 1
242 109 1 4 1 1
242 110 2 4 1 3
242 112 1 4 1 2
242 113 1 4 1 2
242 114 3 4 1 2
242 117 2 4 1 3
242 119 4 4 1 2
242 123 1 4 1 2
242 124 2 4 1 1
242 126 2 4 1 1
242 128 1 4 1 2
242 129 2 4 1 1
242 131 2 4 1 2
242 133 1 4 1 2
242 134 1 4 1 1
242 135 1 4 1 2
242 136 1 4 1 1
242 137 1 4 1 1
242 138 2 4 1 1
242 140 4 4 1 1
242 144 2 4 1 2
242 146 1 4 1 1
242 147 4 4 1 2
242 151 1 4 1 1
242 152 1 4 1 1
242 153 2 4 1 2
242 155 1 4 1 2
242 156 1 4 1 2
242 157 3 4 1 2
242 160 1 4 1 1
242 161 2 4 1 1
242 163 3 4 1 1
242 166 2 4 1 3
242 168 3 4 1 1
242 171 1 4 1 1
242 172 2 4 1 2
242 174 2 4 1 2
242 176 1 4 1 2
242 177 1 4 1 2
242 178 2 4 1 1
242 180 2 4 1 1
242 182 2 4 1 3
242 184 2 4 1 1
242 186 1 4 1 1
242 187 4 4 1 1
242 191 2 4 1 2
242 193 3 4 1 2
242 196 1 4 1 1
242 197 1 4 1 2
242 198 1 4 1 3
242 199 1 4 1 1
242 200 4 4 1 3
242 204 2 4 1 2
242 206 1 4 1 1
242 207 3 4 1 2
242 210 2 4 1 2
242 212 2 4 1 3
242 214 2 4 1 3
242 216 3 4 1 2
242 219 1 4 1 1
242 220 4 4 1 1
242 224 1 4 1 2
242 225 1 4 1 1
242 226 2 4 1 2
242 228 1 4 1 2
242 229 2 4 1 2
242 231 3 4 1 2
242 234 2 4 1 3
242 236 2 4 1 1
242 238 5 4 1 2
242 243 2 4 1 3
242 245 3 4 1 2
242 248 2 4 1 1
242 250 1 4 1 1
242 251 3 4 1 2
242 254 1 4 1 1
242 255 3 4 1 1
242 258 3 4 1 1
242 261 2 4 1 3
242 263 3 4 1 1
242 266 2 4 1 2
242 268 2 4 1 1
242 270 2 4 1 1
242 272 1 4 1 2
242 273 1 4 1 1
242 274 2 4 1 3
242 276 1 4 1 1
242 277 2 4 1 2
242 279 4 4 1 1
242 283 2 4 1 2
242 285 3 4 1 1
242 288 2 4 1 1
242 290 2 4 1 2
242 292 2 4 1 2
242 294 2 4 1 2
242 296 3 4 1 1
242 299 1 4 1 1
242 300 4 4 1 1
242 304 1 4 1 1
242 305 1 4 1 2
242 306 4 4 1 1
242 310 3 4 1 1
242 313 1 4 1 2
242 314 4 4 1 1
242 318 1 4 1 2
242 319 1 4 1 2
242 320 4 4 1 2
242 324 1 4 1 1
242 325 2 4 1 1
242 327 2 4 1 1
242 329 2 4 1 2
242 331 1 4 1 1
242 332 1 4 1 2
242 333 3 4 1 1
242 336 2 4 1 2
242 338 3 4 1 1
242 341 2 4 1 2
242 343 1 4 1 1
242 344 2 4 1 2
242 346 4 4 1 1
246 37 4 14 1 2
246 41 7 14 1 2
246 48 17 14 1 2
246 65 4 14 1 1
246 69 5 14 1 1
246 74 13 14 1 1
246 87 4 14 1 1
246 91 7 14 1 3
246 98 7 14 1 2
246 105 5 14 1 1
246 110 9 14 1 2
246 119 11 14 1 2
246 130 6 14 1 1
246 136 7 14 1 2
246 143 6 14 1 2
246 149 20 14 1 1
246 169 6 14 1 2
246 175 10 14 1 2
246 185 7 14 1 1
246 192 16 14 1 1
246 208 9 14 1 2
246 217 4 14 1 2
246 221 6 14 1 2
246 227 14 14 1 2
246 241 4 14 1 1
246 245 4 14 1 1
246 249 7 14 1 2
246 256 3 14 1 2
246 259 9 14 1 1
246 268 4 14 1 3
246 272 4 14 1 1
246 276 4 14 1 2
246 280 7 14 1 1
246 287 4 14 1 1
246 291 5 14 1 2
246 296 4 14 1 1
246 300 3 14 1 2
246 303 10 14 1 1
246 313 5 14 1 1
246 318 5 14 1 3
246 323 7 14 1 3
246 330 3 14 1 2
246 333 13 14 1 3
246 346 4 14 1 2
229 14 11 31 1 1
229 25 7 31 1 2
229 32 5 14 1 3
243 32 5 12 1 1
255 32 5 5 1 1
220 0 14 40 1 1
0 0 15 70 0 2
0 15 20 48 0 1
0 35 37 34 0 3
0 72 25 34 0 2
0 97 16 34 0 2
0 113 31 34 0 1
0 144 27 34 0 2
0 171 7 34 0 2
0 178 19 34 0 2
0 197 7 34 0 1
0 204 17 34 0 2
0 221 17 34 0 2
0 238 11 34 0 1
0 249 10 34 0 4
0 259 9 34 0 2
0 268 19 34 0 4
0 287 18 34 0 2
0 305 23 34 0 1
0 328 12 34 0 2
0 340 30 34 0 1
0 370 12 34 0 1
0 382 8 34 0 1
0 390 24 34 0 2
0 414 8 34 0 1
0 422 12 34 0 2
0 434 15 34 0 2
0 449 17 34 0 1
0 466 9 34 0 2
0 475 7 34 0 1
0 482 7 34 0 1
0 489 11 29 0 1
29 489 3 5 0 1
29 492 2 5 0 2
29 494 2 5 0 1
29 496 4 5 0 1
34 72 12 14 0 2
34 84 5 14 0 3
34 89 3 14 0 2
34 92 4 14 0 1
34 96 6 14 0 1
34 102 14 14 0 2
34 116 6 14 0 1
34 122 4 14 0 2
34 126 8 14 0 2
34 134 13 14 0 2
34 147 6 14 0 1
34 153 3 14 0 2
34 156 4 14 0 2
34 160 5 14 0 2
34 165 11 14 0 4
34 176 5 14 0 2
34 181 5 14 0 1
34 186 4 14 0 1
34 190 3 14 0 1
34 193 8 14 0 2
34 201 4 14 0 1
34 205 7 14 0 1
34 212 5 14 0 2
34 217 7 14 0 1
34 224 3 14 0 2
34 227 5 14 0 2
34 232 10 14 0 2
34 242 7 14 0 1
34 249 5 14 0 4
34 254 4 14 0 1
34 258 10 14 0 2
34 268 11 14 0 3
34 279 14 14 0 2
34 293 7 14 0 2
34 300 6 14 0 2
34 306 6 14 0 4
34 312 9 14 0 1
34 321 4 14 0 1
34 325 10 14 0 2
34 335 5 14 0 1
34 340 8 14 0 1
34 348 9 14 0 2
34 357 8 14 0 2
34 365 4 14 0 2
34 369 3 14 0 1
34 372 4 14 0 2
34 376 11 14 0 3
34 387 5 14 0 1
34 392 4 14 0 3
34 396 4 14 0 3
34 400 5 14 0 2
34 405 8 14 0 3
34 413 3 14 0 3
34 416 10 14 0 1
34 426 5 14 0 2
34 431 4 14 0 2
34 435 4 14 0 3
34 439 13 14 0 1
34 452 13 14 0 1
34 465 5 14 0 2
34 470 4 14 0 3
34 474 8 14 0 2
34 482 3 14 0 2
34 485 4 14 0 1
34 489 4 14 0 2
34 493 7 14 0 2
34 35 3 14 0 1
34 38 8 14 0 2
34 46 6 14 0 2
34 52 4 14 0 1
34 56 7 14 0 1
34 63 3 14 0 2
34 66 6 14 0 2
48 15 24 43 0 2
48 39 16 63 0 2
48 55 24 45 0 2
48 79 34 29 0 2
48 113 25 41 0 2
48 138 23 50 0 1
48 161 25 45 0 2
48 186 17 45 0 1
48 203 22 45 0 2
48 225 25 39 0 1
48 250 12 45 0 2
48 262 9 45 0 1
48 271 18 45 0 3
48 289 25 45 0 1
48 314 12 45 0 1
48 326 27 41 0 3
48 353 22 45 0 1
48 375 22 45 0 1
48 397 34 32 0 2
48 431 12 45 0 1
48 443 18 45 0 3
48 461 26 40 0 2
48 487 13 35 0 1
83 487 5 10 0 1
83 492 8 10 0 2
88 461 2 5 0 2
88 463 3 5 0 2
88 466 4 5 0 2
88 470 2 5 0 2
88 472 2 5 0 2
88 474 2 5 0 2
88 476 2 5 0 1
88 478 1 5 0 1
88 479 4 5 0 2
88 483 4 5 0 1
80 397 4 13 0 1
80 401 6 13 0 1
80 407 3 13 0 3
80 410 3 13 0 2
80 413 3 13 0 1
80 416 4 13 0 2
80 420 5 13 0 1
80 425 6 13 0 1
89 326 3 4 0 1
89 329 4 4 0 2
89 333 2 4 0 3
89 335 2 4 0 1
89 337 6 4 0 1
89 343 2 4 0 1
89 345 1 4 0 2
89 346 1 4 0 2
89 347 6 4 0 3
87 225 4 6 0 2
87 229 2 6 0 2
87 231 1 6 0 1
87 232 2 6 0 2
87 234 2 6 0 1
87 236 1 6 0 1
87 237 6 6 0 2
87 243 1 6 0 2
87 244 6 6 0 1
93 161 18 18 0 2
93 179 15 18 0 1
93 194 11 18 0 2
93 205 14 18 0 2
93 219 11 18 0 2
93 230 6 18 0 2
93 236 7 18 0 1
93 243 10 18 0 2
93 253 4 18 0 2
93 257 4 18 0 2
93 261 4 18 0 1
93 265 21 18 0 2
93 286 9 18 0 2
93 295 12 18 0 2
93 307 7 18 0 2
93 314 6 18 0 2
93 320 11 18 0 1
93 331 8 18 0 1
93 339 15 18 0 1
93 354 4 18 0 3
93 358 16 18 0 2
93 374 18 18 0 2
93 392 4 18 0 1
93 396 5 18 0 2
93 401 20 18 0 1
93 421 6 18 0 1
93 427 8 18 0 2
93 435 5 18 0 1
93 440 5 18 0 1
93 445 12 18 0 1
93 457 5 18 0 2
93 462 5 18 0 1
93 467 9 18 0 3
93 476 15 18 0 2
93 491 9 18 0 1
98 138 3 13 0 1
98 141 9 13 0 1
98 150 6 13 0 1
98 156 5 13 0 4
89 113 15 22 0 1
89 128 10 22 0 2
77 79 34 29 0 2
106 79 6 5 0 2
106 85 1 5 0 2
106 86 2 5 0 1
106 88 5 5 0 2
106 93 3 5 0 1
106 96 1 5 0 1
106 97 4 5 0 2
106 101 4 5 0 3
106 105 1 5 0 1
106 106 7 5 0 1
93 55 16 18 0 2
93 71 8 18 0 2
111 39 35 31 0 1
111 74 26 41 0 2
111 100 12 41 0 2
111 112 10 41 0 3
111 122 25 41 0 2
111 147 24 41 0 1
111 171 20 41 0 1
111 191 25 41 0 1
111 216 10 41 0 2
111 226 30 41 0 1
111 256 11 41 0 1
111 267 26 35 0 3
111 293 27 35 0 2
111 320 27 35 0 3
111 347 19 35 0 1
111 366 27 35 0 1
111 393 10 35 0 2
111 403 24 35 0 1
111 427 9 35 0 1
111 436 26 35 0 2
111 462 7 35 0 1
111 469 12 35 0 2
111 481 10 35 0 1
111 491 9 21 0 2
132 491 9 14 0 1
146 267 2 6 0 1
146 269 8 6 0 1
146 277 2 6 0 1
146 279 5 6 0 3
146 284 5 6 0 2
146 289 1 6 0 2
146 290 3 6 0 2
146 293 1 6 0 1
146 294 3 6 0 3
146 297 3 6 0 1
146 300 2 6 0 1
146 302 1 6 0 3
146 303 7 6 0 3
146 310 2 6 0 1
146 312 3 6 0 1
146 315 2 6 0 2
146 317 3 6 0 2
146 320 2 6 0 1
146 322 1 6 0 1
146 323 3 6 0 3
146 326 4 6 0 2
146 330 2 6 0 2
146 332 3 6 0 1
146 335 2 6 0 2
146 337 6 6 0 2
146 343 2 6 0 2
146 345 2 6 0 2
146 347 2 6 0 2
146 349 4 6 0 2
146 353 3 6 0 1
146 356 2 6 0 1
146 358 5 6 0 1
146 363 8 6 0 1
146 371 5 6 0 3
146 376 1 6 0 3
146 377 2 6 0 3
146 379 4 6 0 1
146 383 2 6 0 1
146 385 3 6 0 3
146 388 2 6 0 2
146 390 2 6 0 2
146 392 2 6 0 1
146 394 1 6 0 1
146 395 3 6 0 1
146 398 3 6 0 3
146 401 7 6 0 2
146 408 3 6 0 3
146 411 3 6 0 2
146 414 1 6 0 3
146 415 4 6 0 2
146 419 3 6 0 2
146 422 1 6 0 1
146 423 2 6 0 1
146 425 7 6 0 1
146 432 2 6 0 1
146 434 2 6 0 1
146 436 2 6 0 2
146 438 3 6 0 1
146 441 2 6 0 2
146 443 2 6 0 2
146 445 3 6 0 1
146 448 2 6 0 1
146 450 3 6 0 3
146 453 3 6 0 1
146 456 3 6 0 2
146 459 4 6 0 2
146 463 3 6 0 1
146 466 3 6 0 2
146 469 2 6 0 1
146 471 1 6 0 2
146 472 2 6 0 2
146 474 4 6 0 2
146 478 4 6 0 1
146 482 1 6 0 1
146 483 6 6 0 2
146 489 3 6 0 2
146 492 4 6 0 2
146 496 4 6 0 1
152 74 22 46 0 1
152 96 17 46 0 2
152 113 27 33 0 1
152 140 20 46 0 1
152 160 20 46 0 1
152 180 27 42 0 3
152 207 26 46 0 1
152 233 20 46 0 1
152 253 28 46 0 1
152 281 27 41 0 1
152 308 10 41 0 2
152 318 8 41 0 2
152 326 28 41 0 2
152 354 23 41 0 1
152 377 33 33 0 2
152 410 9 41 0 2
152 419 28 41 0 1
152 447 12 41 0 1
152 459 17 41 0 2
152 476 24 41 0 1
185 377 2 8 0 1
185 379 2 8 0 1
185 381 3 8 0 1
185 384 3 8 0 3
185 387 2 8 0 1
185 389 5 8 0 2
185 394 4 8 0 2
185 398 3 8 0 1
185 401 2 8 0 2
185 403 3 8 0 2
185 406 4 8 0 1
193 281 2 5 0 2
193 283 4 5 0 1
193 287 1 5 0 2
193 288 4 5 0 1
193 292 2 5 0 1
193 294 2 5 0 1
193 296 2 5 0 2
193 298 3 5 0 1
193 301 2 5 0 2
193 303 2 5 0 1
193 305 2 5 0 2
193 307 3 5 0 3
193 310 1 5 0 2
193 311 1 5 0 2
193 312 1 5 0 2
193 313 3 5 0 1
193 316 1 5 0 2
193 317 1 5 0 2
193 318 3 5 0 1
193 321 2 5 0 2
193 323 1 5 0 2
193 324 1 5 0 2
193 325 3 5 0 1
193 328 2 5 0 1
193 330 2 5 0 1
193 332 2 5 0 2
193 334 1 5 0 1
193 335 2 5 0 1
193 337 2 5 0 2
193 339 1 5 0 2
193 340 1 5 0 3
193 341 1 5 0 1
193 342 1 5 0 2
193 343 3 5 0 1
193 346 1 5 0 2
193 347 1 5 0 1
193 348 3 5 0 1
193 351 2 5 0 1
193 353 1 5 0 2
193 354 3 5 0 2
193 357 2 5 0 1
193 359 3 5 0 1
193 362 3 5 0 2
193 365 1 5 0 2
193 366 1 5 0 2
193 367 5 5 0 2
193 372 2 5 0 3
193 374 2 5 0 1
193 376 2 5 0 2
193 378 4 5 0 2
193 382 1 5 0 1
193 383 1 5 0 2
193 384 1 5 0 2
193 385 2 5 0 2
193 387 2 5 0 2
193 389 2 5 0 2
193 391 4 5 0 1
193 395 2 5 0 1
193 397 2 5 0 1
193 399 2 5 0 3
193 401 3 5 0 4
193 404 3 5 0 1
193 407 4 5 0 2
193 411 1 5 0 1
193 412 1 5 0 1
193 413 5 5 0 1
193 418 3 5 0 1
193 421 1 5 0 1
193 422 1 5 0 1
193 423 2 5 0 1
193 425 4 5 0 2
193 429 4 5 0 3
193 433 1 5 0 1
193 434 3 5 0 1
193 437 2 5 0 2
193 439 3 5 0 2
193 442 2 5 0 3
193 444 1 5 0 2
193 445 2 5 0 1
193 447 2 5 0 1
193 449 2 5 0 1
193 451 2 5 0 2
193 453 2 5 0 1
193 455 1 5 0 2
193 456 2 5 0 2
193 458 2 5 0 1
193 460 2 5 0 1
193 462 4 5 0 1
193 466 1 5 0 2
193 467 3 5 0 1
193 470 1 5 0 2
193 471 1 5 0 2
193 472 1 5 0 2
193 473 5 5 0 1
193 478 2 5 0 1
193 480 4 5 0 2
193 484 2 5 0 1
193 486 1 5 0 3
193 487 2 5 0 3
193 489 3 5 0 2
193 492 8 5 0 2
194 180 1 4 0 2
194 181 1 4 0 1
194 182 2 4 0 1
194 184 2 4 0 2
194 186 2 4 0 2
194 188 1 4 0 3
194 189 1 4 0 2
194 190 2 4 0 3
194 192 3 4 0 1
194 195 4 4 0 2
194 199 1 4 0 1
194 200 1 4 0 1
194 201 2 4 0 2
194 203 4 4 0 3
185 113 13 13 0 1
185 126 5 13 0 2
185 131 9 13 0 2
198 74 25 52 0 1
198 99 20 52 0 1
198 119 14 52 0 2
198 133 15 52 0 2
198 148 11 52 0 1
198 159 14 52 0 1
198 173 18 52 0 2
198 191 26 52 0 2
198 217 25 45 0 1
198 242 11 45 0 1
198 253 13 45 0 1
198 266 13 45 0 1
198 279 18 45 0 1
198 297 27 45 0 1
198 324 26 45 0 2
198 350 32 34 0 1
198 382 19 45 0 1
198 401 30 39 0 1
198 431 17 39 0 2
198 448 9 39 0 2
198 457 19 39 0 2
198 476 14 39 0 2
198 490 10 39 0 1
237 401 2 6 0 2
237 403 2 6 0 1
237 405 3 6 0 1
237 408 3 6 0 2
237 411 2 6 0 1
237 413 7 6 0 2
237 420 2 6 0 2
237 422 3 6 0 2
237 425 6 6 0 3
237 431 2 6 0 2
237 433 2 6 0 3
237 435 2 6 0 2
237 437 7 6 0 1
237 444 4 6 0 1
237 448 3 6 0 1
237 451 2 6 0 2
237 453 2 6 0 2
237 455 3 6 0 4
237 458 2 6 0 2
237 460 2 6 0 2
237 462 4 6 0 2
237 466 2 6 0 1
237 468 2 6 0 1
237 470 1 6 0 1
237 471 4 6 0 1
237 475 3 6 0 1
237 478 3 6 0 1
237 481 3 6 0 2
237 484 2 6 0 3
237 486 2 6 0 1
237 488 2 6 0 1
237 490 4 6 0 1
237 494 6 6 0 2
232 350 6 11 0 2
232 356 4 11 0 1
232 360 2 11 0 1
232 362 8 11 0 1
232 370 4 11 0 2
232 374 3 11 0 2
232 377 5 11 0 2
243 217 2 7 0 2
243 219 7 7 0 2
243 226 5 7 0 3
243 231 3 7 0 2
243 234 2 7 0 1
243 236 8 7 0 2
243 244 9 7 0 2
243 253 2 7 0 1
243 255 2 7 0 1
243 257 3 7 0 1
243 260 2 7 0 2
243 262 3 7 0 3
243 265 2 7 0 1
243 267 2 7 0 1
243 269 3 7 0 1
243 272 6 7 0 1
243 278 2 7 0 1
243 280 2 7 0 1
243 282 3 7 0 2
243 285 4 7 0 3
243 289 3 7 0 1
243 292 3 7 0 1
243 295 2 7 0 1
243 297 5 7 0 2
243 302 2 7 0 3
243 304 4 7 0 2
243 308 2 7 0 3
243 310 2 7 0 2
243 312 7 7 0 1
243 319 4 7 0 1
243 323 5 7 0 2
243 328 2 7 0 2
243 330 4 7 0 1
243 334 3 7 0 2
243 337 4 7 0 1
243 341 4 7 0 1
243 345 1 7 0 1
243 346 4 7 0 1
243 350 4 7 0 1
243 354 3 7 0 2
243 357 8 7 0 1
243 365 3 7 0 1
243 368 2 7 0 1
243 370 4 7 0 1
243 374 4 7 0 1
243 378 3 7 0 2
243 381 4 7 0 2
243 385 2 7 0 2
243 387 5 7 0 3
243 392 2 7 0 1
243 394 4 7 0 2
243 398 3 7 0 2
243 401 2 7 0 1
243 403 9 7 0 1
243 412 3 7 0 3
243 415 2 7 0 1
243 417 2 7 0 1
243 419 3 7 0 1
243 422 3 7 0 1
243 425 2 7 0 1
243 427 2 7 0 2
243 429 3 7 0 1
243 432 2 7 0 1
243 434 1 7 0 1
243 435 5 7 0 1
243 440 4 7 0 3
243 444 2 7 0 2
243 446 5 7 0 2
243 451 4 7 0 1
243 455 7 7 0 2
243 462 3 7 0 1
243 465 4 7 0 3
243 469 10 7 0 2
243 479 3 7 0 2
243 482 3 7 0 1
243 485 3 7 0 1
243 488 5 7 0 2
243 493 2 7 0 2
243 495 5 7 0 1
250 74 4 10 0 2
250 78 4 10 0 2
250 82 3 10 0 1
250 85 6 10 0 2
250 91 11 10 0 2
250 102 2 10 0 2
250 104 4 10 0 2
250 108 3 10 0 2
250 111 6 10 0 1
250 117 2 10 0 1
250 119 2 10 0 2
250 121 4 10 0 1
250 125 7 10 0 1
250 132 3 10 0 1
250 135 2 10 0 3
250 137 6 10 0 2
250 143 12 10 0 1
250 155 5 10 0 1
250 160 4 10 0 2
250 164 4 10 0 2
250 168 3 10 0 1
250 171 6 10 0 2
250 177 3 10 0 2
250 180 6 10 0 1
250 186 4 10 0 1
250 190 5 10 0 1
250 195 2 10 0 2
250 197 5 10 0 2
250 202 2 10 0 2
250 204 9 10 0 2
250 213 9 10 0 1
250 222 4 10 0 1
250 226 5 10 0 2
250 231 3 10 0 1
250 234 3 10 0 2
250 237 2 10 0 2
250 239 10 10 0 1
250 249 7 10 0 2
250 256 4 10 0 1
250 260 3 10 0 1
250 263 10 10 0 2
250 273 3 10 0 2
250 276 3 10 0 2
250 279 3 10 0 1
250 282 7 10 0 2
250 289 7 10 0 1
250 296 3 10 0 1
250 299 3 10 0 1
250 302 3 10 0 1
250 305 4 10 0 1
250 309 10 10 0 1
250 319 5 10 0 2
250 324 7 10 0 1
250 331 2 10 0 1
250 333 3 10 0 1
250 336 2 10 0 2
250 338 3 10 0 1
250 341 5 10 0 1
250 346 4 10 0 2
250 350 4 10 0 1
250 354 3 10 0 1
250 357 4 10 0 1
250 361 8 10 0 2
250 369 6 10 0 2
250 375 6 10 0 1
250 381 3 10 0 2
250 384 7 10 0 1
250 391 2 10 0 1
250 393 9 10 0 3
250 402 2 10 0 3
250 404 6 10 0 2
250 410 4 10 0 1
250 414 4 10 0 4
250 418 7 10 0 1
250 425 7 10 0 1
250 432 9 10 0 1
250 441 7 10 0 2
250 448 2 10 0 2
250 450 5 10 0 3
250 455 3 10 0 1
250 458 4 10 0 2
250 462 5 10 0 1
250 467 4 10 0 1
250 471 2 10 0 3
250 473 2 10 0 1
250 475 2 10 0 2
250 477 3 10 0 2
250 480 4 10 0 2
250 484 6 10 0 1
250 490 2 10 0 1
250 492 4 10 0 2
250 496 4 10 0 2
142 39 35 27 0 1
169 39 18 57 0 1
169 57 17 69 0 2
238 57 7 22 0 3
238 64 10 22 0 1
226 39 10 34 0 1
226 49 8 28 0 4
254 49 3 6 0 2
254 52 5 6 0 2
91 15 24 36 0 1
127 15 24 54 0 1
181 15 17 69 0 2
181 32 7 35 0 1
216 32 7 32 0 1
248 32 7 12 0 1
250 15 4 10 0 1
250 19 5 10 0 4
250 24 8 10 0 1
70 0 15 32 0 2
102 0 15 55 0 2
157 0 15 41 0 1
198 0 15 62 0 1
