500 800 10
4
500 950 4
160 1400 3
340 1350 2
680 750 1
2852
0 0 63 36 4 2
0 63 15 36 4 1
0 78 42 36 4 1
0 120 43 36 4 1
0 163 83 29 4 1
0 246 40 36 4 1
0 286 78 27 4 2
0 364 78 28 4 1
0 442 12 28 4 1
0 454 39 28 4 1
0 493 7 8 4 2
8 493 7 7 4 3
15 493 7 9 4 2
24 493 7 4 4 2
28 364 2 8 4 1
28 366 8 8 4 2
28 374 24 8 4 2
28 398 19 8 4 2
28 417 19 8 4 2
28 436 8 8 4 1
28 444 7 8 4 1
28 451 23 8 4 2
28 474 10 8 4 3
28 484 16 8 4 1
27 286 25 9 4 2
27 311 20 9 4 1
27 331 22 9 4 2
27 353 11 9 4 3
29 163 20 7 4 1
29 183 5 7 4 1
29 188 2 7 4 2
29 190 15 7 4 2
29 205 19 7 4 2
29 224 22 7 4 1
36 0 83 28 4 3
36 83 41 28 4 1
36 124 80 28 4 1
36 204 6 28 4 2
36 210 6 28 4 1
36 216 6 28 4 1
36 222 8 28 4 1
36 230 6 28 4 2
36 236 51 28 4 2
36 287 7 28 4 2
36 294 72 28 4 2
36 366 18 28 4 1
36 384 80 28 4 1
36 464 36 18 4 3
54 464 20 10 4 1
54 484 2 10 4 3
54 486 2 10 4 1
54 488 12 10 4 3
64 0 64 27 4 3
64 64 6 27 4 2
64 70 71 27 4 2
64 141 35 27 4 1
64 176 30 27 4 3
64 206 80 27 4 1
64 286 79 27 4 2
64 365 65 27 4 1
64 430 55 27 4 1
64 485 15 12 4 1
76 485 5 15 4 1
76 490 10 11 4 2
87 490 1 4 4 1
87 491 3 4 4 2
87 494 6 4 4 1
91 0 62 34 4 1
91 62 65 33 4 2
91 127 71 33 4 1
91 198 22 33 4 1
91 220 7 33 4 2
91 227 7 33 4 1
91 234 69 26 4 1
91 303 21 26 4 1
91 324 49 26 4 2
91 373 47 26 4 1
91 420 9 26 4 2
91 429 60 26 4 1
91 489 11 10 4 2
101 489 11 8 4 2
109 489 11 8 4 2
117 234 1 7 4 1
117 235 7 7 4 1
117 242 1 7 4 1
117 243 12 7 4 1
117 255 7 7 4 2
117 262 3 7 4 1
117 265 12 7 4 2
117 277 9 7 4 1
117 286 11 7 4 1
117 297 21 7 4 2
117 318 14 7 4 1
117 332 18 7 4 2
117 350 20 7 4 2
117 370 15 7 4 2
117 385 7 7 4 3
117 392 19 7 4 1
117 411 14 7 4 1
117 425 17 7 4 2
117 442 21 7 4 1
117 463 13 7 4 1
117 476 18 7 4 2
117 494 6 7 4 1
124 62 36 43 4 2
124 98 58 34 4 1
124 156 79 28 4 3
124 235 21 34 4 2
124 256 76 29 4 1
124 332 12 29 4 1
124 344 40 29 4 2
124 384 7 29 4 1
124 391 40 29 4 2
124 431 69 25 4 1
149 431 7 4 4 2
149 438 1 4 4 2
149 439 1 4 4 2
149 440 1 4 4 1
149 441 1 4 4 1
149 442 2 4 4 1
149 444 11 4 4 1
149 455 1 4 4 1
149 456 4 4 4 1
149 460 4 4 4 2
149 464 9 4 4 2
149 473 2 4 4 1
149 475 5 4 4 1
149 480 2 4 4 2
149 482 2 4 4 2
149 484 12 4 4 2
149 496 4 4 4 1
153 256 6 5 4 2
153 262 1 5 4 3
153 263 1 5 4 1
153 264 13 5 4 1
153 277 15 5 4 1
153 292 1 5 4 2
153 293 8 5 4 1
153 301 1 5 4 2
153 302 11 5 4 2
153 313 15 5 4 1
153 328 1 5 4 1
153 329 11 5 4 2
153 340 2 5 4 1
153 342 15 5 4 1
153 357 14 5 4 1
153 371 14 5 4 1
153 385 8 5 4 1
153 393 5 5 4 2
153 398 12 5 4 2
153 410 1 5 4 2
153 411 15 5 4 1
153 426 15 5 4 2
153 441 12 5 4 2
153 453 1 5 4 2
153 454 15 5 4 2
153 469 6 5 4 3
153 475 11 5 4 1
153 486 14 5 4 1
152 156 12 6 4 2
152 168 7 6 4 1
152 175 5 6 4 2
152 180 18 6 4 1
152 198 11 6 4 1
152 209 2 6 4 1
152 211 17 6 4 1
152 228 7 6 4 2
158 98 83 28 4 2
158 181 6 28 4 4
158 187 68 23 4 1
158 255 28 28 4 1
158 283 28 28 4 1
158 311 61 28 4 1
158 372 13 28 4 2
158 385 10 28 4 3
158 395 83 28 4 3
158 478 22 28 4 2
181 187 12 5 4 1
181 199 6 5 4 2
181 205 3 5 4 2
181 208 1 5 4 3
181 209 5 5 4 1
181 214 10 5 4 1
181 224 1 5 4 1
181 225 7 5 4 1
181 232 1 5 4 1
181 233 6 5 4 3
181 239 2 5 4 2
181 241 1 5 4 1
181 242 13 5 4 3
186 98 43 47 4 2
186 141 61 30 4 2
186 202 35 30 4 2
186 237 90 30 4 3
186 327 78 26 4 1
186 405 7 26 4 2
186 412 76 26 4 1
186 488 12 16 4 1
202 488 6 10 4 1
202 494 6 6 4 1
208 494 6 4 4 1
212 327 7 4 4 2
212 334 2 4 4 2
212 336 11 4 4 1
212 347 11 4 4 1
212 358 7 4 4 1
212 365 1 4 4 2
212 366 11 4 4 3
212 377 9 4 4 1
212 386 3 4 4 1
212 389 8 4 4 4
212 397 1 4 4 2
212 398 11 4 4 1
212 409 12 4 4 1
212 421 6 4 4 2
212 427 10 4 4 2
212 437 11 4 4 1
212 448 11 4 4 1
212 459 9 4 4 2
212 468 5 4 4 1
212 473 4 4 4 2
212 477 6 4 4 1
212 483 11 4 4 3
212 494 2 4 4 2
212 496 4 4 4 3
216 141 24 74 4 1
216 165 65 32 4 2
216 230 74 29 4 1
216 304 65 29 4 1
216 369 24 74 4 1
216 393 67 23 4 2
216 460 23 23 4 2
216 483 8 23 4 1
216 491 9 11 4 2
227 491 3 12 4 1
227 494 6 6 4 1
233 494 6 6 4 1
239 393 15 51 4 2
239 408 13 51 4 2
239 421 71 26 4 1
239 492 8 11 4 1
250 492 8 8 4 1
258 492 2 7 4 2
258 494 6 7 4 1
265 421 52 25 4 3
265 473 27 15 4 1
280 473 27 10 4 1
245 304 65 34 4 1
279 304 21 11 4 2
279 325 9 11 4 2
279 334 35 11 4 1
245 230 74 30 4 1
275 230 45 15 4 2
275 275 29 15 4 2
248 165 9 42 4 4
248 174 24 42 4 1
248 198 32 24 4 1
272 198 13 18 4 1
272 211 19 12 4 2
284 211 6 6 4 1
284 217 3 6 4 3
284 220 10 6 4 1
290 141 84 28 4 1
290 225 78 28 4 2
290 303 57 28 4 2
290 360 48 28 4 1
290 408 69 23 4 1
290 477 23 21 4 1
311 477 14 7 4 2
311 491 9 7 4 2
313 408 13 5 4 2
313 421 1 5 4 1
313 422 10 5 4 2
313 432 14 5 4 2
313 446 13 5 4 2
313 459 6 5 4 2
313 465 6 5 4 1
313 471 6 5 4 1
318 141 73 26 4 1
318 214 26 26 4 1
318 240 60 26 4 2
318 300 57 26 4 2
318 357 8 26 4 1
318 365 10 26 4 1
318 375 7 26 4 1
318 382 46 26 4 1
318 428 68 26 4 2
318 496 4 7 4 1
325 496 4 9 4 1
334 496 4 4 4 1
338 496 4 6 4 2
344 141 77 27 4 1
344 218 45 27 4 1
344 263 77 27 4 1
344 340 37 27 4 2
344 377 81 27 4 1
344 458 15 27 4 1
344 473 27 18 4 1
362 473 2 9 4 2
362 475 13 9 4 2
362 488 12 9 4 2
371 141 77 27 4 1
371 218 15 27 4 2
371 233 20 27 4 2
371 253 77 27 4 2
371 330 66 27 4 2
371 396 81 27 4 3
371 477 23 27 4 1
398 141 27 66 4 1
398 168 35 68 4 1
398 203 77 29 4 1
398 280 74 29 4 2
398 354 73 29 4 2
398 427 73 25 4 1
423 427 2 4 4 1
423 429 6 4 4 1
423 435 11 4 4 2
423 446 1 4 4 2
423 447 2 4 4 1
423 449 5 4 4 2
423 454 1 4 4 2
423 455 1 4 4 2
423 456 11 4 4 2
423 467 2 4 4 1
423 469 11 4 4 2
423 480 8 4 4 1
423 488 1 4 4 1
423 489 11 4 4 2
427 203 80 27 4 1
427 283 48 41 4 2
427 331 9 41 4 2
427 340 11 41 4 1
427 351 80 30 4 3
427 431 69 30 4 1
457 431 6 11 4 3
457 437 24 11 4 2
457 461 29 11 4 1
457 490 10 11 4 2
457 351 28 11 4 2
457 379 22 11 4 2
457 401 4 11 4 1
457 405 26 11 4 2
468 283 66 28 4 1
468 349 31 57 4 4
468 380 40 41 4 1
468 420 64 35 4 1
468 484 16 18 4 1
486 484 16 10 4 1
496 484 16 7 4 1
503 420 18 6 4 2
503 438 8 6 4 2
503 446 17 6 4 1
503 463 18 6 4 2
503 481 6 6 4 3
503 487 4 6 4 1
503 491 9 6 4 2
509 380 40 16 4 2
509 420 35 16 4 1
509 455 45 16 4 2
525 349 61 29 4 1
525 410 72 27 4 2
525 482 18 92 4 3
617 482 18 25 4 1
642 482 18 83 4 3
725 482 18 47 4 2
772 482 18 30 4 1
802 482 18 81 4 1
883 482 18 22 4 2
905 482 18 20 4 1
925 482 9 25 4 3
925 491 9 25 4 1
552 410 19 94 4 2
552 429 34 69 4 1
552 463 19 28 4 2
580 463 19 89 4 2
669 463 19 87 4 3
756 463 19 38 4 1
794 463 19 46 4 1
840 463 19 32 4 1
872 463 19 29 4 1
901 463 19 18 4 1
919 463 19 15 4 2
934 463 19 11 4 1
945 463 1 5 4 2
945 464 14 5 4 1
945 478 4 5 4 2
621 429 34 35 4 1
656 429 34 48 4 1
704 429 34 27 4 2
731 429 34 26 4 1
757 429 34 45 4 2
802 429 34 27 4 2
829 429 20 82 4 1
829 449 14 78 4 2
907 449 14 15 4 2
922 449 7 28 4 2
922 456 7 11 4 1
933 456 7 9 4 2
942 456 7 8 4 2
911 429 20 17 4 1
928 429 5 22 4 1
928 434 15 22 4 3
646 410 19 35 4 2
681 410 19 100 4 2
781 410 19 108 4 1
889 410 19 24 4 1
913 410 19 29 4 1
942 410 19 8 4 1
554 349 61 25 4 1
579 349 35 68 4 3
579 384 26 32 4 2
611 384 26 36 4 1
647 349 42 47 4 3
647 391 19 30 4 2
677 391 5 17 4 1
677 396 14 17 4 1
694 349 61 26 4 2
720 349 61 24 4 1
744 349 61 30 4 1
774 349 18 90 4 3
774 367 43 28 4 2
802 367 24 62 4 1
802 391 19 25 4 1
827 391 19 37 4 1
864 349 61 38 4 1
902 349 54 42 4 3
902 403 7 11 4 1
913 403 7 11 4 2
924 403 7 26 4 1
944 349 3 6 4 1
944 352 13 6 4 1
944 365 1 6 4 1
944 366 18 6 4 1
944 384 10 6 4 1
944 394 1 6 4 2
944 395 2 6 4 1
944 397 6 6 4 2
496 283 66 29 4 2
525 283 66 28 4 2
553 283 66 30 4 1
583 283 66 28 4 1
611 283 66 25 4 1
636 283 66 24 4 2
660 283 34 52 4 2
660 317 32 24 4 1
684 317 32 24 4 1
708 317 9 4 4 1
708 326 12 4 4 2
708 338 1 4 4 3
708 339 10 4 4 2
712 283 49 37 4 1
712 332 17 17 4 1
729 332 11 20 4 1
729 343 6 9 4 1
738 343 6 11 4 1
749 283 37 43 4 1
749 320 29 36 4 2
785 320 29 49 4 1
834 320 18 87 4 2
834 338 11 27 4 2
861 338 11 27 4 2
888 338 11 58 4 1
946 338 4 4 4 1
946 342 1 4 4 2
946 343 1 4 4 1
946 344 5 4 4 1
921 320 18 29 4 2
792 283 37 33 4 1
825 283 22 108 4 1
825 305 15 27 4 1
852 305 15 36 4 1
888 305 15 40 4 3
928 305 15 12 4 2
940 305 15 10 4 1
933 283 22 17 4 2
454 203 34 65 4 2
454 237 40 41 4 2
454 277 6 10 4 2
464 277 6 10 4 1
474 277 6 21 4 1
495 237 32 24 4 1
495 269 14 11 4 1
506 269 14 8 4 1
514 269 7 5 4 1
514 276 7 5 4 3
519 203 29 81 4 2
519 232 51 31 4 1
550 232 51 42 4 3
592 232 30 80 4 3
592 262 21 25 4 2
617 262 21 24 4 3
641 262 7 31 4 1
641 269 14 16 4 1
657 269 7 15 4 2
657 276 3 15 4 1
657 279 4 7 4 3
664 279 4 4 4 2
668 279 4 4 4 2
672 232 20 98 4 1
672 252 31 40 4 2
712 252 31 50 4 1
762 252 11 8 4 2
762 263 2 8 4 2
762 265 4 8 4 1
762 269 14 8 4 2
770 232 47 35 4 2
770 279 4 17 4 1
787 279 4 17 4 2
804 279 4 19 4 2
823 279 4 19 4 1
842 279 4 24 4 3
866 279 4 41 4 2
907 279 4 9 4 1
916 279 4 7 4 2
923 279 4 11 4 2
934 279 4 6 4 2
940 279 4 10 4 1
805 232 47 28 4 2
833 232 47 34 4 3
867 232 47 26 4 3
893 232 26 57 4 2
893 258 21 21 4 1
914 258 21 24 4 2
938 258 21 12 4 2
600 203 29 33 4 3
633 203 29 28 4 1
661 203 29 73 4 2
734 203 29 46 4 1
780 203 29 31 4 2
811 203 29 23 4 2
834 203 29 32 4 1
866 203 29 56 4 1
922 203 29 17 4 2
939 203 5 11 4 2
939 208 24 11 4 2
466 168 35 32 4 2
498 168 35 25 4 1
523 168 35 27 4 1
550 168 35 45 4 2
595 168 35 27 4 2
622 168 35 41 4 1
663 168 35 29 4 1
692 168 19 85 4 2
692 187 16 21 4 2
713 187 16 26 4 3
739 187 16 14 4 2
753 187 16 11 4 1
764 187 11 13 4 2
764 198 5 13 4 1
777 168 26 92 4 1
777 194 9 46 4 1
823 194 9 20 4 3
843 194 9 26 4 2
869 194 9 23 4 1
892 194 9 16 4 2
908 194 9 29 4 2
937 194 9 13 4 1
869 168 26 24 4 1
893 168 11 57 4 1
893 179 15 17 4 2
910 179 15 24 4 2
934 179 15 9 4 1
943 179 10 7 4 1
943 189 5 7 4 1
464 141 27 46 4 2
510 141 27 37 4 1
547 141 27 71 4 2
618 141 27 46 4 2
664 141 27 87 4 1
751 141 27 24 4 1
775 141 27 25 4 1
800 141 27 24 4 2
824 141 27 34 4 1
858 141 18 92 4 3
858 159 9 18 4 1
876 159 9 31 4 1
907 159 9 18 4 1
925 159 9 25 4 2
233 98 43 38 4 1
271 98 43 30 4 1
301 98 35 64 4 2
301 133 8 34 4 1
335 133 8 92 4 1
427 133 8 25 4 2
452 133 8 32 4 2
484 133 8 99 4 2
583 133 8 35 4 2
618 133 8 31 4 1
649 133 8 35 4 2
684 133 8 41 4 2
725 133 8 40 4 1
765 133 8 22 4 2
787 133 8 36 4 1
823 133 8 28 4 1
851 133 8 48 4 2
899 133 8 13 4 1
912 133 8 11 4 1
923 133 8 14 4 1
937 133 4 13 4 3
937 137 4 7 4 1
944 137 4 6 4 1
365 98 35 27 4 1
392 98 27 66 4 2
392 125 8 26 4 1
418 125 8 44 4 2
462 125 8 24 4 1
486 125 8 46 4 3
532 125 8 44 4 2
576 125 8 30 4 1
606 125 8 37 4 1
643 125 8 88 4 2
731 125 8 23 4 2
754 125 8 24 4 2
778 125 8 26 4 1
804 125 8 47 4 1
851 125 8 19 4 2
870 125 8 57 4 1
927 125 8 12 4 1
939 125 8 11 4 1
458 98 27 25 4 1
483 98 27 59 4 2
542 98 27 28 4 2
570 98 27 45 4 3
615 98 27 83 4 2
698 98 27 31 4 1
729 98 27 30 4 2
759 98 27 67 4 1
826 98 27 32 4 1
858 98 27 42 4 2
900 98 27 30 4 2
930 98 7 20 4 2
930 105 20 20 4 2
167 62 36 33 4 1
200 62 29 69 4 3
200 91 7 26 4 1
226 91 7 26 4 1
252 91 7 24 4 2
276 91 7 25 4 1
301 91 7 60 4 2
361 91 7 24 4 1
385 91 7 88 4 1
473 91 7 26 4 1
499 91 7 35 4 3
534 91 7 62 4 1
596 91 7 43 4 2
639 91 7 24 4 1
663 91 7 28 4 1
691 91 7 68 4 1
759 91 7 67 4 2
826 91 7 18 4 1
844 91 7 25 4 1
869 91 7 46 4 1
915 91 7 10 4 1
925 91 7 8 4 2
933 91 7 10 4 2
943 91 7 7 4 2
269 62 29 34 4 1
303 62 29 24 4 1
327 62 29 24 4 2
351 62 29 27 4 1
378 62 22 98 4 2
378 84 7 15 4 1
393 84 7 32 4 1
425 84 7 14 4 3
439 84 7 9 4 2
448 84 7 13 4 1
461 84 7 8 4 3
469 84 2 7 4 2
469 86 5 7 4 2
476 62 18 91 4 1
476 80 11 36 4 2
512 80 11 37 4 2
549 80 11 30 4 2
579 80 11 31 4 1
610 80 11 30 4 1
640 80 11 37 4 2
677 80 11 27 4 2
704 80 11 30 4 2
734 80 11 34 4 1
768 80 11 32 4 2
800 80 11 35 4 1
835 80 11 27 4 1
862 80 11 20 4 2
882 80 11 16 4 1
898 80 11 24 4 2
922 80 11 16 4 3
938 80 11 12 4 1
567 62 18 26 4 1
593 62 18 48 4 2
641 62 18 39 4 3
680 62 18 56 4 2
736 62 18 31 4 2
767 62 18 48 4 1
815 62 18 94 4 2
909 62 18 16 4 1
925 62 18 17 4 2
942 62 2 8 4 3
942 64 16 8 4 1
125 0 57 29 4 1
125 57 5 40 4 2
165 57 5 60 4 1
225 57 5 41 4 2
266 57 5 56 4 2
322 57 5 48 4 3
370 57 5 39 4 4
409 57 5 28 4 2
437 57 5 38 4 2
475 57 5 89 4 1
564 57 5 85 4 1
649 57 5 34 4 2
683 57 5 53 4 2
736 57 5 28 4 1
764 57 5 19 4 1
783 57 5 28 4 2
811 57 5 17 4 2
828 57 5 15 4 1
843 57 5 26 4 1
869 57 5 12 4 2
881 57 5 11 4 2
892 57 5 12 4 2
904 57 5 10 4 1
914 57 5 10 4 2
924 57 5 20 4 1
944 57 5 6 4 1
154 0 57 29 4 2
183 0 57 23 4 2
206 0 57 32 4 2
238 0 49 32 4 2
238 49 8 26 4 1
264 49 8 109 4 2
373 49 8 81 4 1
454 49 8 29 4 1
483 49 8 25 4 2
508 49 8 30 4 2
538 49 8 37 4 2
575 49 8 106 4 1
681 49 8 33 4 1
714 49 8 25 4 1
739 49 8 37 4 2
776 49 8 33 4 1
809 49 8 62 4 2
871 49 8 49 4 1
920 49 8 30 4 3
270 0 41 39 4 1
270 41 8 17 4 2
287 41 8 10 4 2
297 41 8 6 4 1
303 41 2 6 4 1
303 43 6 6 4 2
309 0 49 29 4 1
338 0 49 38 4 1
376 0 49 27 4 2
403 0 26 85 4 2
403 26 23 33 4 1
436 26 23 32 4 1
468 26 23 29 4 2
497 26 23 24 4 1
521 26 23 35 4 1
556 26 23 26 4 2
582 26 23 52 4 2
634 26 23 62 4 1
696 26 23 32 4 1
728 26 23 31 4 1
759 26 23 31 4 1
790 26 23 54 4 1
844 26 23 31 4 1
875 26 23 65 4 2
940 26 5 10 4 1
940 31 18 10 4 2
488 0 26 95 4 1
583 0 26 27 4 1
610 0 26 24 4 1
634 0 26 52 4 1
686 0 26 28 4 1
714 0 26 45 4 1
759 0 26 37 4 1
796 0 26 25 4 2
821 0 26 32 4 3
853 0 26 43 4 2
896 0 26 31 4 2
927 0 26 14 4 1
941 0 21 9 4 2
941 21 5 9 4 3
0 0 27 40 3 2
0 27 45 17 3 2
0 72 44 17 3 2
0 116 44 17 3 1
17 27 42 23 3 1
17 69 44 18 3 2
17 113 47 19 3 1
36 113 6 4 3 2
36 119 1 4 3 2
36 120 7 4 3 2
36 127 12 4 3 1
36 139 7 4 3 1
36 146 14 4 3 1
35 69 4 5 3 2
35 73 10 5 3 1
35 83 2 5 3 1
35 85 15 5 3 2
35 100 13 5 3 2
40 0 46 24 3 1
40 46 52 20 3 2
40 98 38 25 3 2
40 136 18 43 3 1
40 154 6 28 3 2
68 154 6 53 3 1
121 154 6 44 3 3
165 154 6 35 3 1
200 154 6 49 3 2
249 154 6 22 3 3
271 154 6 27 3 1
298 154 6 52 3 2
350 154 6 25 3 2
375 154 6 17 3 2
392 154 6 18 3 1
410 154 6 16 3 1
426 154 6 63 3 2
489 154 6 63 3 2
552 154 6 29 3 2
581 154 6 27 3 1
608 154 6 21 3 2
629 154 6 27 3 3
656 154 6 19 3 2
675 154 6 19 3 3
694 154 6 40 3 2
734 154 6 18 3 1
752 154 6 26 3 1
778 154 6 70 3 2
848 154 6 37 3 1
885 154 6 30 3 2
915 154 6 63 3 1
978 154 6 25 3 4
1003 154 6 27 3 1
1030 154 6 44 3 1
1074 154 6 19 3 1
1093 154 6 39 3 1
1132 154 6 22 3 1
1154 154 6 21 3 2
1175 154 6 40 3 1
1215 154 6 17 3 1
1232 154 6 39 3 1
1271 154 6 16 3 1
1287 154 6 26 3 1
1313 154 6 21 3 1
1334 154 6 37 3 1
1371 154 6 20 3 1
1391 154 6 5 3 3
1396 154 6 4 3 1
83 136 18 52 3 1
135 136 18 19 3 1
154 136 18 19 3 2
173 136 18 18 3 2
191 136 18 20 3 2
211 136 18 30 3 1
241 136 14 58 3 2
241 150 4 43 3 2
284 150 4 22 3 2
306 150 4 23 3 3
329 150 4 59 3 1
388 150 4 32 3 2
420 150 4 28 3 1
448 150 4 17 3 3
465 150 4 41 3 1
506 150 4 39 3 1
545 150 4 20 3 2
565 150 4 37 3 1
602 150 4 17 3 2
619 150 4 23 3 2
642 150 4 24 3 2
666 150 4 39 3 2
705 150 4 17 3 1
722 150 4 67 3 1
789 150 4 18 3 1
807 150 4 18 3 3
825 150 4 22 3 2
847 150 4 72 3 2
919 150 4 30 3 1
949 150 4 45 3 2
994 150 4 20 3 1
1014 150 4 26 3 1
1040 150 4 16 3 1
1056 150 4 59 3 1
1115 150 4 27 3 1
1142 150 4 40 3 1
1182 150 4 17 3 1
1199 150 4 17 3 2
1216 150 4 26 3 1
1242 150 4 50 3 1
1292 150 4 30 3 1
1322 150 4 17 3 2
1339 150 4 9 3 2
1348 150 4 19 3 1
1367 150 4 7 3 1
1374 150 4 6 3 1
1380 150 4 5 3 2
1385 150 4 5 3 2
1390 150 4 4 3 2
1394 150 4 6 3 2
299 136 14 47 3 1
346 136 14 60 3 1
406 136 14 32 3 2
438 136 14 21 3 1
459 136 14 18 3 2
477 136 14 25 3 1
502 136 14 43 3 2
545 136 14 22 3 2
567 136 14 18 3 2
585 136 14 29 3 3
614 136 14 35 3 1
649 136 14 18 3 2
667 136 14 67 3 1
734 136 14 75 3 1
809 136 14 29 3 2
838 136 14 19 3 2
857 136 14 28 3 1
885 136 14 25 3 2
910 136 14 19 3 1
929 136 14 67 3 3
996 136 14 44 3 1
1040 136 14 47 3 2
1087 136 14 46 3 3
1133 136 14 50 3 1
1183 136 14 18 3 1
1201 136 14 24 3 2
1225 136 14 63 3 2
1288 136 14 67 3 1
1355 136 14 17 3 1
1372 136 14 22 3 1
1394 136 14 6 3 1
65 98 28 27 3 2
65 126 10 26 3 2
91 126 10 22 3 1
113 126 10 21 3 2
134 126 10 19 3 1
153 126 10 61 3 2
214 126 10 40 3 1
254 126 10 19 3 2
273 126 10 38 3 2
311 126 10 18 3 2
329 126 10 17 3 1
346 126 10 18 3 3
364 126 10 17 3 2
381 126 10 30 3 2
411 126 10 21 3 3
432 126 10 29 3 1
461 126 10 51 3 3
512 126 10 24 3 2
536 126 10 41 3 2
577 126 10 33 3 1
610 126 10 21 3 2
631 126 10 31 3 1
662 126 10 18 3 2
680 126 10 35 3 3
715 126 10 21 3 1
736 126 10 17 3 1
753 126 10 19 3 2
772 126 10 47 3 2
819 126 10 18 3 1
837 126 10 20 3 2
857 126 10 65 3 2
922 126 10 22 3 2
944 126 10 25 3 1
969 126 10 17 3 1
986 126 10 39 3 1
1025 126 10 17 3 1
1042 126 10 45 3 3
1087 126 10 42 3 2
1129 126 10 21 3 1
1150 126 10 17 3 1
1167 126 10 25 3 1
1192 126 10 44 3 2
1236 126 10 54 3 3
1290 126 10 61 3 1
1351 126 10 13 3 1
1364 126 10 15 3 2
1379 126 10 8 3 1
1387 126 10 7 3 2
1394 126 3 6 3 1
1394 129 7 6 3 1
92 98 28 18 3 1
110 98 23 48 3 2
110 121 5 10 3 4
120 121 5 17 3 2
137 121 5 6 3 1
143 121 5 9 3 2
152 121 5 6 3 1
158 98 28 17 3 1
175 98 28 26 3 1
201 98 12 62 3 2
201 110 16 18 3 2
219 110 16 29 3 2
248 110 16 11 3 2
259 110 1 4 3 1
259 111 1 4 3 2
259 112 1 4 3 2
259 113 13 4 3 1
263 98 28 26 3 2
289 98 28 28 3 1
317 98 28 22 3 1
339 98 12 61 3 1
339 110 16 19 3 1
358 110 16 21 3 1
379 110 16 25 3 2
404 110 16 25 3 1
429 110 16 18 3 2
447 110 16 63 3 1
510 110 16 37 3 1
547 110 16 18 3 1
565 110 16 20 3 2
585 110 16 34 3 1
619 110 16 18 3 1
637 110 16 22 3 1
659 110 16 47 3 3
706 110 16 21 3 1
727 110 16 18 3 2
745 110 16 22 3 1
767 110 16 19 3 1
786 110 16 41 3 1
827 110 16 31 3 1
858 110 16 61 3 1
919 110 16 58 3 1
977 110 16 38 3 2
1015 110 16 24 3 2
1039 110 16 22 3 2
1061 110 16 19 3 2
1080 110 16 16 3 1
1096 110 16 54 3 2
1150 110 16 19 3 2
1169 110 16 18 3 2
1187 110 16 16 3 2
1203 110 16 22 3 1
1225 110 16 16 3 1
1241 110 16 28 3 1
1269 110 16 42 3 1
1311 110 16 41 3 1
1352 110 16 39 3 1
1391 110 16 9 3 2
400 98 12 62 3 2
462 98 12 19 3 2
481 98 12 39 3 1
520 98 12 28 3 1
548 98 12 16 3 2
564 98 12 25 3 2
589 98 12 29 3 1
618 98 12 20 3 2
638 98 12 16 3 3
654 98 12 18 3 2
672 98 12 21 3 2
693 98 12 18 3 2
711 98 12 16 3 1
727 98 12 32 3 1
759 98 12 68 3 2
827 98 12 73 3 1
900 98 12 19 3 2
919 98 12 25 3 2
944 98 12 19 3 2
963 98 12 27 3 1
990 98 12 19 3 1
1009 98 12 19 3 2
1028 98 12 21 3 1
1049 98 12 16 3 1
1065 98 12 16 3 1
1081 98 12 19 3 2
1100 98 12 50 3 2
1150 98 12 32 3 2
1182 98 12 21 3 2
1203 98 12 23 3 1
1226 98 12 26 3 2
1252 98 12 62 3 1
1314 98 12 54 3 2
1368 98 12 14 3 1
1382 98 8 18 3 1
1382 106 4 14 3 1
1396 106 4 4 3 1
60 46 38 29 3 3
60 84 9 29 3 1
60 93 5 20 3 2
80 93 5 4 3 1
84 93 5 5 3 2
89 46 31 31 3 2
89 77 21 47 3 2
136 77 21 16 3 1
152 77 21 19 3 2
171 77 21 18 3 2
189 77 15 73 3 3
189 92 6 17 3 1
206 92 6 17 3 2
223 92 6 19 3 2
242 92 6 17 3 2
259 92 6 18 3 2
277 92 6 31 3 1
308 92 6 23 3 2
331 92 6 71 3 3
402 92 6 38 3 1
440 92 6 17 3 2
457 92 6 17 3 2
474 92 6 28 3 1
502 92 6 23 3 1
525 92 6 23 3 1
548 92 6 22 3 2
570 92 6 20 3 1
590 92 6 20 3 1
610 92 6 18 3 2
628 92 6 39 3 1
667 92 6 40 3 2
707 92 6 21 3 1
728 92 6 42 3 2
770 92 6 20 3 2
790 92 6 23 3 2
813 92 6 17 3 2
830 92 6 40 3 2
870 92 6 16 3 2
886 92 6 27 3 1
913 92 6 22 3 2
935 92 6 16 3 2
951 92 6 32 3 1
983 92 6 22 3 1
1005 92 6 25 3 2
1030 92 6 18 3 1
1048 92 6 20 3 1
1068 92 6 16 3 1
1084 92 6 19 3 1
1103 92 6 20 3 1
1123 92 6 20 3 2
1143 92 6 19 3 2
1162 92 6 20 3 1
1182 92 6 31 3 1
1213 92 6 19 3 2
1232 92 6 29 3 1
1261 92 6 27 3 3
1288 92 6 57 3 2
1345 92 6 25 3 1
1370 92 6 17 3 3
1387 92 6 8 3 1
1395 92 6 5 3 2
262 77 15 22 3 2
284 77 15 60 3 1
344 77 15 26 3 2
370 77 15 18 3 1
388 77 15 17 3 3
405 77 15 19 3 1
424 77 15 19 3 1
443 77 15 22 3 2
465 77 15 41 3 2
506 77 15 63 3 2
569 77 15 16 3 2
585 77 15 18 3 1
603 77 15 19 3 2
622 77 15 48 3 1
670 77 15 17 3 2
687 77 15 16 3 1
703 77 15 49 3 3
752 77 15 61 3 2
813 77 15 36 3 2
849 77 15 25 3 1
874 77 15 31 3 1
905 77 15 47 3 1
952 77 15 70 3 1
1022 77 15 47 3 1
1069 77 15 18 3 1
1087 77 15 60 3 1
1147 77 15 16 3 2
1163 77 15 20 3 3
1183 77 15 17 3 4
1200 77 15 69 3 1
1269 77 15 67 3 1
1336 77 15 21 3 1
1357 77 15 20 3 3
1377 77 15 13 3 1
1390 77 7 10 3 2
1390 84 8 10 3 1
120 46 15 75 3 3
120 61 16 19 3 1
139 61 16 21 3 2
160 61 16 17 3 3
177 61 16 10 3 2
187 61 7 8 3 1
187 68 9 8 3 2
195 46 31 22 3 2
217 46 22 44 3 1
217 68 9 21 3 2
238 68 9 22 3 1
260 68 9 19 3 1
279 68 9 34 3 1
313 68 9 27 3 1
340 68 9 18 3 3
358 68 9 20 3 1
378 68 9 19 3 2
397 68 9 25 3 1
422 68 9 22 3 2
444 68 9 23 3 1
467 68 9 19 3 3
486 68 9 40 3 1
526 68 9 17 3 1
543 68 9 29 3 2
572 68 9 57 3 2
629 68 9 62 3 2
691 68 9 28 3 1
719 68 9 69 3 2
788 68 9 16 3 2
804 68 9 48 3 1
852 68 9 18 3 2
870 68 9 16 3 2
886 68 9 28 3 1
914 68 9 69 3 1
983 68 9 20 3 2
1003 68 9 18 3 2
1021 68 9 44 3 1
1065 68 9 39 3 1
1104 68 9 36 3 3
1140 68 9 21 3 2
1161 68 9 21 3 2
1182 68 9 57 3 1
1239 68 9 43 3 2
1282 68 9 68 3 2
1350 68 9 14 3 2
1364 68 9 10 3 1
1374 68 9 26 3 2
261 46 22 28 3 1
289 46 22 25 3 1
314 46 22 39 3 2
353 46 22 19 3 2
372 46 22 26 3 2
398 46 22 29 3 2
427 46 15 69 3 1
427 61 7 17 3 3
444 61 7 55 3 2
499 61 7 37 3 2
536 61 7 19 3 1
555 61 7 16 3 2
571 61 7 19 3 2
590 61 7 18 3 1
608 61 7 45 3 3
653 61 7 17 3 1
670 61 7 29 3 1
699 61 7 26 3 2
725 61 7 67 3 2
792 61 7 17 3 2
809 61 7 19 3 1
828 61 7 22 3 1
850 61 7 19 3 1
869 61 7 17 3 1
886 61 7 37 3 2
923 61 7 65 3 1
988 61 7 63 3 2
1051 61 7 46 3 1
1097 61 7 41 3 2
1138 61 7 22 3 2
1160 61 7 27 3 1
1187 61 7 45 3 1
1232 61 7 28 3 1
1260 61 7 61 3 2
1321 61 7 47 3 3
1368 61 7 9 3 2
1377 61 7 12 3 1
1389 61 2 11 3 1
1389 63 5 6 3 2
1395 63 5 5 3 1
496 46 15 38 3 1
534 46 15 19 3 1
553 46 15 17 3 2
570 46 15 22 3 2
592 46 15 18 3 3
610 46 15 24 3 1
634 46 15 61 3 2
695 46 15 20 3 2
715 46 15 18 3 2
733 46 15 30 3 1
763 46 15 57 3 1
820 46 15 22 3 2
842 46 15 16 3 1
858 46 15 17 3 3
875 46 15 37 3 3
912 46 15 29 3 1
941 46 15 50 3 1
991 46 15 39 3 2
1030 46 15 16 3 1
1046 46 15 47 3 1
1093 46 15 18 3 1
1111 46 15 36 3 1
1147 46 15 26 3 2
1173 46 15 29 3 1
1202 46 15 16 3 1
1218 46 15 21 3 1
1239 46 15 29 3 1
1268 46 15 25 3 3
1293 46 15 25 3 1
1318 46 15 55 3 3
1373 46 15 13 3 2
1386 46 9 14 3 2
1386 55 6 5 3 2
1391 55 6 9 3 1
64 0 46 21 3 1
85 0 46 24 3 2
109 0 12 61 3 1
109 12 34 19 3 1
128 12 34 29 3 2
157 12 26 13 3 1
157 38 3 13 3 1
157 41 5 13 3 2
170 0 46 20 3 2
190 0 46 18 3 2
208 0 17 58 3 1
208 17 29 16 3 2
224 17 29 18 3 2
242 17 29 20 3 1
262 17 29 42 3 3
304 17 29 27 3 3
331 17 29 17 3 1
348 17 29 21 3 2
369 17 29 26 3 1
395 17 21 52 3 1
395 38 8 27 3 2
422 38 8 42 3 2
464 38 8 41 3 1
505 38 8 28 3 2
533 38 8 28 3 3
561 38 8 22 3 2
583 38 8 20 3 1
603 38 8 23 3 2
626 38 8 25 3 3
651 38 8 20 3 1
671 38 8 30 3 2
701 38 8 19 3 1
720 38 8 66 3 1
786 38 8 17 3 2
803 38 8 55 3 2
858 38 8 35 3 1
893 38 8 24 3 3
917 38 8 23 3 2
940 38 8 19 3 1
959 38 8 19 3 1
978 38 8 42 3 1
1020 38 8 25 3 1
1045 38 8 28 3 1
1073 38 8 20 3 2
1093 38 8 19 3 2
1112 38 8 29 3 2
1141 38 8 22 3 1
1163 38 8 59 3 3
1222 38 8 51 3 1
1273 38 8 19 3 2
1292 38 8 38 3 1
1330 38 8 16 3 1
1346 38 8 28 3 1
1374 38 8 11 3 1
1385 38 8 6 3 2
1391 38 8 9 3 2
447 17 21 43 3 2
490 17 21 31 3 2
521 17 21 17 3 1
538 17 13 63 3 3
538 30 8 20 3 2
558 30 8 41 3 1
599 30 8 66 3 2
665 30 8 28 3 1
693 30 8 25 3 1
718 30 8 41 3 1
759 30 8 27 3 2
786 30 8 25 3 2
811 30 8 18 3 2
829 30 8 25 3 1
854 30 8 28 3 2
882 30 8 19 3 1
901 30 8 37 3 2
938 30 8 21 3 2
959 30 8 58 3 1
1017 30 8 18 3 1
1035 30 8 19 3 1
1054 30 8 52 3 1
1106 30 8 18 3 1
1124 30 8 17 3 2
1141 30 8 16 3 1
1157 30 8 29 3 3
1186 30 8 54 3 1
1240 30 8 64 3 2
1304 30 8 16 3 1
1320 30 8 15 3 1
1335 30 8 17 3 1
1352 30 8 26 3 1
1378 30 8 8 3 1
1386 30 8 7 3 2
1393 30 8 7 3 1
601 17 13 19 3 2
620 17 13 58 3 2
678 17 13 22 3 1
700 17 13 18 3 2
718 17 13 17 3 2
735 17 13 16 3 2
751 17 13 57 3 2
808 17 13 16 3 2
824 17 13 60 3 2
884 17 13 27 3 3
911 17 13 22 3 1
933 17 13 20 3 1
953 17 13 23 3 2
976 17 13 25 3 1
1001 17 13 49 3 1
1050 17 13 18 3 2
1068 17 13 25 3 1
1093 17 13 45 3 1
1138 17 13 56 3 3
1194 17 13 17 3 2
1211 17 13 20 3 1
1231 17 13 71 3 2
1302 17 13 58 3 2
1360 17 13 30 3 1
1390 17 5 10 3 3
1390 22 8 10 3 2
266 0 17 44 3 1
310 0 17 46 3 1
356 0 17 40 3 2
396 0 17 18 3 2
414 0 17 29 3 2
443 0 17 21 3 2
464 0 17 22 3 2
486 0 17 21 3 2
507 0 17 32 3 1
539 0 17 25 3 1
564 0 17 29 3 2
593 0 17 17 3 2
610 0 17 21 3 3
631 0 17 24 3 1
655 0 17 19 3 1
674 0 17 33 3 1
707 0 17 22 3 1
729 0 17 26 3 1
755 0 17 17 3 1
772 0 17 18 3 2
790 0 17 49 3 1
839 0 17 19 3 1
858 0 17 26 3 2
884 0 17 28 3 2
912 0 17 43 3 1
955 0 17 37 3 1
992 0 17 17 3 2
1009 0 17 23 3 2
1032 0 17 74 3 1
1106 0 17 31 3 2
1137 0 17 20 3 2
1157 0 13 60 3 2
1157 13 4 9 3 2
1166 13 4 15 3 4
1181 13 4 8 3 2
1189 13 4 6 3 2
1195 13 4 8 3 2
1203 13 4 6 3 1
1209 13 4 4 3 2
1213 13 4 4 3 2
1217 0 17 47 3 3
1264 0 17 16 3 2
1280 0 17 17 3 2
1297 0 12 62 3 2
1297 12 5 14 3 2
1311 12 5 17 3 2
1328 12 5 11 3 1
1339 12 5 27 3 1
1366 12 5 25 3 1
1391 12 5 5 3 2
1396 12 1 4 3 2
1396 13 4 4 3 2
1359 0 12 13 3 2
1372 0 6 28 3 2
1372 6 6 28 3 1
0 0 45 46 2 2
0 45 44 46 2 1
0 89 72 24 2 1
0 161 7 24 2 2
0 168 66 24 2 2
0 234 15 24 2 2
0 249 59 24 2 2
0 308 32 17 2 2
17 308 1 7 2 2
17 309 15 7 2 1
17 324 1 7 2 1
17 325 5 7 2 3
17 330 1 7 2 2
17 331 9 7 2 2
24 89 5 22 2 1
24 94 52 22 2 2
24 146 62 22 2 1
24 208 8 22 2 3
24 216 43 22 2 3
24 259 20 22 2 3
24 279 5 22 2 1
24 284 56 22 2 2
46 0 21 86 2 2
46 21 72 26 2 1
46 93 21 26 2 1
46 114 76 26 2 1
46 190 37 26 2 1
46 227 58 26 2 1
46 285 8 26 2 2
46 293 47 26 2 1
72 21 25 78 2 1
72 46 69 25 2 4
72 115 6 25 2 1
72 121 74 25 2 1
72 195 5 25 2 2
72 200 7 25 2 1
72 207 10 25 2 1
72 217 36 25 2 1
72 253 14 25 2 1
72 267 18 25 2 2
72 285 20 25 2 1
72 305 35 25 2 1
97 46 80 27 2 1
97 126 18 27 2 3
97 144 61 27 2 2
97 205 56 27 2 2
97 261 79 27 2 1
124 46 38 26 2 1
124 84 73 26 2 1
124 157 5 26 2 2
124 162 6 26 2 1
124 168 78 26 2 1
124 246 6 26 2 1
124 252 8 26 2 1
124 260 51 26 2 2
124 311 29 16 2 1
140 311 2 10 2 2
140 313 4 10 2 1
140 317 23 10 2 1
150 21 78 28 2 1
150 99 42 28 2 2
150 141 72 28 2 1
150 213 9 28 2 2
150 222 43 28 2 2
150 265 50 28 2 2
150 315 7 28 2 2
150 322 8 28 2 1
150 330 10 28 2 2
178 21 23 76 2 1
178 44 23 91 2 2
178 67 73 28 2 1
178 140 67 30 2 1
178 207 71 26 2 1
178 278 52 41 2 3
178 330 10 41 2 1
219 278 62 29 2 2
248 278 41 21 2 3
248 319 6 21 2 1
248 325 15 12 2 1
260 325 15 9 2 2
204 207 71 27 2 2
231 207 25 38 2 2
231 232 37 38 2 1
231 269 9 15 2 2
246 269 5 23 2 1
246 274 4 23 2 1
208 140 67 35 2 2
243 140 5 26 2 2
243 145 8 26 2 2
243 153 15 26 2 1
243 168 39 20 2 1
263 168 2 6 2 2
263 170 18 6 2 2
263 188 19 6 2 1
206 67 39 41 2 1
206 106 34 24 2 1
230 106 34 21 2 1
251 106 20 18 2 2
251 126 14 9 2 2
260 126 5 9 2 2
260 131 9 9 2 3
247 67 5 22 2 1
247 72 34 16 2 2
263 72 1 6 2 2
263 73 2 6 2 1
263 75 16 6 2 3
263 91 15 6 2 1
269 44 62 24 2 1
269 106 58 32 2 1
269 164 69 23 2 2
269 233 7 23 2 1
269 240 11 23 2 2
269 251 30 23 2 1
269 281 52 23 2 1
269 333 7 19 2 3
288 333 7 4 2 1
292 164 74 26 2 2
292 238 12 26 2 1
292 250 14 26 2 2
292 264 76 26 2 1
318 164 75 27 2 1
318 239 26 68 2 3
318 265 20 68 2 1
318 285 55 28 2 2
346 285 55 30 2 2
376 285 29 10 2 1
376 314 26 10 2 1
386 239 34 52 2 2
386 273 21 52 2 2
386 294 46 26 2 2
412 294 6 26 2 1
412 300 40 22 2 1
434 300 11 4 2 1
434 311 1 4 2 1
434 312 9 4 2 1
434 321 4 4 2 3
434 325 1 4 2 2
434 326 9 4 2 2
434 335 5 4 2 1
438 239 66 25 2 1
438 305 7 25 2 1
438 312 10 25 2 2
438 322 18 18 2 2
456 322 18 7 2 1
463 239 39 49 2 1
463 278 41 39 2 1
463 319 21 53 2 1
516 319 21 31 2 2
547 319 21 86 2 2
633 319 21 31 2 1
664 319 21 27 2 2
691 319 21 41 2 1
732 319 21 47 2 1
779 319 21 24 2 4
803 319 21 23 2 2
826 319 21 28 2 1
854 319 21 23 2 1
877 319 21 28 2 2
905 319 21 80 2 1
985 319 21 26 2 2
1011 319 21 27 2 1
1038 319 21 27 2 3
1065 319 21 29 2 2
1094 319 21 58 2 1
1152 319 21 30 2 1
1182 319 21 45 2 1
1227 319 21 39 2 2
1266 319 21 24 2 2
1290 319 21 34 2 2
1324 319 21 18 2 2
1342 319 2 8 2 1
1342 321 19 8 2 1
502 278 41 25 2 2
527 278 41 35 2 1
562 278 27 74 2 3
562 305 14 92 2 2
654 305 14 68 2 1
722 305 14 83 2 2
805 305 14 92 2 2
897 305 14 23 2 2
920 305 14 27 2 2
947 305 14 27 2 2
974 305 14 23 2 2
997 305 14 26 2 2
1023 305 14 35 2 2
1058 305 14 29 2 2
1087 305 14 28 2 2
1115 305 14 33 2 3
1148 305 14 25 2 1
1173 305 14 31 2 2
1204 305 14 51 2 1
1255 305 14 23 2 1
1278 305 14 19 2 1
1297 305 14 17 2 2
1314 305 9 36 2 2
1314 314 5 17 2 2
1331 314 5 19 2 1
636 278 27 25 2 2
661 278 27 43 2 1
704 278 21 97 2 1
704 299 6 18 2 1
722 299 6 29 2 1
751 299 6 10 2 2
761 299 6 32 2 1
793 299 6 4 2 2
797 299 6 4 2 1
801 278 27 38 2 2
839 278 27 34 2 2
873 278 27 37 2 1
910 278 27 70 2 1
980 278 27 28 2 1
1008 278 27 23 2 1
1031 278 27 31 2 2
1062 278 27 25 2 2
1087 278 19 85 2 1
1087 297 8 71 2 1
1158 297 8 36 2 2
1194 297 8 21 2 3
1215 297 8 27 2 1
1242 297 8 64 2 1
1306 297 8 44 2 1
1172 278 19 54 2 1
1226 278 19 57 2 1
1283 278 19 24 2 2
1307 278 19 38 2 2
1345 278 1 5 2 1
1345 279 5 5 2 1
1345 284 13 5 2 2
512 239 39 52 2 1
564 239 21 107 2 1
564 260 18 33 2 3
597 260 18 33 2 1
630 260 18 107 2 2
737 260 18 27 2 1
764 260 18 32 2 1
796 260 18 100 2 1
896 260 18 33 2 2
929 260 18 29 2 1
958 260 18 89 2 2
1047 260 18 33 2 2
1080 260 18 29 2 3
1109 260 18 28 2 2
1137 260 18 96 2 1
1233 260 18 26 2 3
1259 260 18 91 2 2
671 239 21 76 2 1
747 239 21 70 2 1
817 239 21 54 2 3
871 239 21 68 2 2
939 239 21 54 2 2
993 239 21 76 2 2
1069 239 21 73 2 1
1142 239 21 68 2 2
1210 239 21 51 2 3
1261 239 21 62 2 1
1323 239 16 27 2 2
1323 255 5 10 2 2
1333 255 5 6 2 1
1339 255 5 5 2 1
1344 255 5 6 2 2
345 164 54 37 2 2
345 218 16 37 2 2
345 234 5 20 2 3
365 234 5 5 2 1
370 234 5 6 2 1
376 234 5 6 2 2
382 164 35 59 2 3
382 199 31 59 2 3
382 230 9 23 2 2
405 230 9 11 2 1
416 230 9 16 2 1
432 230 9 5 2 2
437 230 9 4 2 1
441 164 32 65 2 1
441 196 43 24 2 1
465 196 43 27 2 1
492 196 24 14 2 1
492 220 11 14 2 1
492 231 8 6 2 1
498 231 8 8 2 2
506 164 67 33 2 2
506 231 8 10 2 2
516 231 8 9 2 1
525 231 8 6 2 2
531 231 2 8 2 1
531 233 6 4 2 3
535 233 6 4 2 1
539 164 58 29 2 2
539 222 17 84 2 3
623 222 17 44 2 1
667 222 17 31 2 2
698 222 17 45 2 2
743 222 17 60 2 1
803 222 17 30 2 1
833 222 17 97 2 2
930 222 17 47 2 1
977 222 17 27 2 1
1004 222 17 78 2 2
1082 222 17 38 2 1
1120 222 17 56 2 2
1176 222 17 31 2 2
1207 222 17 33 2 3
1240 222 17 49 2 1
1289 222 17 26 2 2
1315 222 17 14 2 1
1329 222 17 15 2 2
1344 222 5 6 2 2
1344 227 12 6 2 1
568 164 58 26 2 2
594 164 58 25 2 1
619 164 43 46 2 2
619 207 15 30 2 1
649 207 15 56 2 2
705 207 15 23 2 2
728 207 15 89 2 3
817 207 15 43 2 1
860 207 15 33 2 2
893 207 15 28 2 2
921 207 15 27 2 3
948 207 15 57 2 2
1005 207 15 42 2 1
1047 207 15 67 2 1
1114 207 15 36 2 2
1150 207 15 43 2 1
1193 207 15 105 2 2
1298 207 15 46 2 2
1344 207 11 6 2 3
1344 218 4 6 2 1
665 164 43 29 2 2
694 164 43 31 2 1
725 164 43 41 2 1
766 164 28 68 2 1
766 192 15 20 2 1
786 192 15 26 2 2
812 192 15 17 2 3
829 192 15 5 2 1
834 164 43 29 2 3
863 164 31 49 2 1
863 195 12 32 2 1
895 195 12 8 2 3
903 195 12 9 2 1
912 164 43 27 2 1
939 164 43 23 2 1
962 164 43 24 2 2
986 164 43 32 2 1
1018 164 43 33 2 1
1051 164 22 104 2 1
1051 186 21 25 2 1
1076 186 21 24 2 2
1100 186 21 22 2 2
1122 186 21 28 2 2
1150 186 9 5 2 1
1150 195 8 5 2 2
1150 203 4 5 2 1
1155 164 37 60 2 1
1155 201 6 20 2 1
1175 201 6 22 2 2
1197 201 6 21 2 1
1218 201 6 18 2 1
1236 201 6 16 2 3
1252 201 6 16 2 2
1268 201 6 18 2 1
1286 201 6 25 2 1
1311 201 6 22 2 1
1333 201 6 6 2 2
1339 201 6 5 2 1
1344 201 6 6 2 1
1215 164 26 89 2 2
1215 190 11 30 2 2
1245 190 11 22 2 1
1267 190 11 38 2 2
1305 190 11 13 2 1
1318 190 11 27 2 1
1345 190 11 5 2 3
1304 164 26 28 2 1
1332 164 15 18 2 1
1332 179 11 18 2 2
301 106 58 25 2 1
326 106 24 77 2 3
326 130 34 40 2 1
366 130 34 60 2 2
426 130 34 28 2 1
454 130 34 23 2 2
477 130 20 102 2 1
477 150 14 28 2 1
505 150 14 25 2 2
530 150 14 103 2 3
633 150 14 74 2 1
707 150 14 38 2 1
745 150 14 23 2 2
768 150 14 35 2 1
803 150 14 27 2 1
830 150 14 44 2 2
874 150 14 33 2 1
907 150 14 60 2 3
967 150 14 29 2 1
996 150 14 50 2 1
1046 150 14 53 2 2
1099 150 14 63 2 1
1162 150 14 61 2 2
1223 150 14 26 2 2
1249 150 14 36 2 1
1285 150 14 29 2 1
1314 150 14 24 2 3
1338 150 2 12 2 1
1338 152 12 7 2 1
1345 152 3 5 2 1
1345 155 5 5 2 2
1345 160 4 5 2 2
579 130 20 26 2 1
605 130 20 94 2 2
699 130 20 34 2 3
733 130 20 28 2 2
761 130 20 38 2 2
799 130 20 25 2 2
824 130 20 68 2 3
892 130 20 29 2 1
921 130 20 35 2 2
956 130 20 48 2 1
1004 130 20 36 2 3
1040 130 20 63 2 2
1103 130 20 87 2 1
1190 130 20 24 2 2
1214 130 20 23 2 3
1237 130 20 39 2 2
1276 130 20 23 2 2
1299 130 16 51 2 1
1299 146 4 9 2 2
1308 146 4 7 2 1
1315 146 4 10 2 3
1325 146 4 7 2 1
1332 146 4 5 2 3
1337 146 4 4 2 3
1341 146 4 9 2 1
403 106 24 55 2 1
458 106 24 27 2 2
485 106 24 47 2 2
532 106 24 32 2 2
564 106 24 40 2 1
604 106 24 83 2 2
687 106 24 28 2 1
715 106 24 28 2 3
743 106 24 28 2 2
771 106 24 78 2 1
849 106 24 27 2 1
876 106 24 42 2 1
918 106 24 82 2 2
1000 106 24 33 2 1
1033 106 24 29 2 3
1062 106 24 28 2 1
1090 106 24 85 2 1
1175 106 20 86 2 1
1175 126 4 16 2 2
1191 126 4 23 2 1
1214 126 4 13 2 3
1227 126 4 39 2 2
1266 126 4 11 2 2
1277 126 4 10 2 2
1287 126 4 19 2 1
1306 126 4 8 2 1
1314 126 4 9 2 2
1323 126 4 6 2 3
1329 126 4 15 2 1
1344 126 4 6 2 2
1261 106 20 33 2 2
1294 106 20 20 2 2
1314 106 20 21 2 2
1335 106 20 11 2 2
1346 106 1 4 2 2
1346 107 2 4 2 1
1346 109 12 4 2 1
1346 121 5 4 2 2
293 44 55 30 2 2
293 99 7 9 2 2
302 99 7 7 2 1
309 99 7 14 2 1
323 44 62 27 2 2
350 44 18 87 2 2
350 62 44 24 2 2
374 62 13 63 2 1
374 75 13 63 2 3
374 88 18 53 2 3
427 88 18 10 2 1
437 44 62 30 2 1
467 44 22 103 2 1
467 66 40 53 2 1
520 66 40 32 2 1
552 66 9 18 2 1
552 75 31 18 2 1
570 44 51 33 2 1
570 95 11 31 2 2
601 95 11 23 2 2
624 95 11 105 2 2
729 95 11 48 2 2
777 95 11 35 2 1
812 95 11 45 2 1
857 95 11 28 2 2
885 95 11 76 2 1
961 95 11 29 2 1
990 95 11 30 2 2
1020 95 11 26 2 1
1046 95 11 33 2 1
1079 95 11 29 2 1
1108 95 11 30 2 1
1138 95 11 44 2 2
1182 95 11 26 2 2
1208 95 11 41 2 1
1249 95 11 75 2 3
1324 95 11 19 2 1
1343 95 11 7 2 3
603 44 37 41 2 2
603 81 14 14 2 2
617 81 7 27 2 2
617 88 7 9 2 1
626 88 7 18 2 1
644 44 32 70 2 1
644 76 19 27 2 2
671 76 9 43 2 1
671 85 10 18 2 2
689 85 10 11 2 1
700 85 10 14 2 1
714 44 18 88 2 1
714 62 33 55 2 2
769 62 24 33 2 3
769 86 9 11 2 1
780 86 9 10 2 1
790 86 5 12 2 3
790 91 4 4 2 1
794 91 4 8 2 1
802 44 44 48 2 2
802 88 7 11 2 2
813 88 7 20 2 2
833 88 7 9 2 2
842 88 7 8 2 2
850 44 21 74 2 2
850 65 30 24 2 2
874 65 30 33 2 2
907 65 30 25 2 1
932 65 30 23 2 2
955 65 26 61 2 1
955 91 4 16 2 2
971 91 4 12 2 1
983 91 4 8 2 2
991 91 4 8 2 2
999 91 4 8 2 2
1007 91 4 4 2 1
1011 91 4 5 2 2
1016 65 30 48 2 3
1064 65 30 23 2 1
1087 65 30 29 2 1
1116 65 30 37 2 2
1153 65 25 89 2 2
1153 90 5 46 2 2
1199 90 5 16 2 2
1215 90 5 7 2 2
1222 90 5 20 2 1
1242 65 30 35 2 2
1277 65 30 53 2 1
1330 65 30 20 2 2
924 44 21 27 2 2
951 44 21 85 2 2
1036 44 21 99 2 1
1135 44 21 42 2 1
1177 44 21 61 2 2
1238 44 21 24 2 1
1262 44 21 26 2 1
1288 44 21 23 2 1
1311 44 21 17 2 1
1328 44 21 16 2 1
1344 44 9 6 2 2
1344 53 2 6 2 2
1344 55 10 6 2 1
254 21 23 55 2 2
309 21 23 79 2 1
388 21 23 46 2 1
434 21 23 23 2 1
457 21 23 52 2 1
509 21 23 34 2 1
543 21 23 40 2 1
583 21 23 77 2 1
660 21 23 43 2 3
703 21 23 44 2 2
747 21 23 34 2 1
781 21 23 23 2 1
804 21 23 30 2 2
834 21 23 28 2 1
862 21 23 29 2 2
891 21 23 63 2 1
954 21 23 25 2 1
979 21 23 94 2 2
1073 21 23 35 2 2
1108 21 23 30 2 1
1138 21 23 41 2 1
1179 21 23 33 2 2
1212 21 23 34 2 2
1246 21 23 25 2 2
1271 21 23 70 2 1
1341 21 8 9 2 2
1341 29 4 9 2 1
1341 33 11 9 2 1
132 0 21 27 2 2
159 0 21 29 2 1
188 0 21 70 2 2
258 0 21 24 2 2
282 0 21 79 2 1
361 0 21 26 2 1
387 0 21 40 2 4
427 0 21 39 2 1
466 0 21 23 2 1
489 0 21 52 2 2
541 0 21 35 2 1
576 0 21 24 2 4
600 0 21 27 2 1
627 0 21 45 2 1
672 0 21 67 2 1
739 0 21 29 2 2
768 0 21 28 2 1
796 0 21 34 2 2
830 0 21 48 2 2
878 0 21 90 2 1
968 0 21 74 2 2
1042 0 21 34 2 1
1076 0 21 27 2 2
1103 0 21 79 2 2
1182 0 21 40 2 1
1222 0 21 25 2 1
1247 0 21 54 2 1
1301 0 21 49 2 1
0 0 78 28 1 1
0 78 70 36 1 2
0 148 22 90 1 1
0 170 21 90 1 1
0 191 72 24 1 2
0 263 73 26 1 3
0 336 69 25 1 2
0 405 71 25 1 2
0 476 7 25 1 2
0 483 74 25 1 2
0 557 6 25 1 2
0 563 71 25 1 1
0 634 46 20 1 1
20 634 4 5 1 1
20 638 8 5 1 1
20 646 13 5 1 2
20 659 15 5 1 1
20 674 6 5 1 1
25 336 46 42 1 1
25 382 78 31 1 1
25 460 37 42 1 1
25 497 65 27 1 2
25 562 17 27 1 1
25 579 40 27 1 2
25 619 47 27 1 2
25 666 14 27 1 2
52 497 3 15 1 2
52 500 44 15 1 2
52 544 44 15 1 2
52 588 37 15 1 3
52 625 42 15 1 2
52 667 13 15 1 2
56 382 2 11 1 1
56 384 2 11 1 3
56 386 11 11 1 2
56 397 5 11 1 1
56 402 3 11 1 1
56 405 33 11 1 3
56 438 22 11 1 1
67 336 68 23 1 2
67 404 18 23 1 2
67 422 6 23 1 1
67 428 35 23 1 3
67 463 66 23 1 1
67 529 5 23 1 1
67 534 43 23 1 3
67 577 15 23 1 1
67 592 69 23 1 1
67 661 19 17 1 2
84 661 19 6 1 3
26 263 65 30 1 2
26 328 8 11 1 2
37 328 8 19 1 1
56 263 7 34 1 2
56 270 66 24 1 1
80 270 12 10 1 3
80 282 30 10 1 2
80 312 2 10 1 1
80 314 22 10 1 1
24 191 72 26 1 1
50 191 72 30 1 2
80 191 26 10 1 1
80 217 27 10 1 2
80 244 6 10 1 2
80 250 9 10 1 1
80 259 4 4 1 3
84 259 4 6 1 1
90 148 68 36 1 1
90 216 75 34 1 2
90 291 26 73 1 1
90 317 38 50 1 2
90 355 59 28 1 1
90 414 82 28 1 1
90 496 17 28 1 2
90 513 81 28 1 1
90 594 23 28 1 2
90 617 63 28 1 2
118 414 82 31 1 1
118 496 31 31 1 1
118 527 63 31 1 2
118 590 76 31 1 2
118 666 14 31 1 1
149 414 37 14 1 2
149 451 6 14 1 2
149 457 31 14 1 1
149 488 14 14 1 1
149 502 24 14 1 2
149 526 42 14 1 2
149 568 35 14 1 1
149 603 36 14 1 3
149 639 41 14 1 2
118 355 59 32 1 2
150 355 33 13 1 1
150 388 11 13 1 2
150 399 5 13 1 2
150 404 10 7 1 1
157 404 3 6 1 2
157 407 2 6 1 1
157 409 5 6 1 2
140 317 9 23 1 1
140 326 29 15 1 1
155 326 20 8 1 1
155 346 9 8 1 2
163 291 85 30 1 1
163 376 62 30 1 1
163 438 7 30 1 2
163 445 15 30 1 1
163 460 76 26 1 1
163 536 75 26 1 1
163 611 24 26 1 2
163 635 28 26 1 3
163 663 17 12 1 3
175 663 17 14 1 2
189 460 2 4 1 3
189 462 11 4 1 1
189 473 11 4 1 1
189 484 4 4 1 3
189 488 1 4 1 1
189 489 10 4 1 3
189 499 11 4 1 1
189 510 11 4 1 1
189 521 11 4 1 1
189 532 5 4 1 1
189 537 2 4 1 1
189 539 11 4 1 2
189 550 1 4 1 3
189 551 11 4 1 1
189 562 4 4 1 1
189 566 7 4 1 2
189 573 1 4 1 2
189 574 11 4 1 2
189 585 6 4 1 2
189 591 4 4 1 3
189 595 4 4 1 2
189 599 4 4 1 3
189 603 1 4 1 1
189 604 2 4 1 1
189 606 12 4 1 2
189 618 11 4 1 1
189 629 5 4 1 2
189 634 7 4 1 1
189 641 11 4 1 1
189 652 7 4 1 2
189 659 6 4 1 1
189 665 10 4 1 3
189 675 1 4 1 2
189 676 4 4 1 3
193 291 40 48 1 2
193 331 44 48 1 2
193 375 40 48 1 3
193 415 66 35 1 1
193 481 34 48 1 2
193 515 19 48 1 1
193 534 20 48 1 1
193 554 55 48 1 1
193 609 71 28 1 3
221 609 58 20 1 1
221 667 13 9 1 2
230 667 13 11 1 1
228 415 6 13 1 2
228 421 21 13 1 2
228 442 28 13 1 1
228 470 11 13 1 2
241 291 28 61 1 1
241 319 61 28 1 1
241 380 74 32 1 3
241 454 30 32 1 2
241 484 46 32 1 2
241 530 10 32 1 2
241 540 73 27 1 2
241 613 28 32 1 2
241 641 39 28 1 1
269 641 1 4 1 2
269 642 1 4 1 1
269 643 3 4 1 2
269 646 3 4 1 1
269 649 12 4 1 1
269 661 11 4 1 1
269 672 1 4 1 2
269 673 7 4 1 1
268 540 2 5 1 1
268 542 14 5 1 2
268 556 3 5 1 1
268 559 11 5 1 1
268 570 2 5 1 1
268 572 13 5 1 3
268 585 14 5 1 2
268 599 14 5 1 1
273 380 37 29 1 3
273 417 34 29 1 2
273 451 13 29 1 3
273 464 10 29 1 1
273 474 36 29 1 2
273 510 64 29 1 3
273 574 86 29 1 1
273 660 20 15 1 2
288 660 20 14 1 1
269 319 61 29 1 2
298 319 12 4 1 2
298 331 10 4 1 2
298 341 2 4 1 2
298 343 1 4 1 2
298 344 11 4 1 1
298 355 1 4 1 1
298 356 11 4 1 2
298 367 3 4 1 1
298 370 10 4 1 2
302 291 56 35 1 3
302 347 22 95 1 1
302 369 78 26 1 2
302 447 12 26 1 1
302 459 16 26 1 2
302 475 42 26 1 1
302 517 76 26 1 1
302 593 6 26 1 2
302 599 77 26 1 2
302 676 4 10 1 1
312 676 4 6 1 2
318 676 4 4 1 1
322 676 4 6 1 2
328 369 53 46 1 1
328 422 54 46 1 3
328 476 68 32 1 3
328 544 78 30 1 1
328 622 58 33 1 2
361 622 5 13 1 2
361 627 31 13 1 1
361 658 22 13 1 1
358 544 37 16 1 4
358 581 7 16 1 1
358 588 3 16 1 3
358 591 31 16 1 1
360 476 26 14 1 1
360 502 29 14 1 2
360 531 5 14 1 2
360 536 8 9 1 1
369 536 8 5 1 2
374 369 56 23 1 1
374 425 56 23 1 1
374 481 5 23 1 2
374 486 43 23 1 2
374 529 58 23 1 1
374 587 47 23 1 2
374 634 46 19 1 3
393 634 11 4 1 1
393 645 1 4 1 1
393 646 3 4 1 2
393 649 8 4 1 1
393 657 1 4 1 2
393 658 11 4 1 2
393 669 11 4 1 1
397 347 71 30 1 1
397 418 52 33 1 2
397 470 67 28 1 2
397 537 81 29 1 1
397 618 8 29 1 1
397 626 54 29 1 1
426 537 5 4 1 3
426 542 12 4 1 2
426 554 11 4 1 2
426 565 10 4 1 1
426 575 4 4 1 2
426 579 2 4 1 1
426 581 6 4 1 1
426 587 8 4 1 1
426 595 10 4 1 1
426 605 5 4 1 3
426 610 1 4 1 2
426 611 1 4 1 2
426 612 5 4 1 2
426 617 9 4 1 1
426 626 12 4 1 1
426 638 1 4 1 2
426 639 1 4 1 1
426 640 2 4 1 1
426 642 5 4 1 2
426 647 1 4 1 2
426 648 11 4 1 3
426 659 2 4 1 1
426 661 10 4 1 1
426 671 2 4 1 2
426 673 7 4 1 1
425 470 1 5 1 2
425 471 9 5 1 1
425 480 8 5 1 2
425 488 13 5 1 3
425 501 5 5 1 3
425 506 15 5 1 2
425 521 11 5 1 1
425 532 1 5 1 2
425 533 4 5 1 1
430 418 78 28 1 2
430 496 20 92 1 1
430 516 45 37 1 2
430 561 64 32 1 1
430 625 55 32 1 2
462 561 14 5 1 2
462 575 1 5 1 2
462 576 2 5 1 3
462 578 1 5 1 2
462 579 11 5 1 1
462 590 4 5 1 1
462 594 14 5 1 1
462 608 7 5 1 1
462 615 4 5 1 2
462 619 7 5 1 1
462 626 15 5 1 2
462 641 4 5 1 1
462 645 1 5 1 4
462 646 6 5 1 1
462 652 8 5 1 1
462 660 5 5 1 2
462 665 15 5 1 2
467 516 58 37 1 1
467 574 76 33 1 2
467 650 30 31 1 1
498 650 30 24 1 1
500 574 14 22 1 2
500 588 13 22 1 1
500 601 27 22 1 2
500 628 22 22 1 1
504 516 53 18 1 1
504 569 5 5 1 1
509 569 5 5 1 1
514 569 5 8 1 2
522 496 83 29 1 2
522 579 48 36 1 2
522 627 53 40 1 2
562 627 47 40 1 2
562 674 6 20 1 2
582 674 6 31 1 1
613 674 6 49 1 3
662 674 6 15 1 3
677 674 6 20 1 1
697 674 6 12 1 1
709 674 6 9 1 3
718 674 6 8 1 2
726 674 6 8 1 1
734 674 6 7 1 2
741 674 6 9 1 2
602 627 47 25 1 1
627 627 47 25 1 1
652 627 21 98 1 3
652 648 26 94 1 2
746 648 4 4 1 1
746 652 12 4 1 1
746 664 4 4 1 2
746 668 6 4 1 2
558 579 24 105 1 1
558 603 24 37 1 2
595 603 24 73 1 4
668 603 18 82 1 1
668 621 6 26 1 2
694 621 6 13 1 1
707 621 6 9 1 1
716 621 6 9 1 1
725 621 6 8 1 1
733 621 6 17 1 1
663 579 24 49 1 2
712 579 24 38 1 3
551 496 70 35 1 1
551 566 13 40 1 2
591 566 13 43 1 1
634 566 13 47 1 2
681 566 13 26 1 1
707 566 13 16 1 3
723 566 13 11 1 1
734 566 13 10 1 1
744 566 13 6 1 2
586 496 58 43 1 1
586 554 12 27 1 2
613 554 12 26 1 1
639 554 12 35 1 1
674 554 12 29 1 1
703 554 12 20 1 1
723 554 12 10 1 2
733 554 12 11 1 1
744 554 3 6 1 1
744 557 2 6 1 3
744 559 7 6 1 2
629 496 58 26 1 2
655 496 58 30 1 2
685 496 58 28 1 1
713 496 58 26 1 2
739 496 14 11 1 1
739 510 31 11 1 2
739 541 13 7 1 3
746 541 9 4 1 2
746 550 4 4 1 2
458 418 23 101 1 1
458 441 55 29 1 2
487 441 55 26 1 3
513 441 49 37 1 3
513 490 6 13 1 2
526 490 6 12 1 1
538 490 6 5 1 2
543 490 6 7 1 1
550 441 2 9 1 2
550 443 14 9 1 1
550 457 9 9 1 4
550 466 25 9 1 1
550 491 5 9 1 1
559 418 78 29 1 2
588 418 24 80 1 1
588 442 54 34 1 1
622 442 22 101 1 3
622 464 20 101 1 1
622 484 12 31 1 2
653 484 12 65 1 3
718 484 2 5 1 1
718 486 10 5 1 2
723 442 54 27 1 1
668 418 24 25 1 1
693 418 24 30 1 1
723 418 24 15 1 3
738 418 10 12 1 1
738 428 8 12 1 2
738 436 6 6 1 1
744 436 6 6 1 1
427 347 71 29 1 1
456 347 44 52 1 4
456 391 27 23 1 1
479 391 21 29 1 1
479 412 6 8 1 1
487 412 6 12 1 2
499 412 6 4 1 2
503 412 6 5 1 2
508 347 71 31 1 2
539 347 71 29 1 2
568 347 48 53 1 2
568 395 23 98 1 2
666 395 23 28 1 3
694 395 23 22 1 1
716 395 23 16 1 1
732 395 23 12 1 1
744 395 3 6 1 2
744 398 11 6 1 1
744 409 9 6 1 1
621 347 48 25 1 1
646 347 48 26 1 1
672 347 48 44 1 2
716 347 48 34 1 1
337 291 36 65 1 1
337 327 20 23 1 2
360 327 20 17 1 1
377 327 20 14 1 2
391 327 20 11 1 1
402 291 56 27 1 2
429 291 27 78 1 1
429 318 29 32 1 2
461 318 23 74 1 2
461 341 6 26 1 3
487 341 6 89 1 1
576 341 6 28 1 2
604 341 6 19 1 2
623 341 6 22 1 1
645 341 6 15 1 2
660 341 6 21 1 2
681 341 6 38 1 1
719 341 6 13 1 1
732 341 6 6 1 1
738 341 6 12 1 2
535 318 23 85 1 1
620 318 23 67 1 2
687 318 23 30 1 1
717 318 12 33 1 1
717 330 11 33 1 1
507 291 27 36 1 3
543 291 27 30 1 3
573 291 27 37 1 1
610 291 27 24 1 1
634 291 27 29 1 1
663 291 27 61 1 2
724 291 27 19 1 1
743 291 17 7 1 1
743 308 2 7 1 1
743 310 8 7 1 1
124 216 75 29 1 2
153 216 46 54 1 1
153 262 29 35 1 3
188 262 22 111 1 1
188 284 7 108 1 2
296 284 7 58 1 1
354 284 7 32 1 1
386 284 7 76 1 1
462 284 7 73 1 2
535 284 7 23 1 1
558 284 7 26 1 1
584 284 7 20 1 2
604 284 7 26 1 2
630 284 7 37 1 1
667 284 7 22 1 1
689 284 7 22 1 1
711 284 7 15 1 1
726 284 7 8 1 1
734 284 7 6 1 1
740 284 7 10 1 1
299 262 22 33 1 1
332 262 22 25 1 2
357 262 22 27 1 1
384 262 22 44 1 1
428 262 22 73 1 1
501 262 22 29 1 1
530 262 22 62 1 1
592 262 22 30 1 1
622 262 22 37 1 2
659 262 22 28 1 2
687 262 22 21 1 1
708 262 22 18 1 1
726 262 22 24 1 2
207 216 46 46 1 2
253 216 46 56 1 2
309 216 46 30 1 1
339 216 46 26 1 2
365 216 46 27 1 1
392 216 38 62 1 2
392 254 8 13 1 3
405 254 8 43 1 1
448 254 8 6 1 1
454 216 46 47 1 1
501 216 26 95 1 3
501 242 20 45 1 1
546 242 20 32 1 1
578 242 12 18 1 1
578 254 8 7 1 2
585 254 8 6 1 2
591 254 8 5 1 2
596 216 23 110 1 1
596 239 23 29 1 1
625 239 23 24 1 1
649 239 15 57 1 1
649 254 8 12 1 2
661 254 8 13 1 1
674 254 8 9 1 1
683 254 8 9 1 1
692 254 8 14 1 2
706 216 46 24 1 2
730 216 5 20 1 2
730 221 41 20 1 2
126 148 25 90 1 1
126 173 24 102 1 1
126 197 19 40 1 2
166 197 19 27 1 3
193 197 19 49 1 1
242 197 19 34 1 1
276 197 19 83 1 1
359 197 19 56 1 2
415 197 19 45 1 2
460 197 19 107 1 2
567 197 19 59 1 1
626 197 19 28 1 1
654 197 19 68 1 1
722 197 19 18 1 2
740 197 19 10 1 2
228 173 24 29 1 1
257 173 24 43 1 1
300 173 24 29 1 1
329 173 24 33 1 1
362 173 24 35 1 2
397 173 24 32 1 2
429 173 20 93 1 1
429 193 4 21 1 3
450 193 4 22 1 2
472 193 4 39 1 3
511 193 4 19 1 1
530 193 4 66 1 1
596 193 4 25 1 2
621 193 4 45 1 3
666 193 4 12 1 1
678 193 4 33 1 1
711 193 4 20 1 1
731 193 4 11 1 1
742 193 4 4 1 2
746 193 4 4 1 2
522 173 20 59 1 1
581 173 20 36 1 1
617 173 20 98 1 1
715 173 20 19 1 1
734 173 4 16 1 1
734 177 16 10 1 2
744 177 10 6 1 1
744 187 6 6 1 2
216 148 25 30 1 2
246 148 25 30 1 2
276 148 25 40 1 2
316 148 25 33 1 2
349 148 25 75 1 1
424 148 25 30 1 2
454 148 25 77 1 1
531 148 25 26 1 2
557 148 25 60 1 1
617 148 25 33 1 1
650 148 25 74 1 1
724 148 8 26 1 1
724 156 17 15 1 2
739 156 17 11 1 2
36 78 29 68 1 2
36 107 41 35 1 3
71 107 41 33 1 1
104 78 70 31 1 2
135 78 40 53 1 2
135 118 30 31 1 2
166 118 30 37 1 1
203 118 30 26 1 2
229 118 21 101 1 1
229 139 9 29 1 2
258 139 9 23 1 1
281 139 9 20 1 1
301 139 9 10 1 2
311 139 9 11 1 2
322 139 9 8 1 2
330 118 30 30 1 2
360 118 30 49 1 1
409 118 20 89 1 2
409 138 10 46 1 2
455 138 10 30 1 1
485 138 10 13 1 2
498 118 30 28 1 2
526 118 30 30 1 2
556 118 30 30 1 2
586 118 30 29 1 1
615 118 30 65 1 2
680 118 17 70 1 2
680 135 13 18 1 1
698 135 13 15 1 2
713 135 13 37 1 2
188 78 40 45 1 2
233 78 40 36 1 2
269 78 40 29 1 1
298 78 34 65 1 2
298 112 6 44 1 2
342 112 6 36 1 2
378 112 6 62 1 1
440 112 6 26 1 2
466 112 6 31 1 2
497 112 6 72 1 2
569 112 6 19 1 1
588 112 6 60 1 2
648 112 6 34 1 1
682 112 6 16 1 2
698 112 6 20 1 1
718 112 6 17 1 1
735 112 6 6 1 2
741 112 6 5 1 2
746 112 6 4 1 2
363 78 21 83 1 2
363 99 13 92 1 1
455 99 13 30 1 2
485 99 13 24 1 2
509 99 13 35 1 1
544 99 13 113 1 4
657 99 13 20 1 2
677 99 13 19 1 1
696 99 13 54 1 2
446 78 21 30 1 2
476 78 21 41 1 1
517 78 21 31 1 1
548 78 21 32 1 2
580 78 21 27 1 1
607 78 21 45 1 2
652 78 21 37 1 2
689 78 21 21 1 2
710 78 16 40 1 2
710 94 5 20 1 2
730 94 5 6 1 1
736 94 5 10 1 2
746 94 5 4 1 1
28 0 27 76 1 2
28 27 51 29 1 1
57 27 23 110 1 1
57 50 28 59 1 1
116 50 21 91 1 1
116 71 7 77 1 2
193 71 7 97 1 1
290 71 7 29 1 2
319 71 7 48 1 1
367 71 7 32 1 1
399 71 7 34 1 1
433 71 7 61 1 1
494 71 7 24 1 2
518 71 7 23 1 2
541 71 7 86 1 2
627 71 7 22 1 1
649 71 7 23 1 2
672 71 7 14 1 1
686 71 7 18 1 2
704 71 7 14 1 1
718 71 7 10 1 2
728 71 7 7 1 2
735 71 7 15 1 4
207 50 21 48 1 2
255 50 21 76 1 1
331 50 21 31 1 1
362 50 21 26 1 1
388 50 21 30 1 1
418 50 21 83 1 3
501 50 21 29 1 3
530 50 21 45 1 1
575 50 21 83 1 3
658 50 21 28 1 1
686 50 21 32 1 1
718 50 21 23 1 3
741 50 21 9 1 2
167 27 23 25 1 1
192 27 23 43 1 2
235 27 23 34 1 2
269 27 23 36 1 3
305 27 23 77 1 1
382 27 23 34 1 1
416 27 23 89 1 1
505 27 23 28 1 3
533 27 23 76 1 2
609 27 23 36 1 1
645 27 23 26 1 1
671 27 23 69 1 2
740 27 2 10 1 2
740 29 21 10 1 1
104 0 27 29 1 2
133 0 27 25 1 2
158 0 21 84 1 1
158 21 6 13 1 1
171 21 6 15 1 1
186 21 6 12 1 1
198 21 6 9 1 2
207 21 6 9 1 2
216 21 6 9 1 2
225 21 6 6 1 1
231 21 6 5 1 1
236 21 6 6 1 2
242 0 21 104 1 2
242 21 6 90 1 2
332 21 6 40 1 1
372 21 6 30 1 1
402 21 6 62 1 2
464 21 6 54 1 2
518 21 6 33 1 1
551 21 6 23 1 2
574 21 6 20 1 1
594 21 6 64 1 1
658 21 6 14 1 1
672 21 6 13 1 1
685 21 6 11 1 1
696 21 6 10 1 1
706 21 6 10 1 2
716 21 6 16 1 1
732 21 6 7 1 3
739 21 6 5 1 1
744 21 6 6 1 2
346 0 21 28 1 4
374 0 21 30 1 1
404 0 21 37 1 2
441 0 21 93 1 1
534 0 21 35 1 2
569 0 21 92 1 1
661 0 21 32 1 1
693 0 21 31 1 1
724 0 6 26 1 1
724 6 15 13 1 1
737 6 15 13 1 1
