240 290 14
4
240 850 3.5
280 130 3.0
140 216 2.5
140 270 2.0
338
0 0 94 85 3
0 94 87 85 3
0 181 59 81 3
81 181 4 4 3
81 185 3 4 3
81 188 6 4 3
81 194 6 4 3
81 200 5 4 3
81 205 7 4 3
81 212 3 4 3
81 215 4 4 3
81 219 5 4 3
81 224 6 4 3
81 230 5 4 3
81 235 5 4 3
85 0 77 91 3
85 77 99 76 3
85 176 64 57 3
142 176 34 19 3
142 210 22 19 3
142 232 8 9 3
151 232 8 10 3
161 77 106 61 3
161 183 57 54 3
215 183 8 7 3
215 191 7 7 3
215 198 11 7 3
215 209 8 7 3
215 217 11 7 3
215 228 7 7 3
215 235 5 7 3
222 77 107 80 3
222 184 56 56 3
278 184 37 24 3
278 221 19 16 3
294 221 13 8 3
294 234 6 8 3
302 77 81 72 3
302 158 82 72 3
374 77 88 81 3
374 165 57 81 3
374 222 18 30 3
404 222 18 23 3
427 222 18 17 3
444 222 18 11 3
455 77 79 101 3
455 156 84 104 3
559 156 84 80 3
639 156 78 101 3
639 234 6 21 3
660 234 6 17 3
677 234 6 19 3
696 234 6 14 3
710 234 6 11 3
721 234 6 9 3
730 234 6 10 3
740 156 84 68 3
808 156 39 42 3
808 195 45 34 3
842 195 14 8 3
842 209 6 8 3
842 215 6 8 3
842 221 11 8 3
842 232 8 8 3
556 77 79 104 3
660 77 79 98 3
758 77 79 87 3
845 77 4 5 3
845 81 7 5 3
845 88 5 5 3
845 93 9 5 3
845 102 8 5 3
845 110 5 5 3
845 115 6 5 3
845 121 6 5 3
845 127 7 5 3
845 134 8 5 3
845 142 4 5 3
845 146 6 5 3
845 152 4 5 3
176 0 77 76 3
252 0 77 67 3
319 0 77 85 3
404 0 77 63 3
467 0 77 74 3
541 0 77 84 3
625 0 77 97 3
722 0 77 69 3
791 0 77 52 3
843 0 13 7 3
843 13 6 7 3
843 19 11 7 3
843 30 7 7 3
843 37 6 7 3
843 43 7 7 3
843 50 11 7 3
843 61 7 7 3
843 68 9 7 3
0 0 49 35 3
0 49 41 35 3
0 90 52 29 3
0 142 37 29 3
0 179 30 29 3
0 209 30 29 3
0 239 41 29 3
29 90 7 6 3
29 97 10 6 3
29 107 4 6 3
29 111 8 6 3
29 119 6 6 3
29 125 5 6 3
29 130 6 6 3
29 136 6 6 3
29 142 8 6 3
29 150 6 6 3
29 156 5 6 3
29 161 9 6 3
29 170 5 6 3
29 175 8 6 3
29 183 8 6 3
29 191 6 6 3
29 197 10 6 3
29 207 4 6 3
29 211 6 6 3
29 217 10 6 3
29 227 8 6 3
29 235 10 6 3
29 245 8 6 3
29 253 9 6 3
29 262 8 6 3
29 270 10 6 3
35 0 46 29 3
35 46 52 30 3
35 98 38 30 3
35 136 36 30 3
35 172 51 26 3
35 223 30 30 3
35 253 27 26 3
61 253 5 4 3
61 258 5 4 3
61 263 4 4 3
61 267 6 4 3
61 273 7 4 3
61 172 3 4 3
61 175 8 4 3
61 183 5 4 3
61 188 2 4 3
61 190 3 4 3
61 193 7 4 3
61 200 5 4 3
61 205 7 4 3
61 212 7 4 3
61 219 4 4 3
65 46 37 35 3
65 83 38 31 3
65 121 35 36 3
65 156 33 36 3
65 189 50 28 3
65 239 41 24 3
89 239 5 4 3
89 244 4 4 3
89 248 6 4 3
89 254 5 4 3
89 259 3 4 3
89 262 4 4 3
89 266 7 4 3
89 273 7 4 3
93 189 12 8 3
93 201 8 8 3
93 209 11 8 3
93 220 6 8 3
93 226 10 8 3
93 236 9 8 3
93 245 10 8 3
93 255 13 8 3
93 268 12 8 3
101 121 36 29 3
101 157 43 29 3
101 200 50 29 3
101 250 30 23 3
124 250 8 6 3
124 258 9 6 3
124 267 7 6 3
124 274 6 6 3
96 83 22 34 3
96 105 16 22 3
118 105 12 12 3
118 117 4 5 3
123 117 4 7 3
100 46 16 30 3
100 62 21 21 3
121 62 14 9 3
121 76 7 9 3
64 0 46 37 3
101 0 46 29 3
0 0 44 28 2
0 44 31 28 2
0 75 22 28 2
0 97 31 28 2
0 128 12 14 2
14 128 12 14 2
28 0 42 31 2
28 42 45 27 2
28 87 41 27 2
28 128 12 15 2
43 128 12 12 2
55 42 4 4 2
55 46 7 4 2
55 53 4 4 2
55 57 6 4 2
55 63 8 4 2
55 71 5 4 2
55 76 6 4 2
55 82 3 4 2
55 85 6 4 2
55 91 5 4 2
55 96 4 4 2
55 100 5 4 2
55 105 7 4 2
55 112 5 4 2
55 117 7 4 2
55 124 3 4 2
55 127 6 4 2
55 133 7 4 2
59 0 41 33 2
59 41 36 35 2
59 77 34 35 2
59 111 29 31 2
90 111 7 4 2
90 118 7 4 2
90 125 5 4 2
90 130 10 4 2
94 41 32 40 2
94 73 38 35 2
94 111 29 27 2
121 111 6 8 2
121 117 9 8 2
121 126 10 8 2
121 136 4 8 2
129 73 7 5 2
129 80 6 5 2
129 86 4 5 2
129 90 5 5 2
129 95 4 5 2
129 99 8 5 2
129 107 5 5 2
129 112 7 5 2
129 119 8 5 2
129 127 6 5 2
129 133 7 5 2
134 41 52 27 2
134 93 36 37 2
134 129 11 20 2
154 129 11 17 2
171 93 32 39 2
171 125 15 19 2
190 125 15 14 2
204 125 6 6 2
204 131 9 6 2
210 93 7 6 2
210 100 6 6 2
210 106 10 6 2
210 116 11 6 2
210 127 13 6 2
161 41 24 45 2
161 65 28 36 2
197 65 28 19 2
206 41 18 10 2
206 59 6 10 2
92 0 35 27 2
92 35 6 13 2
105 35 6 7 2
112 35 6 7 2
119 0 28 36 2
119 28 13 25 2
144 28 13 11 2
155 0 35 32 2
155 35 6 18 2
173 35 6 13 2
186 35 6 12 2
198 35 6 9 2
207 35 6 5 2
212 35 6 4 2
187 0 35 29 2
0 0 38 30 2
0 38 21 30 2
0 59 60 30 2
0 119 21 30 2
30 0 54 28 2
30 54 35 28 2
30 89 36 28 2
30 125 15 16 2
46 125 15 12 2
58 0 44 35 2
58 44 53 31 2
58 97 34 31 2
58 131 9 17 2
75 131 9 14 2
89 44 47 37 2
89 91 35 36 2
89 126 14 28 2
117 126 14 43 2
160 126 14 38 2
198 126 14 34 2
232 126 14 19 2
251 126 14 13 2
264 126 6 6 2
264 132 4 6 2
264 136 4 6 2
125 91 35 43 2
168 91 35 36 2
204 91 35 33 2
237 91 35 33 2
126 44 37 30 2
126 81 10 19 2
145 81 10 11 2
156 44 38 40 2
156 82 9 29 2
185 82 9 28 2
213 82 9 19 2
232 82 9 15 2
247 82 9 14 2
261 82 9 9 2
196 44 38 37 2
233 44 38 37 2
93 0 34 39 2
93 34 10 30 2
123 34 10 26 2
149 34 10 31 2
180 34 10 28 2
208 34 10 22 2
230 34 10 18 2
248 34 10 11 2
259 34 10 11 2
132 0 34 31 2
163 0 34 41 2
204 0 34 36 2
240 0 34 30 2
