200 180 25
8
470 180 5
330 200 4.5
80 225 4
120 80 3
120 210 2
100 80 1.5
70 120 1
70 240 0.5
170
0 0 126 83 5 1
0 126 18 83 5 2
0 144 109 83 5 2
83 0 57 48 5 2
83 57 71 48 5 3
83 128 68 48 5 1
83 196 57 48 5 1
131 0 57 49 5 3
131 57 64 49 5 2
131 121 66 49 5 2
131 187 66 49 5 2
83 253 108 97 5 3
83 361 27 97 5 3
83 388 82 97 5 2
0 253 49 41 5 2
0 302 22 41 5 1
0 324 18 41 5 1
0 342 30 41 5 3
0 372 34 41 5 2
0 406 64 41 5 2
41 253 13 42 5 3
41 266 14 42 5 1
41 280 60 42 5 3
41 340 8 42 5 2
41 348 58 42 5 1
41 406 64 42 5 2
0 0 95 58 4 3
58 0 26 54 4 3
58 26 69 54 4 2
0 95 95 112 4 2
112 0 62 44 4 1
112 62 15 44 4 1
112 77 66 44 4 2
112 143 9 44 4 1
112 152 38 44 4 2
156 0 10 44 4 2
156 10 29 44 4 1
156 39 16 44 4 1
156 55 66 44 4 2
156 121 69 44 4 1
112 190 34 88 4 3
112 224 36 53 4 3
165 224 36 35 4 2
112 260 43 88 4 3
112 303 27 41 4 1
153 303 27 29 4 3
182 303 27 18 4 2
0 190 11 56 4 3
0 201 48 56 4 1
0 249 24 56 4 3
0 273 17 56 4 2
0 290 40 56 4 1
56 190 79 56 4 2
56 269 36 56 4 3
56 305 25 56 4 3
0 0 20 35 4 2
35 0 20 95 4 3
0 20 21 33 4 1
33 20 21 35 4 1
68 20 21 62 4 1
130 0 41 47 4 2
177 0 41 48 4 3
130 41 19 51 4 1
181 41 19 25 4 3
206 41 9 19 4 3
206 50 10 19 4 2
130 60 20 37 4 1
167 60 20 29 4 3
196 60 6 29 4 2
196 66 14 17 4 3
213 66 7 12 4 3
213 73 3 12 4 1
213 76 4 6 4 1
219 76 4 6 4 3
0 41 39 37 4 3
37 41 8 28 4 3
37 49 10 28 4 1
37 59 21 28 4 1
65 41 13 65 4 2
65 54 26 42 4 3
107 54 26 23 4 3
0 0 32 41 3 3
0 32 11 41 3 3
0 43 22 23 3 1
23 43 8 18 3 2
23 51 14 18 3 3
41 0 28 19 3 2
41 28 37 19 3 1
60 0 17 20 3 3
60 17 26 20 3 1
60 43 5 20 3 1
60 48 17 20 3 3
41 65 10 39 3 3
41 75 17 39 3 2
41 92 28 39 3 2
0 65 19 20 3 2
0 84 36 20 3 1
20 65 26 21 3 3
20 91 9 21 3 2
20 100 20 21 3 1
0 0 30 66 2 2
66 0 30 32 2 1
98 0 4 19 2 2
98 4 7 19 2 2
98 11 19 19 2 1
0 30 31 57 2 3
57 30 12 60 2 2
57 42 19 60 2 3
117 0 61 46 2 2
163 0 36 47 2 3
163 36 25 47 2 3
117 61 29 93 2 1
117 90 30 34 2 3
151 90 30 38 2 2
189 90 13 21 2 3
189 103 17 21 2 1
0 61 27 58 2 3
0 88 32 58 2 1
58 61 12 59 2 1
58 73 47 59 2 2
0 0 24 40 1 3
0 24 24 40 1 1
40 0 4 20 1 2
40 4 27 20 1 2
40 31 17 20 1 2
60 0 4 20 1 2
60 4 22 20 1 3
60 26 5 20 1 1
60 31 5 20 1 2
60 36 12 20 1 2
40 48 12 40 1 2
40 60 14 40 1 3
40 74 26 23 1 2
63 74 26 17 1 1
0 48 30 20 1 1
0 78 22 20 1 2
20 48 29 20 1 3
20 77 7 20 1 3
20 84 10 20 1 3
20 94 6 20 1 2
0 0 18 62 1 3
0 18 19 36 1 2
36 18 19 26 1 1
62 0 37 29 1 3
91 0 37 29 1 3
62 37 16 33 1 1
95 37 16 25 1 3
62 53 17 31 1 1
93 53 17 27 1 3
0 37 7 31 1 2
0 44 26 31 1 1
31 37 33 31 1 1
0 0 17 68 0.5 1
68 0 17 62 0.5 2
0 17 18 61 0.5 2
61 17 18 35 0.5 2
96 17 18 21 0.5 3
117 17 18 13 0.5 2
130 0 35 55 0.5 1
185 0 35 29 0.5 3
214 0 15 26 0.5 3
214 15 20 26 0.5 2
130 35 17 110 0.5 2
130 52 18 42 0.5 1
172 52 18 68 0.5 2
0 35 35 32 0.5 2
32 35 7 33 0.5 1
32 42 28 33 0.5 3
65 35 35 38 0.5 2
103 35 35 27 0.5 2
