400 400 16
3
400 480 3.0
400 1084 2.5
400 1500 1.5
311
0 0 94 79 3
0 94 64 101 3
0 158 55 94 3
0 213 127 50 3
0 340 60 101 3
50 213 116 51 3
50 329 11 28 3
78 329 11 13 3
91 329 11 10 3
94 158 5 7 3
94 163 10 7 3
94 173 12 7 3
94 185 19 7 3
94 204 9 7 3
101 94 76 85 3
101 170 106 89 3
101 276 124 66 3
167 276 20 23 3
167 296 28 23 3
167 324 41 23 3
167 365 14 23 3
167 379 15 23 3
167 394 6 10 3
177 394 6 6 3
183 394 6 7 3
190 170 63 100 3
190 233 117 68 3
190 350 50 59 3
249 350 11 9 3
249 361 6 9 3
249 367 24 9 3
249 391 9 9 3
258 233 95 62 3
258 328 72 62 3
320 233 114 59 3
320 347 53 50 3
370 347 53 48 3
418 347 43 62 3
418 390 10 18 3
436 390 10 18 3
454 390 10 9 3
463 390 10 11 3
474 390 6 6 3
474 396 4 6 3
379 233 114 59 3
438 233 38 42 3
438 271 48 42 3
438 319 28 25 3
463 319 13 17 3
463 332 15 12 3
475 332 15 5 3
290 170 63 61 3
351 170 63 80 3
431 170 47 49 3
431 217 16 33 3
464 217 12 16 3
464 229 4 10 3
474 229 4 6 3
186 94 76 68 3
254 94 76 92 3
346 94 76 96 3
442 94 28 38 3
442 122 48 34 3
476 122 7 4 3
476 129 10 4 3
476 139 5 4 3
476 144 6 4 3
476 150 6 4 3
476 156 7 4 3
476 163 7 4 3
79 0 85 103 3
79 85 9 20 3
99 85 9 26 3
125 85 9 14 3
139 85 9 27 3
166 85 9 9 3
175 85 9 7 3
182 0 94 66 3
248 0 66 83 3
248 66 28 96 3
344 66 28 47 3
391 66 28 49 3
440 66 28 29 3
469 66 9 11 3
469 75 19 11 3
331 0 66 108 3
439 0 66 41 3
0 0 137 244 2.5
0 137 241 107 2.5
0 378 22 44 2.5
44 378 22 26 2.5
70 378 22 18 2.5
88 378 17 19 2.5
88 395 5 11 2.5
99 395 5 8 2.5
107 137 105 112 2.5
107 242 158 97 2.5
204 242 20 15 2.5
204 262 20 15 2.5
204 282 8 15 2.5
204 290 24 15 2.5
204 314 10 15 2.5
204 324 9 15 2.5
204 333 13 15 2.5
204 346 49 15 2.5
204 395 5 7 2.5
211 395 5 8 2.5
219 137 34 25 2.5
219 171 14 25 2.5
219 185 60 25 2.5
219 245 20 25 2.5
219 265 26 25 2.5
219 291 54 25 2.5
219 345 32 25 2.5
219 377 23 25 2.5
244 0 102 168 2.5
244 102 106 112 2.5
244 208 105 112 2.5
244 313 87 77 2.5
321 313 48 35 2.5
321 361 39 27 2.5
348 361 12 8 2.5
348 373 8 8 2.5
348 381 12 8 2.5
348 393 7 8 2.5
356 102 177 105 2.5
356 279 83 105 2.5
356 362 38 53 2.5
409 362 38 35 2.5
444 362 20 17 2.5
444 382 18 13 2.5
457 382 5 4 2.5
457 387 4 4 2.5
457 391 5 4 2.5
457 396 4 4 2.5
461 102 201 58 2.5
461 303 97 159 2.5
620 303 97 88 2.5
708 303 97 197 2.5
905 303 97 76 2.5
981 303 97 61 2.5
1042 303 27 42 2.5
1042 330 30 42 2.5
1042 360 40 42 2.5
519 102 108 140 2.5
519 210 93 134 2.5
653 210 3 6 2.5
653 213 3 6 2.5
653 216 11 6 2.5
653 227 17 6 2.5
653 244 10 6 2.5
653 254 21 6 2.5
653 275 7 6 2.5
653 282 21 6 2.5
659 102 96 157 2.5
659 198 105 201 2.5
860 198 105 133 2.5
993 198 105 67 2.5
1060 198 22 24 2.5
1060 220 48 24 2.5
1060 268 22 24 2.5
1060 290 13 18 2.5
1078 290 4 6 2.5
1078 294 9 6 2.5
816 102 96 107 2.5
923 102 96 85 2.5
1008 102 49 76 2.5
1008 151 47 48 2.5
1056 151 16 28 2.5
1056 167 17 28 2.5
1056 184 14 17 2.5
1073 184 14 11 2.5
412 0 102 98 2.5
510 0 102 91 2.5
601 0 102 133 2.5
734 0 102 148 2.5
882 0 102 89 2.5
971 0 102 56 2.5
1027 0 102 49 2.5
1076 0 7 8 2.5
1076 7 12 8 2.5
1076 19 12 8 2.5
1076 31 9 8 2.5
1076 40 17 8 2.5
1076 57 8 8 2.5
1076 65 13 8 2.5
1076 78 5 8 2.5
1076 83 11 8 2.5
1076 94 8 4 2.5
1080 94 4 4 2.5
1080 98 4 4 2.5
0 0 97 179 1.5
0 97 108 175 1.5
0 205 190 88 1.5
0 395 5 119 1.5
119 395 5 108 1.5
227 395 5 58 1.5
285 395 5 48 1.5
333 395 5 55 1.5
388 395 5 78 1.5
466 395 5 63 1.5
529 395 5 81 1.5
610 395 5 93 1.5
703 395 5 59 1.5
762 395 5 60 1.5
822 395 5 57 1.5
879 395 5 47 1.5
926 395 5 58 1.5
984 395 5 32 1.5
1016 395 5 39 1.5
1055 395 5 32 1.5
1087 395 5 58 1.5
1145 395 5 60 1.5
1205 395 5 39 1.5
1244 395 5 29 1.5
1273 395 5 45 1.5
1318 395 5 30 1.5
1348 395 5 21 1.5
1369 395 5 25 1.5
1394 395 5 14 1.5
1408 395 5 19 1.5
1427 395 5 23 1.5
1450 395 5 12 1.5
1462 395 5 9 1.5
1471 395 5 13 1.5
1484 395 5 8 1.5
1492 395 5 8 1.5
88 205 190 85 1.5
173 205 190 101 1.5
274 205 137 161 1.5
274 342 53 210 1.5
484 342 53 149 1.5
633 342 53 222 1.5
855 342 53 129 1.5
984 342 53 87 1.5
1071 342 53 131 1.5
1202 342 53 124 1.5
1326 342 53 112 1.5
1438 342 53 54 1.5
1492 342 10 8 1.5
1492 352 4 8 1.5
1492 356 6 8 1.5
1492 362 6 8 1.5
1492 368 21 8 1.5
1492 389 6 8 1.5
435 205 137 115 1.5
550 205 137 80 1.5
630 205 127 149 1.5
630 332 10 96 1.5
726 332 10 74 1.5
800 332 10 62 1.5
862 332 10 50 1.5
912 332 10 85 1.5
997 332 10 100 1.5
1097 332 10 45 1.5
1142 332 10 35 1.5
1177 332 10 65 1.5
1242 332 10 55 1.5
1297 332 10 32 1.5
1329 332 10 41 1.5
1370 332 10 31 1.5
1401 332 10 31 1.5
1432 332 10 22 1.5
1454 332 10 24 1.5
1478 332 10 22 1.5
779 205 127 84 1.5
863 205 127 108 1.5
971 205 127 108 1.5
1079 205 127 123 1.5
1202 205 127 136 1.5
1338 205 127 115 1.5
1453 205 57 47 1.5
1453 262 39 47 1.5
1453 301 31 42 1.5
1495 301 4 5 1.5
1495 305 5 5 1.5
1495 310 11 5 1.5
1495 321 4 5 1.5
1495 325 7 5 1.5
175 97 108 186 1.5
361 97 108 110 1.5
471 97 108 239 1.5
710 97 108 119 1.5
829 97 108 184 1.5
1013 97 108 160 1.5
1173 97 108 187 1.5
1360 97 108 102 1.5
1462 97 22 38 1.5
1462 119 27 38 1.5
1462 146 36 38 1.5
1462 182 23 19 1.5
1481 182 23 14 1.5
1495 182 8 5 1.5
1495 190 6 5 1.5
1495 196 9 5 1.5
179 0 97 161 1.5
340 0 97 234 1.5
574 0 97 113 1.5
687 0 97 150 1.5
837 0 97 175 1.5
1012 0 97 98 1.5
1110 0 97 141 1.5
1251 0 97 188 1.5
1439 0 48 61 1.5
1439 48 49 46 1.5
1485 48 17 15 1.5
1485 65 10 15 1.5
1485 75 13 15 1.5
1485 88 9 10 1.5
1495 88 5 5 1.5
1495 93 4 5 1.5
