600 400 5
5
300 400 4.5
220 400 3.0
396 220 2.5
170 270 2.0
480 180 1.0
437
0 0 73 64 4 1
0 73 27 225 4 3
0 100 30 189 4 2
0 130 125 64 4 1
0 255 45 50 4 2
50 255 6 14 4 2
50 261 2 14 4 2
50 263 23 14 4 2
50 286 14 14 4 1
64 130 14 125 4 1
64 144 61 52 4 1
64 205 32 52 4 3
64 237 33 52 4 1
64 270 30 35 4 1
99 270 3 17 4 1
99 273 5 17 4 1
99 278 22 17 4 2
116 144 20 73 4 3
116 164 84 73 4 1
116 248 52 65 4 1
181 248 1 8 4 2
181 249 3 8 4 1
181 252 1 8 4 2
181 253 3 8 4 1
181 256 6 8 4 2
181 262 3 8 4 1
181 265 3 8 4 3
181 268 8 8 4 1
181 276 3 8 4 1
181 279 7 8 4 1
181 286 14 8 4 2
189 100 23 36 4 1
189 123 23 36 4 2
189 146 70 36 4 2
189 216 35 36 4 2
189 251 30 36 4 2
189 281 19 36 4 1
225 73 51 114 4 2
225 124 44 114 4 2
225 168 72 81 4 3
225 240 28 114 4 1
225 268 32 114 4 2
306 168 6 33 4 2
306 174 43 33 4 1
306 217 23 29 4 1
335 217 2 4 4 1
335 219 4 4 4 1
335 223 2 4 4 2
335 225 1 4 4 2
335 226 2 4 4 1
335 228 2 4 4 1
335 230 1 4 4 2
335 231 1 4 4 3
335 232 4 4 4 1
335 236 4 4 4 2
339 73 52 61 4 1
339 125 64 61 4 1
339 189 38 61 4 2
339 227 9 61 4 1
339 236 17 61 4 2
339 253 27 61 4 1
339 280 20 45 4 2
384 280 9 16 4 1
384 289 2 16 4 2
384 291 9 16 4 1
64 0 73 60 4 1
124 0 45 142 4 2
124 45 28 54 4 3
178 45 14 88 4 1
178 59 14 54 4 1
232 59 14 21 4 1
253 59 14 13 4 2
266 0 40 134 4 1
266 40 33 115 4 1
381 40 5 19 4 1
381 45 11 19 4 2
381 56 17 12 4 1
393 56 6 7 4 1
393 62 3 7 4 2
393 65 8 7 4 2
0 0 59 76 3 3
0 59 23 102 3 2
0 82 36 69 3 1
0 118 47 84 3 1
0 165 27 84 3 2
0 192 28 35 3 2
35 192 19 49 3 1
35 211 9 49 3 2
84 118 33 18 3 1
84 151 15 18 3 1
84 166 16 18 3 1
84 182 15 18 3 1
84 197 18 18 3 1
84 215 5 18 3 1
69 82 15 33 3 1
69 97 21 33 3 2
102 59 52 87 3 2
102 111 13 87 3 3
102 124 22 87 3 1
102 146 13 87 3 2
102 159 11 87 3 2
102 170 23 87 3 1
102 193 20 87 3 2
102 213 7 31 3 1
133 213 7 21 3 1
154 213 7 16 3 1
170 213 7 19 3 2
189 59 44 96 3 1
189 103 72 63 3 2
189 175 45 67 3 1
256 175 32 118 3 1
256 207 13 59 3 3
315 207 13 58 3 1
373 207 13 20 3 2
393 207 3 7 3 1
393 210 1 7 3 1
393 211 2 7 3 1
393 213 7 7 3 1
374 175 4 26 3 3
374 179 8 26 3 1
374 187 20 19 3 1
393 187 12 7 3 1
393 199 3 7 3 1
393 202 5 7 3 2
252 103 32 99 3 1
252 135 40 67 3 1
319 135 32 81 3 2
319 167 8 46 3 2
365 167 4 35 3 2
365 171 4 22 3 2
387 171 4 13 3 1
351 103 32 41 3 2
392 103 3 8 3 2
392 106 5 8 3 1
392 111 2 8 3 2
392 113 5 8 3 1
392 118 13 8 3 3
392 131 4 8 3 1
285 59 44 68 3 2
353 59 44 38 3 1
391 59 5 9 3 3
391 64 17 9 3 2
391 81 4 9 3 2
391 85 8 9 3 1
391 93 3 9 3 1
391 96 3 9 3 2
391 99 4 9 3 2
76 0 26 220 3 2
76 26 33 153 3 1
229 26 33 33 3 1
262 26 33 34 3 2
296 0 35 104 3 2
296 35 24 69 3 2
365 35 24 22 3 1
387 35 24 13 3 2
0 0 68 44 2 2
0 68 33 111 2 1
0 101 18 111 2 1
0 119 51 65 2 2
0 170 56 80 2 2
0 226 34 111 2 1
0 260 89 54 2 1
0 349 9 54 2 1
0 358 38 50 2 3
50 358 2 4 2 1
50 360 3 4 2 1
50 363 3 4 2 1
50 366 3 4 2 2
50 369 1 4 2 2
50 370 5 4 2 2
50 375 3 4 2 1
50 378 1 4 2 2
50 379 4 4 2 1
50 383 1 4 2 2
50 384 4 4 2 1
50 388 1 4 2 1
50 389 7 4 2 2
54 260 14 57 2 2
54 274 88 45 2 1
54 362 26 57 2 3
54 388 8 22 2 2
76 388 8 30 2 1
106 388 4 5 2 2
106 392 4 5 2 1
99 274 6 12 2 2
99 280 15 12 2 1
99 295 17 12 2 2
99 312 10 12 2 1
99 322 7 12 2 1
99 329 3 12 2 1
99 332 5 12 2 2
99 337 10 12 2 1
99 347 8 12 2 1
99 355 7 7 2 2
106 355 3 5 2 2
106 358 4 5 2 1
80 170 8 31 2 1
80 178 20 31 2 2
80 198 4 31 2 1
80 202 14 31 2 1
80 216 10 14 2 2
94 216 4 17 2 1
94 220 6 17 2 1
65 119 33 46 2 2
65 152 18 22 2 2
87 152 18 14 2 2
101 152 18 10 2 2
111 68 31 109 2 1
111 99 41 69 2 1
111 140 22 109 2 2
111 162 19 109 2 1
111 181 20 109 2 1
111 201 76 78 2 2
111 277 53 71 2 1
111 330 40 71 2 1
111 370 26 45 2 1
156 370 18 26 2 2
156 388 8 16 2 3
172 388 8 10 2 2
182 277 2 7 2 2
182 279 3 7 2 2
182 282 8 7 2 2
182 290 6 7 2 1
182 296 10 7 2 1
182 306 3 7 2 2
182 309 10 7 2 1
182 319 5 7 2 1
182 324 7 7 2 1
182 331 1 7 2 1
182 332 5 7 2 2
182 337 1 7 2 3
182 338 2 7 2 2
182 340 2 7 2 1
182 342 9 7 2 1
182 351 11 7 2 1
182 362 3 7 2 2
182 365 1 7 2 2
182 366 4 7 2 1
182 370 12 7 2 2
182 382 10 7 2 2
182 392 4 7 2 2
189 201 5 31 2 3
189 206 14 31 2 1
189 220 7 31 2 1
189 227 58 31 2 2
189 285 45 31 2 2
189 330 22 31 2 1
189 352 14 31 2 2
189 366 30 31 2 1
180 99 21 40 2 1
180 120 20 30 2 2
210 120 6 10 2 2
210 126 5 10 2 2
210 131 1 10 2 1
210 132 8 10 2 2
44 0 25 117 2 1
44 25 29 94 2 2
44 54 14 60 2 3
104 54 14 34 2 1
138 25 33 23 2 2
138 58 10 23 2 2
161 0 35 59 2 1
161 35 33 37 2 1
198 35 3 22 2 2
198 38 30 22 2 1
0 0 48 38 2 2
0 48 59 38 2 3
0 107 46 30 2 1
0 153 17 17 2 2
17 153 5 13 2 2
17 158 12 13 2 1
30 107 2 8 2 1
30 109 1 8 2 1
30 110 2 8 2 1
30 112 8 8 2 1
30 120 6 8 2 2
30 126 6 8 2 2
30 132 3 8 2 2
30 135 5 8 2 2
30 140 10 8 2 3
30 150 5 8 2 1
30 155 4 8 2 3
30 159 11 8 2 2
38 0 24 90 2 1
38 24 32 63 2 3
38 56 60 31 2 1
38 116 28 97 2 1
38 144 26 28 2 1
66 144 17 130 2 3
66 161 9 47 2 2
113 161 9 34 2 2
147 161 9 18 2 2
165 161 9 31 2 3
196 144 26 74 2 3
135 116 19 105 2 1
135 135 9 29 2 1
164 135 9 22 2 1
186 135 9 37 2 2
223 135 9 14 2 1
237 135 9 15 2 1
252 135 9 18 2 1
240 116 19 20 2 2
260 116 9 10 2 3
260 125 3 10 2 2
260 128 3 10 2 1
260 131 4 10 2 2
69 56 32 86 2 2
69 88 24 69 2 3
69 112 4 60 2 1
129 112 4 26 2 1
155 112 4 17 2 2
172 112 4 17 2 2
189 112 4 57 2 1
246 112 4 10 2 3
256 112 4 14 2 1
138 88 24 35 2 1
173 88 20 68 2 1
173 108 4 19 2 1
192 108 4 40 2 1
232 108 4 9 2 2
241 88 24 25 2 2
266 88 1 4 2 1
266 89 1 4 2 2
266 90 2 4 2 2
266 92 2 4 2 1
266 94 1 4 2 3
266 95 2 4 2 1
266 97 1 4 2 1
266 98 2 4 2 1
266 100 5 4 2 1
266 105 1 4 2 1
266 106 2 4 2 1
266 108 4 4 2 1
155 56 32 62 2 2
217 56 32 42 2 1
259 56 4 11 2 1
259 60 2 11 2 2
259 62 2 11 2 1
259 64 6 11 2 2
259 70 8 11 2 1
259 78 4 11 2 1
259 82 6 6 2 1
265 82 1 5 2 1
265 83 5 5 2 1
101 24 32 47 2 2
148 24 32 41 2 2
189 24 32 44 2 1
233 24 11 37 2 1
233 35 21 37 2 2
128 0 24 59 2 1
187 0 24 48 2 1
235 0 24 21 2 2
256 0 4 14 2 2
256 4 7 14 2 1
256 11 13 14 2 1
0 0 61 47 1 3
0 61 31 147 1 2
0 92 40 81 1 1
0 132 55 78 1 1
0 187 27 133 1 2
0 214 43 70 1 1
0 257 73 70 1 2
0 330 29 70 1 1
0 359 37 70 1 1
0 396 36 70 1 2
0 432 32 70 1 4
0 464 16 70 1 1
70 214 64 46 1 1
70 278 46 56 1 1
70 324 53 58 1 2
70 377 70 48 1 3
70 447 33 31 1 1
101 447 14 17 1 2
101 461 19 13 1 1
114 461 2 4 1 1
114 463 4 4 1 2
114 467 1 4 1 3
114 468 3 4 1 2
114 471 3 4 1 2
114 474 6 4 1 1
118 377 12 29 1 1
118 389 30 29 1 2
118 419 3 29 1 2
118 422 5 29 1 2
118 427 13 29 1 1
118 440 17 29 1 1
118 457 23 29 1 1
128 324 8 19 1 2
128 332 3 19 1 1
128 335 5 19 1 1
128 340 29 19 1 1
128 369 8 12 1 2
140 369 8 7 1 2
126 278 16 21 1 1
126 294 12 21 1 1
126 306 3 21 1 1
126 309 15 21 1 2
116 214 16 31 1 2
116 230 11 31 1 2
116 241 22 31 1 1
116 263 15 17 1 1
133 263 7 14 1 1
133 270 8 14 1 2
133 187 4 14 1 1
133 191 3 14 1 1
133 194 20 14 1 1
78 132 55 45 1 2
123 132 55 24 1 2
81 92 40 57 1 2
138 92 12 9 1 2
138 104 5 9 1 2
138 109 15 9 1 2
138 124 8 9 1 1
147 61 8 33 1 1
147 69 13 33 1 2
147 82 15 33 1 1
147 97 21 33 1 1
147 118 99 33 1 2
147 217 5 33 1 1
147 222 50 33 1 2
147 272 9 33 1 1
147 281 7 33 1 2
147 288 7 33 1 1
147 295 18 33 1 1
147 313 28 33 1 2
147 341 22 33 1 1
147 363 32 33 1 1
147 395 45 33 1 2
147 440 16 33 1 2
147 456 24 23 1 2
170 456 10 10 1 1
170 466 5 10 1 2
170 471 4 10 1 2
170 475 5 6 1 2
176 475 5 4 1 1
47 0 61 101 1 1
148 0 61 32 1 2
