200 180 25
5
200 695 4
200 240 3.5
200 220 2
200 170 1
400 270 0.5
129
0 0 52 93 4 1
93 0 52 73 4 3
166 0 52 46 4 2
212 0 52 42 4 2
254 0 52 45 4 3
299 0 52 36 4 2
0 52 52 46 4 2
46 52 52 45 4 1
91 52 52 61 4 2
152 52 52 57 4 2
209 52 52 40 4 3
249 52 52 86 4 2
335 0 104 72 4 3
407 0 104 108 4 2
515 0 104 110 4 3
625 0 104 70 4 1
335 104 48 67 4 2
402 104 48 43 4 3
445 104 48 59 4 2
504 104 48 41 4 2
545 104 48 50 4 1
595 104 48 41 4 2
636 104 48 35 4 3
671 104 48 24 4 2
335 152 48 71 4 1
406 152 48 48 4 1
454 152 48 54 4 1
508 152 48 53 4 2
561 152 48 44 4 3
605 152 48 46 4 2
651 152 48 27 4 3
678 152 48 17 4 3
0 104 96 40 4 1
40 104 96 42 4 3
82 104 96 48 4 1
130 104 96 37 4 1
167 104 96 74 4 1
241 104 96 39 4 3
280 104 96 55 4 1
0 0 53 46 3.5 3
46 0 53 38 3.5 2
84 0 53 24 3.5 2
108 0 53 13 3.5 2
0 53 53 33 3.5 2
33 53 53 36 3.5 1
69 53 53 29 3.5 1
98 53 17 23 3.5 1
98 70 36 23 3.5 2
121 0 106 33 3.5 1
154 0 69 26 3.5 1
154 69 37 26 3.5 1
180 0 70 37 3.5 1
180 70 36 22 3.5 2
202 70 36 15 3.5 1
217 0 62 23 3.5 2
217 62 44 23 3.5 1
121 106 47 30 3.5 2
151 106 47 33 3.5 3
184 106 47 28 3.5 1
212 106 47 28 3.5 2
121 153 47 31 3.5 1
152 153 47 41 3.5 1
193 153 47 27 3.5 1
220 153 47 20 3.5 1
0 106 94 37 3.5 1
37 106 37 23 3.5 3
37 143 57 23 3.5 2
60 106 94 36 3.5 2
96 106 94 25 3.5 1
0 0 39 24 2 2
24 0 39 25 2 2
49 0 39 31 2 1
80 0 39 23 2 1
0 39 39 36 2 1
36 39 39 31 2 1
67 39 39 36 2 1
103 0 78 58 2 1
161 0 78 59 2 3
103 78 61 44 2 2
147 78 61 25 2 3
172 78 61 48 2 3
103 139 61 43 2 2
146 139 61 74 2 2
0 78 66 23 2 1
0 144 56 27 2 1
27 144 56 24 2 2
23 78 66 28 2 1
51 78 68 30 2 3
51 146 54 30 2 2
81 78 49 22 2 3
81 127 35 22 2 3
81 162 38 22 2 1
0 0 56 37 1 3
37 0 56 33 1 1
70 0 56 24 1 3
0 56 56 46 1 2
46 56 56 48 1 2
94 0 112 38 1 3
132 0 112 38 1 1
94 112 44 31 1 1
125 112 44 45 1 1
94 156 44 34 1 3
128 156 44 42 1 1
0 112 88 47 1 2
47 112 88 47 1 1
0 0 92 37 0.5 3
37 0 92 43 0.5 1
80 0 92 35 0.5 1
0 92 93 75 0.5 2
75 92 93 40 0.5 3
115 0 87 44 0.5 1
115 87 98 77 0.5 3
159 0 87 33 0.5 2
192 0 185 78 0.5 3
115 185 107 77 0.5 1
192 185 107 78 0.5 2
115 292 69 52 0.5 1
115 361 39 43 0.5 3
158 361 39 36 0.5 2
194 361 39 33 0.5 3
227 361 39 24 0.5 1
251 361 39 19 0.5 1
167 292 69 47 0.5 2
214 292 69 56 0.5 1
0 185 133 57 0.5 3
0 318 82 36 0.5 2
36 318 82 21 0.5 3
57 185 103 58 0.5 2
57 288 112 58 0.5 3
