160 180 16
2
160.0 320.0 3.5
160.0 1760.0 1.0
161
0 0 44 40 3.5 5
0 44 34 40 3.5 2
0 78 82 33 3.5 3
33 78 6 7 3.5 1
33 84 5 7 3.5 4
33 89 4 7 3.5 4
33 93 3 7 3.5 1
33 96 4 7 3.5 2
33 100 21 7 3.5 2
33 121 16 7 3.5 5
33 137 23 7 3.5 5
40 0 19 75 3.5 1
40 19 82 31 3.5 3
40 101 59 21 3.5 4
61 101 5 10 3.5 2
61 106 10 10 3.5 5
61 116 40 10 3.5 2
61 156 4 5 3.5 5
66 156 4 5 3.5 2
71 19 125 37 3.5 4
71 144 16 14 3.5 4
85 144 16 19 3.5 3
104 144 1 4 3.5 5
104 145 6 4 3.5 5
104 151 9 4 3.5 5
108 19 64 21 3.5 4
108 83 77 26 3.5 5
134 83 77 26 3.5 1
160 83 35 87 3.5 4
160 118 42 35 3.5 2
195 118 42 28 3.5 2
223 118 6 24 3.5 5
223 124 10 24 3.5 1
223 134 26 16 3.5 5
239 134 5 8 3.5 1
239 139 10 8 3.5 3
239 149 11 8 3.5 5
247 83 77 26 3.5 2
273 83 24 47 3.5 2
273 107 53 25 3.5 5
298 107 6 22 3.5 4
298 113 47 16 3.5 5
314 113 15 6 3.5 2
314 128 6 6 3.5 2
314 134 6 6 3.5 1
314 140 13 6 3.5 1
314 153 7 6 3.5 5
129 19 45 33 3.5 1
129 64 19 16 3.5 5
145 64 19 10 3.5 4
155 64 19 7 3.5 2
162 19 57 47 3.5 5
162 76 7 17 3.5 4
179 76 7 19 3.5 5
198 76 7 49 3.5 3
247 76 7 25 3.5 4
272 76 7 10 3.5 4
282 76 7 8 3.5 2
290 76 7 8 3.5 2
298 76 7 8 3.5 1
306 76 7 6 3.5 2
312 76 7 4 3.5 1
316 76 2 4 3.5 5
316 78 5 4 3.5 4
209 19 22 66 3.5 5
209 41 35 58 3.5 3
267 41 31 8 3.5 2
267 72 4 3 3.5 5
270 72 4 5 3.5 3
275 19 57 29 3.5 4
304 19 20 16 3.5 1
304 39 37 16 3.5 5
115 0 19 47 3.5 1
162 0 19 25 3.5 5
187 0 19 61 3.5 4
248 0 19 20 3.5 2
268 0 19 20 3.5 4
288 0 19 14 3.5 3
302 0 19 18 3.5 5
0 0 160 73 1.0 4
73 0 160 89 1.0 3
162 0 160 94 1.0 5
256 0 49 197 1.0 4
256 49 111 93 1.0 4
349 49 28 104 1.0 3
349 77 33 104 1.0 5
349 110 50 50 1.0 5
399 110 50 33 1.0 5
432 110 50 21 1.0 2
453 0 59 154 1.0 5
453 59 101 61 1.0 3
514 59 74 150 1.0 5
514 133 27 80 1.0 2
594 133 27 183 1.0 2
777 133 27 66 1.0 4
843 133 27 205 1.0 5
1048 133 27 62 1.0 5
1110 133 27 105 1.0 4
1215 133 27 71 1.0 3
1286 133 27 117 1.0 3
1403 133 27 121 1.0 4
1524 133 27 41 1.0 2
1565 133 27 58 1.0 4
1623 133 27 111 1.0 2
1734 133 27 14 1.0 2
1748 133 3 12 1.0 2
1748 136 4 12 1.0 4
1748 140 20 8 1.0 4
1756 140 2 4 1.0 2
1756 142 4 4 1.0 5
1756 146 14 4 1.0 2
664 59 74 162 1.0 1
826 59 74 60 1.0 5
886 59 56 175 1.0 2
886 115 18 28 1.0 5
914 115 18 40 1.0 1
954 115 18 24 1.0 1
978 115 18 19 1.0 5
997 115 18 18 1.0 1
1015 115 18 20 1.0 5
1035 115 18 11 1.0 3
1046 115 18 11 1.0 5
1057 115 4 4 1.0 1
1057 119 2 4 1.0 2
1057 121 3 4 1.0 2
1057 124 4 4 1.0 5
1057 128 5 4 1.0 2
1061 59 74 70 1.0 2
1131 59 74 53 1.0 4
1184 59 74 72 1.0 1
1256 59 74 48 1.0 1
1304 59 74 52 1.0 2
1356 59 74 56 1.0 1
1412 59 74 51 1.0 3
1463 59 74 93 1.0 1
1556 59 51 204 1.0 5
1556 110 23 42 1.0 5
1598 110 23 39 1.0 2
1637 110 23 38 1.0 2
1675 110 23 72 1.0 2
1747 110 6 13 1.0 1
1747 116 17 8 1.0 3
1755 116 17 5 1.0 1
607 0 59 53 1.0 2
660 0 59 44 1.0 4
704 0 59 57 1.0 2
761 0 59 70 1.0 3
831 0 59 48 1.0 5
879 0 59 49 1.0 3
928 0 59 116 1.0 3
1044 0 59 48 1.0 1
1092 0 59 54 1.0 2
1146 0 59 118 1.0 2
1264 0 59 138 1.0 3
1402 0 59 59 1.0 3
1461 0 59 115 1.0 5
1576 0 59 105 1.0 2
1681 0 43 79 1.0 5
1681 43 16 19 1.0 5
1700 43 16 54 1.0 2
1754 43 16 6 1.0 2
