300 200 5
7
180 250 4
120 100 3
270 140 1.5
80 105 2
50 70 1.5
50 45 1
100 60 0.5
92
0 0 180 88 4 4
88 0 89 162 4 5
88 89 91 57 4 5
145 89 62 105 4 3
145 151 29 52 4 5
197 151 12 53 4 4
197 163 17 20 4 4
217 163 17 33 4 4
0 0 96 60 3 5
0 96 24 31 3 5
31 96 24 24 3 4
55 96 8 5 3 5
55 104 2 5 3 4
55 106 6 5 3 5
55 112 8 5 3 5
60 0 10 40 3 4
60 10 105 36 3 5
60 115 5 26 3 5
86 115 5 9 3 5
95 115 5 5 3 4
96 10 10 4 3 5
96 20 3 4 3 5
96 23 5 4 3 5
96 28 8 4 3 4
96 36 5 4 3 5
96 41 10 4 3 4
96 51 11 4 3 4
96 62 12 4 3 4
96 74 11 4 3 4
96 85 12 4 3 5
96 97 1 4 3 4
96 98 12 4 3 4
96 110 5 4 3 4
0 0 131 126 1 5
0 131 139 100 1 5
100 131 5 26 1 4
100 136 40 26 1 5
100 176 35 26 1 3
100 211 48 26 1 4
100 259 11 11 1 4
111 259 11 8 1 4
119 259 11 7 1 5
126 0 11 14 1 3
126 11 27 14 1 4
126 38 22 14 1 5
126 60 14 14 1 5
126 74 32 14 1 5
126 106 42 14 1 4
126 148 19 14 1 5
126 167 3 14 1 4
126 170 37 14 1 5
126 207 40 14 1 5
126 247 9 14 1 4
126 256 6 14 1 4
126 262 8 7 1 4
133 262 8 7 1 5
0 0 80 31 2 5
31 0 73 56 2 5
31 73 7 11 2 5
42 73 7 11 2 4
53 73 7 10 2 3
63 73 7 9 2 5
72 73 7 9 2 5
81 73 7 6 2 5
87 0 48 18 2 5
87 48 4 18 2 5
87 52 6 18 2 4
87 58 22 14 2 5
101 58 11 4 2 5
101 69 6 4 2 4
101 75 5 4 2 4
0 0 50 24 1 5
24 0 50 24 1 4
48 0 5 22 1 4
48 5 45 22 1 5
0 0 50 20 1 5
20 0 44 20 1 5
20 44 6 20 1 5
40 0 15 5 1 5
40 15 15 5 1 3
40 30 10 5 1 5
40 40 10 5 1 4
0 0 83 35 0 5
0 83 17 20 0 4
20 83 17 20 0 5
40 83 11 20 0 4
40 94 6 20 0 5
35 0 14 25 0 4
35 14 58 25 0 5
35 72 11 18 0 5
53 72 5 7 0 4
53 77 6 7 0 4
