1500 2000 18
6
1500 5080 4
2000 1460 3
1770 2460 2
1640 1220 1.5
2460 760 1
1230 1920 0.5
4491
0 0 149 171 4 1
0 149 177 124 4 3
124 149 177 164 4 2
288 149 80 134 4 3
288 229 97 134 4 2
422 149 90 164 4 2
422 239 31 164 4 3
422 270 56 78 4 3
500 270 56 86 4 3
586 149 177 153 4 2
739 149 106 116 4 1
739 255 71 116 4 3
855 149 177 79 4 3
934 149 66 265 4 2
934 215 111 265 4 3
1199 149 102 131 4 1
1199 251 75 274 4 2
1473 251 75 176 4 3
1649 251 75 75 4 2
1724 251 75 120 4 3
1844 251 75 150 4 3
1994 251 75 177 4 1
2171 251 75 197 4 1
2368 251 75 111 4 3
2479 251 75 66 4 1
1330 149 102 159 4 3
1489 149 102 232 4 2
1721 149 34 263 4 1
1721 183 68 145 4 3
1866 183 37 118 4 1
1866 220 31 62 4 1
1928 220 31 56 4 2
1984 149 102 159 4 3
2143 149 102 184 4 2
2327 149 102 218 4 3
171 0 149 147 4 3
318 0 149 81 4 3
399 0 98 246 4 2
399 98 51 265 4 1
664 98 51 195 4 2
859 98 51 241 4 1
1100 98 51 161 4 1
1261 98 51 199 4 2
1460 98 51 182 4 3
1642 98 51 228 4 2
1870 98 51 181 4 1
2051 98 51 101 4 2
2152 98 51 153 4 2
2305 98 51 107 4 3
2412 98 51 70 4 3
2482 98 51 63 4 2
645 0 53 481 4 2
645 53 45 112 4 1
757 53 45 223 4 2
980 53 45 136 4 1
1116 53 45 147 4 1
1263 53 45 164 4 3
1427 53 45 209 4 1
1636 53 45 124 4 2
1760 53 45 133 4 1
1893 53 45 198 4 2
2091 53 45 131 4 2
2222 53 45 97 4 2
2319 53 45 226 4 2
1126 0 53 156 4 2
1282 0 53 155 4 3
1437 0 53 260 4 2
1697 0 53 210 4 3
1907 0 53 198 4 3
2105 0 53 168 4 3
2273 0 53 116 4 3
2389 0 53 81 4 2
2470 0 19 75 4 1
2470 19 34 75 4 3
0 326 74 142 4 3
0 400 33 142 4 2
0 433 219 142 4 2
142 326 124 175 4 1
142 450 119 202 4 1
142 569 83 190 4 2
332 569 83 158 4 2
490 569 83 200 4 2
690 569 83 113 4 2
803 569 83 205 4 1
1008 569 83 180 4 1
1188 569 83 168 4 3
1356 569 83 172 4 3
1528 569 83 164 4 1
1692 569 83 170 4 1
1862 569 83 237 4 2
2099 569 83 131 4 2
2230 569 83 87 4 3
2317 569 83 148 4 1
2465 569 22 80 4 1
2465 591 19 80 4 3
2465 610 42 80 4 2
344 450 67 180 4 3
344 517 52 228 4 1
572 517 52 143 4 3
715 517 52 165 4 2
880 517 52 150 4 3
1030 517 52 87 4 1
1117 517 52 128 4 1
1245 517 52 194 4 3
1439 517 52 134 4 1
1573 517 52 166 4 2
1739 517 52 88 4 3
1827 517 52 218 4 3
2045 517 52 144 4 2
2189 517 52 98 4 2
2287 517 52 149 4 3
2436 517 52 109 4 1
524 450 67 181 4 1
705 450 67 186 4 2
891 450 67 95 4 1
986 450 67 114 4 2
1100 450 67 194 4 2
1294 450 67 152 4 1
1446 450 67 324 4 1
1770 450 67 140 4 1
1910 450 67 140 4 2
2050 450 67 165 4 3
2215 450 67 330 4 1
317 326 124 164 4 2
481 326 46 210 4 3
481 372 78 185 4 3
666 372 78 178 4 1
844 372 78 108 4 2
952 372 78 91 4 1
1043 372 78 107 4 1
1150 372 78 137 4 1
1287 372 78 218 4 3
1505 372 78 139 4 3
1644 372 78 96 4 1
1740 372 78 302 4 2
2042 372 78 109 4 2
2151 372 78 124 4 2
2275 372 78 270 4 1
691 326 46 155 4 3
846 326 46 155 4 2
1001 326 46 277 4 2
1278 326 46 138 4 1
1416 326 46 214 4 3
1630 326 46 198 4 2
1828 326 46 375 4 3
2203 326 46 118 4 2
2321 326 46 224 4 2
2545 0 92 111 4 3
2545 92 117 217 4 3
2545 209 87 99 4 1
2545 296 81 99 4 3
2545 377 119 99 4 2
2545 496 53 99 4 1
2545 549 103 99 4 3
2644 209 128 123 4 3
2644 337 139 98 4 3
2644 476 176 98 4 2
2742 337 74 147 4 3
2742 411 88 147 4 3
2742 499 153 147 4 1
2889 337 72 147 4 1
2889 409 120 104 4 1
2889 529 123 100 4 1
2989 529 123 220 4 1
3209 529 123 148 4 2
3357 529 123 145 4 2
3502 529 123 310 4 1
2993 409 120 188 4 2
3181 409 74 157 4 2
3181 483 46 111 4 1
3292 483 46 166 4 1
3458 483 46 197 4 1
3655 483 46 157 4 3
3338 409 74 184 4 3
3522 409 74 290 4 2
3036 337 72 337 4 1
3373 337 72 100 4 1
3473 337 72 123 4 1
3596 337 72 216 4 1
2767 209 77 275 4 2
2767 286 51 136 4 2
2903 286 51 74 4 3
2977 286 18 65 4 3
2977 304 33 65 4 2
3042 209 128 211 4 2
3253 209 73 133 4 3
3253 282 55 133 4 3
3386 209 128 183 4 1
3569 209 128 243 4 3
2762 92 117 233 4 3
2995 92 69 186 4 1
2995 161 48 92 4 2
3087 161 48 94 4 3
3181 92 117 229 4 3
3410 92 117 170 4 3
3580 92 62 144 4 2
3580 154 55 93 4 3
3673 154 55 139 4 3
3724 92 62 88 4 1
2656 0 92 162 4 2
2818 0 92 188 4 1
3006 0 92 180 4 1
3186 0 92 125 4 3
3311 0 92 132 4 2
3443 0 92 164 4 2
3607 0 92 108 4 1
3715 0 52 97 4 3
3715 52 40 60 4 2
3775 52 13 37 4 3
3775 65 11 37 4 2
3775 76 16 37 4 2
3812 0 103 149 4 2
3812 103 119 149 4 3
3812 222 80 149 4 1
3812 302 158 149 4 3
3812 460 54 149 4 1
3812 514 37 149 4 2
3812 551 51 149 4 1
3812 602 50 96 4 3
3908 602 50 53 4 2
3961 0 105 83 4 2
3961 105 60 83 4 2
3961 165 42 83 4 2
3961 207 39 83 4 2
3961 246 47 83 4 1
3961 293 52 83 4 3
3961 345 20 83 4 1
3961 365 32 83 4 3
3961 397 53 83 4 3
3961 450 93 83 4 2
3961 543 109 83 4 2
4044 0 116 211 4 3
4044 116 106 91 4 3
4044 222 89 91 4 2
4044 311 64 91 4 1
4044 375 57 91 4 2
4044 432 90 91 4 3
4044 522 130 91 4 2
4135 116 160 148 4 2
4135 276 96 219 4 3
4135 372 55 213 4 1
4135 427 225 213 4 1
4348 372 161 152 4 2
4348 533 119 141 4 2
4489 533 119 221 4 2
4710 533 119 212 4 3
4922 533 119 158 4 2
4500 372 106 235 4 1
4500 478 55 123 4 2
4623 478 55 112 4 2
4735 372 161 163 4 2
4898 372 103 83 4 1
4898 475 24 182 4 1
4898 499 34 182 4 2
4981 372 22 99 4 1
4981 394 47 99 4 3
4981 441 34 99 4 2
4354 276 96 171 4 1
4525 276 96 175 4 3
4700 276 96 140 4 3
4840 276 96 122 4 2
4962 276 96 118 4 3
4283 116 160 112 4 3
4395 116 160 179 4 1
4574 116 160 188 4 2
4762 116 63 174 4 3
4762 179 97 174 4 1
4936 116 160 144 4 1
4255 0 116 152 4 1
4407 0 116 93 4 3
4500 0 77 116 4 1
4500 77 39 103 4 1
4603 77 39 255 4 2
4858 77 39 99 4 1
4957 77 39 123 4 3
4616 0 77 113 4 1
4729 0 77 228 4 2
4957 0 77 123 4 1
2545 652 82 122 4 2
2545 734 77 256 4 1
2545 811 70 227 4 3
2545 881 52 227 4 2
2545 933 68 125 4 3
2545 1001 75 107 4 3
2652 1001 75 120 4 1
2670 933 68 102 4 2
2772 811 67 159 4 2
2772 878 91 233 4 2
2772 969 70 332 4 3
2772 1039 37 80 4 2
2852 1039 37 130 4 1
2982 1039 37 64 4 2
3046 1039 37 58 4 1
3104 969 107 89 4 1
3193 969 107 179 4 1
3372 969 107 180 4 1
3552 969 107 178 4 3
3730 969 60 377 4 1
3730 1029 47 112 4 1
3842 1029 47 265 4 1
4107 969 107 182 4 3
4289 969 107 146 4 2
4435 969 107 161 4 3
4596 969 107 138 4 1
4734 969 107 178 4 2
4912 969 107 168 4 2
3005 878 91 112 4 3
3117 878 91 130 4 3
3247 878 91 273 4 2
3520 878 91 125 4 2
3645 878 91 190 4 3
3835 878 91 208 4 3
4043 878 58 194 4 1
4043 936 33 77 4 3
4120 936 33 71 4 1
4191 936 33 46 4 1
4237 878 91 157 4 2
4394 878 91 146 4 2
4540 878 42 235 4 1
4540 920 49 240 4 3
4780 920 49 147 4 2
4927 920 49 99 4 1
5026 920 16 54 4 2
5026 936 17 54 4 3
5026 953 16 24 4 3
5050 953 16 30 4 2
4775 878 42 170 4 3
4945 878 42 71 4 2
5016 878 42 64 4 1
2931 811 67 272 4 3
3203 811 67 122 4 3
3325 811 67 229 4 3
3554 811 67 193 4 1
3747 811 67 130 4 3
3877 811 67 172 4 2
4049 811 67 178 4 3
4227 811 67 243 4 3
4470 811 67 93 4 3
4563 811 67 151 4 2
4714 811 67 147 4 1
4861 811 67 219 4 3
2801 734 77 108 4 3
2909 734 77 144 4 1
3053 734 77 147 4 1
3200 734 77 256 4 3
3456 734 77 146 4 3
3602 734 77 177 4 2
3779 734 77 164 4 3
3943 734 77 177 4 2
4120 734 77 151 4 3
4271 734 77 167 4 3
4438 734 77 276 4 3
4714 734 77 188 4 2
4902 734 77 178 4 2
2667 652 82 156 4 3
2823 652 82 211 4 1
3034 652 52 235 4 1
3034 704 30 116 4 1
3150 704 30 119 4 3
3269 652 82 118 4 2
3387 652 82 168 4 3
3555 652 82 337 4 1
3892 652 82 114 4 2
4006 652 82 187 4 3
4193 652 82 134 4 2
4327 652 82 114 4 2
4441 652 82 126 4 2
4567 652 82 176 4 2
4743 652 82 109 4 2
4852 652 39 228 4 2
4852 691 43 112 4 2
4964 691 43 116 4 3
2545 1076 111 159 4 3
2545 1187 137 187 4 1
2545 1324 84 187 4 3
2545 1408 92 105 4 1
2650 1408 31 82 4 1
2650 1439 61 82 4 3
2732 1187 79 121 4 2
2732 1266 234 121 4 1
2853 1187 154 141 4 2
2853 1341 88 160 4 2
2853 1429 71 319 4 3
3172 1429 71 130 4 1
3302 1429 71 92 4 2
3394 1429 71 193 4 2
3587 1429 71 129 4 1
3716 1429 71 184 4 1
3900 1429 71 184 4 2
4084 1429 71 159 4 1
4243 1429 71 180 4 3
4423 1429 71 274 4 2
4697 1429 71 246 4 1
4943 1429 47 137 4 1
4943 1476 24 68 4 2
5011 1476 24 69 4 1
3013 1341 88 122 4 2
3135 1341 88 110 4 1
3245 1341 88 189 4 1
3434 1341 88 174 4 1
3608 1341 88 162 4 3
3770 1341 88 187 4 3
3957 1341 88 235 4 3
4192 1341 88 319 4 2
4511 1341 53 182 4 3
4511 1394 35 95 4 2
4606 1394 35 55 4 1
4661 1394 35 32 4 3
4693 1341 88 137 4 2
4830 1341 88 250 4 3
2994 1187 94 140 4 3
2994 1281 60 78 4 1
3072 1281 60 238 4 2
3310 1281 60 194 4 2
3504 1281 60 176 4 1
3680 1281 60 118 4 3
3798 1281 60 312 4 2
4110 1281 60 277 4 2
4387 1281 60 114 4 1
4501 1281 60 182 4 3
4683 1281 60 397 4 1
3134 1187 94 105 4 2
3239 1187 94 112 4 1
3351 1187 94 119 4 1
3470 1187 94 277 4 1
3747 1187 94 217 4 2
3964 1187 94 149 4 3
4113 1187 94 240 4 3
4353 1187 94 225 4 2
4578 1187 94 167 4 1
4745 1187 94 87 4 3
4832 1187 59 144 4 1
4832 1246 35 113 4 1
4945 1246 35 135 4 1
4976 1187 59 104 4 1
2704 1076 111 151 4 3
2855 1076 111 183 4 3
3038 1076 111 140 4 3
3178 1076 111 173 4 3
3351 1076 111 238 4 2
3589 1076 111 173 4 1
3762 1076 111 195 4 3
3957 1076 111 131 4 2
4088 1076 111 253 4 1
4341 1076 111 172 4 2
4513 1076 111 275 4 2
4788 1076 111 292 4 3
0 652 111 199 4 2
0 763 114 223 4 1
0 877 51 223 4 1
0 928 60 223 4 1
0 988 89 223 4 3
0 1077 152 138 4 1
0 1229 29 138 4 2
0 1258 120 138 4 3
0 1378 65 138 4 2
0 1443 57 138 4 3
138 1077 116 85 4 1
138 1193 30 85 4 2
138 1223 31 85 4 3
138 1254 93 85 4 3
138 1347 95 85 4 1
138 1442 34 85 4 2
138 1476 14 85 4 1
138 1490 10 29 4 1
167 1490 10 56 4 1
223 763 107 219 4 1
223 870 123 219 4 1
223 993 204 219 4 1
223 1197 44 219 4 3
223 1241 149 219 4 3
223 1390 110 219 4 3
442 763 151 156 4 2
442 914 55 343 4 1
442 969 75 139 4 3
442 1044 160 124 4 1
442 1204 61 124 4 2
442 1265 113 124 4 2
442 1378 42 124 4 2
442 1420 31 124 4 3
442 1451 49 124 4 1
566 1044 143 107 4 2
566 1187 50 219 4 1
566 1237 50 219 4 1
566 1287 102 131 4 2
566 1389 111 144 4 2
710 1389 16 75 4 2
710 1405 35 75 4 2
710 1440 60 75 4 2
697 1287 40 88 4 3
697 1327 26 88 4 1
697 1353 36 54 4 1
751 1353 18 34 4 2
751 1371 6 34 4 2
751 1377 5 34 4 2
751 1382 7 34 4 1
673 1044 66 112 4 1
673 1110 77 112 4 3
581 969 75 204 4 2
785 914 70 135 4 1
785 984 45 135 4 3
785 1029 159 135 4 2
785 1188 24 135 4 2
785 1212 139 135 4 3
785 1351 59 135 4 2
785 1410 47 135 4 3
785 1457 43 135 4 3
920 914 64 178 4 1
920 978 146 178 4 1
920 1124 48 178 4 3
920 1172 36 178 4 3
920 1208 50 178 4 2
920 1258 126 178 4 3
920 1384 69 178 4 2
920 1453 47 85 4 3
1005 1453 47 93 4 1
1098 914 24 174 4 2
1098 938 137 174 4 3
1098 1075 59 174 4 2
1098 1134 184 174 4 3
1098 1318 117 174 4 1
1098 1435 65 174 4 1
598 763 151 180 4 2
778 763 72 311 4 1
778 835 79 184 4 1
962 835 79 97 4 2
1059 835 79 213 4 3
1089 763 72 108 4 1
1197 763 46 75 4 1
1197 809 26 75 4 3
199 652 111 150 4 1
349 652 65 185 4 1
349 717 46 185 4 3
534 652 111 167 4 2
701 652 111 164 4 2
865 652 111 131 4 1
996 652 111 176 4 2
1172 652 32 100 4 1
1172 684 46 100 4 1
1172 730 33 100 4 2
1272 652 189 119 4 2
1272 841 118 119 4 3
1272 959 55 119 4 3
1272 1014 117 119 4 3
1272 1131 69 119 4 2
1272 1200 74 119 4 1
1272 1274 80 119 4 2
1272 1354 39 119 4 3
1272 1393 44 119 4 2
1272 1437 63 119 4 2
1391 652 66 314 4 2
1391 718 74 297 4 1
1391 792 42 297 4 1
1391 834 137 297 4 1
1391 971 155 163 4 3
1391 1126 88 163 4 1
1391 1214 139 163 4 1
1391 1353 147 163 4 3
1554 971 80 134 4 2
1554 1051 173 134 4 3
1554 1224 66 134 4 1
1554 1290 98 134 4 1
1554 1388 112 134 4 3
1688 718 122 177 4 1
1688 840 167 150 4 3
1688 1007 111 150 4 3
1688 1118 120 150 4 1
1688 1238 153 150 4 3
1688 1391 30 150 4 2
1688 1421 79 150 4 2
1838 840 166 126 4 2
1838 1006 108 126 4 1
1838 1114 50 126 4 1
1838 1164 110 126 4 3
1838 1274 30 126 4 2
1838 1304 91 126 4 2
1838 1395 105 126 4 2
1964 840 67 128 4 2
1964 907 98 258 4 2
1964 1005 62 258 4 3
1964 1067 69 125 4 1
1964 1136 94 91 4 3
1964 1230 79 91 4 2
1964 1309 30 91 4 3
1964 1339 98 91 4 1
1964 1437 63 91 4 1
2055 1136 169 167 4 1
2055 1305 89 167 4 2
2055 1394 106 167 4 2
2089 1067 69 133 4 3
2222 907 84 323 4 2
2222 991 109 153 4 1
2222 1100 107 323 4 3
2222 1207 127 148 4 1
2222 1334 72 199 4 1
2222 1406 94 80 4 2
2302 1406 94 243 4 3
2421 1334 72 124 4 1
2370 1207 127 175 4 1
2375 991 109 170 4 3
2092 840 67 157 4 2
2249 840 67 296 4 3
1865 718 122 116 4 3
1981 718 122 121 4 2
2102 718 51 282 4 2
2102 769 71 155 4 2
2257 769 71 127 4 3
2384 718 122 161 4 1
1705 652 66 117 4 3
1822 652 66 134 4 3
1956 652 66 162 4 1
2118 652 40 221 4 1
2118 692 26 154 4 1
2272 692 26 97 4 2
2369 692 26 75 4 2
2444 692 26 101 4 1
2339 652 40 206 4 2
0 0 53 160 3 3
0 53 29 160 3 3
0 82 80 160 3 2
0 162 38 106 3 1
0 200 90 160 3 1
0 290 29 160 3 2
0 319 84 81 3 2
0 403 53 81 3 1
0 456 47 81 3 1
81 319 56 79 3 1
81 375 55 79 3 3
81 430 38 79 3 3
81 468 35 79 3 2
106 162 38 54 3 2
160 0 79 103 3 1
160 79 63 103 3 2
160 142 26 103 3 2
160 168 47 103 3 1
160 215 94 103 3 3
160 309 42 103 3 1
160 351 90 103 3 2
160 441 62 103 3 1
263 0 93 95 3 1
263 93 66 95 3 2
263 159 66 95 3 1
263 225 33 95 3 2
263 258 75 95 3 2
263 333 34 95 3 2
263 367 64 95 3 1
263 431 26 95 3 1
263 457 46 61 3 3
324 457 19 34 3 2
324 476 11 34 3 3
324 487 16 34 3 2
358 0 58 130 3 3
358 58 47 89 3 2
358 105 26 198 3 2
358 131 26 198 3 2
358 157 93 198 3 3
358 250 47 69 3 3
358 297 94 91 3 2
358 391 64 91 3 2
358 455 48 91 3 2
449 297 48 71 3 1
449 345 59 71 3 1
449 404 32 71 3 3
449 436 67 71 3 1
520 297 8 36 3 3
520 305 13 36 3 1
520 318 48 36 3 1
520 366 45 36 3 3
520 411 23 36 3 2
520 434 12 36 3 2
520 446 16 36 3 1
520 462 41 36 3 2
427 250 47 75 3 3
502 250 47 54 3 3
556 105 26 163 3 2
556 131 59 58 3 3
556 190 43 58 3 2
556 233 11 58 3 2
556 244 26 58 3 3
556 270 12 58 3 1
556 282 13 58 3 1
556 295 54 58 3 2
556 349 55 58 3 1
556 404 39 58 3 2
556 443 60 58 3 3
614 131 40 105 3 2
614 171 34 105 3 3
614 205 34 105 3 2
614 239 63 54 3 3
614 302 32 54 3 1
614 334 67 54 3 1
614 401 28 54 3 3
614 429 74 54 3 2
668 239 32 51 3 3
668 271 11 51 3 3
668 282 30 51 3 2
668 312 37 51 3 1
668 349 19 51 3 3
668 368 50 51 3 1
668 418 13 51 3 2
668 431 72 51 3 1
447 58 47 110 3 2
557 58 47 84 3 1
641 58 47 78 3 3
488 0 58 231 3 2
0 503 95 100 3 3
0 598 59 56 3 3
0 657 58 95 3 1
0 715 44 95 3 3
0 759 111 95 3 1
0 870 61 58 3 2
0 931 44 58 3 3
0 975 18 58 3 2
0 993 14 32 3 3
32 993 14 26 3 3
58 870 37 37 3 2
58 907 9 37 3 3
58 916 20 37 3 3
58 936 11 37 3 3
58 947 36 37 3 3
58 983 24 37 3 3
95 657 63 134 3 2
95 720 34 134 3 1
95 754 36 134 3 3
95 790 19 134 3 1
95 809 68 76 3 2
95 877 45 72 3 2
95 922 85 134 3 3
167 877 45 62 3 1
171 809 68 58 3 2
229 657 86 112 3 1
229 743 64 112 3 1
229 807 21 112 3 1
229 828 27 112 3 3
229 855 152 112 3 2
341 657 57 108 3 2
341 714 35 94 3 1
341 749 44 104 3 1
341 793 80 69 3 1
341 873 134 104 3 2
410 793 21 35 3 1
410 814 18 35 3 3
410 832 17 35 3 1
410 849 11 35 3 2
410 860 13 35 3 1
445 749 47 93 3 3
445 796 68 139 3 1
445 864 60 128 3 2
445 924 83 69 3 2
514 924 83 63 3 1
577 924 54 142 3 1
577 978 29 88 3 2
665 978 10 54 3 2
665 988 19 29 3 2
694 988 11 25 3 1
694 999 8 14 3 3
708 999 8 11 3 2
573 864 60 146 3 1
584 796 68 79 3 2
663 796 68 56 3 3
538 749 47 181 3 2
435 714 35 96 3 3
531 714 35 104 3 1
635 714 35 84 3 3
449 657 57 66 3 3
515 657 57 130 3 2
645 657 57 74 3 3
56 598 59 124 3 3
180 598 59 98 3 2
278 598 59 111 3 1
389 598 59 97 3 3
486 598 59 55 3 2
541 598 59 178 3 3
100 503 51 92 3 2
100 554 44 71 3 3
171 554 44 108 3 2
279 554 44 92 3 3
371 554 44 122 3 3
493 554 44 99 3 2
592 554 44 58 3 1
650 554 28 69 3 2
650 582 16 37 3 2
687 582 16 20 3 1
707 582 7 12 3 1
707 589 9 12 3 3
192 503 51 91 3 1
283 503 51 264 3 1
547 503 51 109 3 1
656 503 51 63 3 3
719 0 56 67 3 1
719 56 64 67 3 3
719 120 13 67 3 1
719 133 88 67 3 1
719 221 45 67 3 2
719 266 24 67 3 2
719 290 35 67 3 3
719 325 22 67 3 2
719 347 52 67 3 3
719 399 44 67 3 2
719 443 36 67 3 2
719 479 36 67 3 3
719 515 82 67 3 1
719 597 66 67 3 2
719 663 27 67 3 3
719 690 48 67 3 2
719 738 11 67 3 3
719 749 60 67 3 3
719 809 41 67 3 1
719 850 42 67 3 1
719 892 17 67 3 1
719 909 46 67 3 1
719 955 52 67 3 1
786 0 36 89 3 1
786 36 99 97 3 1
786 135 53 63 3 1
786 188 30 63 3 3
786 218 17 63 3 2
786 235 38 63 3 3
786 273 49 63 3 3
786 322 42 63 3 1
786 364 17 63 3 2
786 381 35 63 3 2
786 416 44 63 3 1
786 460 41 63 3 2
786 501 67 63 3 1
786 568 61 63 3 1
786 629 38 63 3 3
786 667 30 63 3 2
786 697 16 63 3 3
786 713 21 63 3 2
786 734 25 63 3 2
786 759 30 63 3 3
786 789 32 63 3 1
786 821 43 63 3 2
786 864 30 63 3 2
786 894 33 63 3 3
786 927 15 63 3 3
786 942 65 63 3 3
849 135 34 34 3 3
849 169 17 34 3 2
849 186 17 34 3 1
849 203 26 34 3 1
849 229 36 34 3 3
849 265 13 34 3 1
849 278 41 34 3 1
849 319 29 34 3 3
849 348 21 34 3 1
849 369 19 34 3 1
849 388 17 34 3 3
849 405 34 34 3 1
849 439 11 34 3 3
849 450 20 34 3 3
849 470 13 34 3 1
849 483 13 34 3 1
849 496 19 34 3 3
849 515 36 34 3 3
849 551 21 34 3 2
849 572 24 34 3 3
849 596 16 34 3 3
849 612 13 34 3 1
849 625 12 34 3 3
849 637 24 34 3 2
849 661 10 34 3 1
849 671 43 34 3 3
849 714 13 34 3 1
849 727 10 34 3 1
849 737 14 34 3 3
849 751 7 34 3 3
849 758 20 34 3 3
849 778 31 34 3 2
849 809 15 34 3 2
849 824 11 34 3 2
849 835 18 34 3 1
849 853 29 34 3 3
849 882 28 34 3 1
849 910 24 34 3 2
849 934 18 34 3 1
849 952 22 34 3 1
849 974 21 34 3 3
849 995 12 34 3 1
883 36 84 101 3 2
883 120 102 94 3 1
883 222 40 94 3 1
883 262 44 94 3 3
883 306 24 94 3 3
883 330 86 94 3 3
883 416 47 94 3 2
883 463 37 94 3 3
883 500 29 94 3 2
883 529 57 94 3 3
883 586 12 94 3 1
883 598 18 94 3 2
883 616 51 94 3 3
883 667 78 94 3 3
883 745 36 94 3 2
883 781 102 94 3 2
883 883 39 94 3 1
883 922 85 61 3 1
944 922 13 33 3 3
944 935 18 33 3 2
944 953 21 33 3 2
944 974 19 33 3 2
944 993 14 33 3 3
977 120 106 112 3 1
977 226 62 57 3 2
977 288 50 57 3 2
977 338 22 57 3 2
977 360 10 57 3 3
977 370 23 57 3 2
977 393 73 57 3 1
977 466 13 57 3 3
977 479 47 57 3 2
977 526 19 57 3 1
977 545 49 57 3 1
977 594 47 57 3 1
977 641 23 57 3 3
977 664 46 57 3 1
977 710 11 57 3 2
977 721 17 57 3 2
977 738 29 57 3 2
977 767 64 57 3 2
977 831 15 57 3 2
977 846 66 57 3 1
977 912 16 57 3 1
977 928 79 57 3 1
1034 226 82 55 3 1
1034 308 48 55 3 1
1034 356 50 55 3 3
1034 406 23 55 3 3
1034 429 16 55 3 1
1034 445 32 55 3 3
1034 477 84 55 3 1
1034 561 29 55 3 3
1034 590 49 55 3 2
1034 639 24 55 3 3
1034 663 24 55 3 3
1034 687 49 55 3 3
1034 736 68 55 3 3
1034 804 47 55 3 3
1034 851 37 55 3 3
1034 888 38 55 3 3
1034 926 51 55 3 3
1034 977 30 55 3 3
984 36 51 105 3 1
984 87 33 105 3 1
875 0 36 109 3 3
984 0 36 105 3 3
1089 0 39 106 3 1
1089 39 83 111 3 2
1089 122 65 111 3 1
1089 187 61 69 3 1
1089 248 54 111 3 3
1089 302 94 111 3 1
1089 396 28 111 3 2
1089 424 148 111 3 3
1089 572 108 111 3 1
1089 680 58 111 3 3
1089 738 54 62 3 2
1089 792 43 62 3 2
1089 835 38 62 3 3
1089 873 35 62 3 3
1089 908 46 62 3 2
1089 954 53 62 3 2
1151 738 32 49 3 2
1151 770 10 49 3 2
1151 780 22 49 3 2
1151 802 12 49 3 1
1151 814 20 49 3 1
1151 834 30 49 3 3
1151 864 35 49 3 1
1151 899 55 49 3 1
1151 954 53 49 3 3
1158 187 26 42 3 2
1158 213 35 42 3 2
1200 39 87 109 3 2
1200 126 47 260 3 1
1200 173 47 79 3 1
1200 220 68 134 3 1
1200 288 36 134 3 3
1200 324 58 134 3 3
1200 382 49 86 3 3
1200 431 50 134 3 2
1200 481 47 70 3 2
1200 528 49 68 3 3
1200 577 46 81 3 2
1200 623 67 84 3 2
1200 690 43 134 3 2
1200 733 36 134 3 2
1200 769 88 134 3 1
1200 857 38 134 3 3
1200 895 39 134 3 3
1200 934 73 134 3 3
1284 623 10 50 3 3
1284 633 57 50 3 1
1281 577 46 53 3 2
1268 528 22 66 3 2
1268 550 27 66 3 2
1270 481 15 64 3 3
1270 496 13 64 3 2
1270 509 19 38 3 2
1308 509 9 26 3 1
1308 518 10 17 3 2
1325 518 4 9 3 3
1325 522 6 9 3 1
1286 382 20 48 3 3
1286 402 29 48 3 1
1334 220 37 126 3 1
1334 257 103 126 3 3
1334 360 62 126 3 3
1334 422 38 126 3 3
1334 460 50 126 3 2
1334 510 144 126 3 1
1334 654 45 78 3 3
1334 699 59 78 3 1
1334 758 100 78 3 1
1334 858 13 78 3 1
1334 871 23 78 3 1
1334 894 48 78 3 1
1334 942 65 51 3 2
1385 942 12 27 3 2
1385 954 21 27 3 3
1385 975 8 27 3 3
1385 983 15 27 3 2
1385 998 9 15 3 2
1400 998 9 12 3 3
1412 654 14 48 3 2
1412 668 24 48 3 3
1412 692 63 48 3 2
1412 755 55 48 3 1
1412 810 20 48 3 3
1412 830 25 48 3 1
1412 855 41 48 3 1
1412 896 43 48 3 3
1412 939 68 48 3 3
1279 173 47 94 3 3
1373 173 47 87 3 2
1309 39 87 151 3 1
1195 0 39 171 3 2
1366 0 39 94 3 1
719 1007 67 99 3 3
719 1074 85 71 3 3
719 1159 73 70 3 3
719 1232 54 75 3 1
719 1286 74 89 3 1
719 1360 33 89 3 2
719 1393 73 89 3 3
719 1466 37 89 3 3
808 1286 63 136 3 1
808 1349 82 75 3 2
808 1431 72 136 3 3
883 1349 45 61 3 2
883 1394 37 61 3 1
944 1286 82 103 3 2
944 1368 53 64 3 1
944 1421 82 64 3 2
1008 1368 30 39 3 2
1008 1398 9 39 3 3
1008 1407 16 39 3 3
1008 1423 8 39 3 1
1008 1431 26 39 3 3
1008 1457 16 39 3 1
1008 1473 15 39 3 2
1008 1488 15 22 3 3
1030 1488 3 17 3 1
1030 1491 3 17 3 1
1030 1494 9 17 3 2
1047 1286 72 133 3 3
1047 1358 61 65 3 3
1047 1419 51 65 3 3
1047 1470 33 42 3 1
1089 1470 10 23 3 3
1089 1480 23 23 3 2
1112 1358 34 225 3 3
1112 1392 47 79 3 2
1112 1439 13 79 3 1
1112 1452 51 79 3 2
1191 1392 65 141 3 2
1191 1457 46 93 3 3
1284 1457 18 48 3 2
1284 1475 28 48 3 2
1332 1392 29 128 3 1
1332 1421 45 73 3 1
1332 1466 37 128 3 2
1405 1421 45 55 3 2
1337 1358 34 123 3 2
1180 1286 72 74 3 3
1254 1286 45 84 3 2
1254 1331 27 76 3 1
1330 1331 27 130 3 1
1338 1286 45 72 3 2
1410 1286 14 50 3 1
1410 1300 31 50 3 1
794 1232 54 76 3 1
870 1232 54 91 3 3
961 1232 54 67 3 3
1028 1232 54 113 3 1
1141 1232 54 195 3 3
1336 1232 54 79 3 2
1415 1232 18 45 3 3
1415 1250 36 45 3 3
789 1159 34 117 3 3
789 1193 39 117 3 2
906 1159 73 77 3 1
983 1159 73 64 3 3
1047 1159 73 75 3 2
1122 1159 73 142 3 3
1264 1159 73 80 3 1
1344 1159 73 53 3 1
1397 1159 35 63 3 2
1397 1194 38 63 3 3
790 1074 85 95 3 1
885 1074 55 163 3 1
885 1129 30 74 3 2
959 1129 30 89 3 1
1048 1074 36 95 3 3
1048 1110 49 95 3 3
1143 1074 85 104 3 2
1247 1074 85 115 3 3
1362 1074 46 98 3 3
1362 1120 39 98 3 3
818 1007 67 80 3 2
898 1007 67 104 3 2
1002 1007 67 97 3 2
1099 1007 67 98 3 3
1197 1007 67 85 3 1
1282 1007 67 178 3 3
719 1503 25 193 3 1
719 1528 67 127 3 1
719 1595 50 72 3 2
719 1645 38 164 3 2
719 1683 53 165 3 3
719 1736 66 88 3 1
719 1802 32 103 3 2
719 1834 46 103 3 2
719 1880 76 103 3 2
719 1956 44 103 3 3
822 1802 33 62 3 2
822 1835 68 62 3 3
822 1903 26 62 3 1
822 1929 20 62 3 3
822 1949 51 62 3 1
807 1736 66 77 3 1
884 1683 72 83 3 2
884 1755 63 106 3 1
884 1818 45 84 3 1
884 1863 56 84 3 1
884 1919 41 84 3 3
884 1960 20 84 3 1
884 1980 20 84 3 2
968 1818 38 87 3 2
968 1856 23 87 3 3
968 1879 27 87 3 1
968 1906 55 87 3 1
968 1961 13 87 3 2
968 1974 26 57 3 2
1025 1974 26 30 3 3
1055 1818 47 182 3 3
1055 1865 82 76 3 3
1055 1947 53 76 3 1
1131 1865 59 66 3 1
1131 1924 39 329 3 2
1131 1963 37 126 3 1
1257 1963 37 119 3 2
1376 1963 37 84 3 1
1197 1865 59 74 3 1
1271 1865 59 79 3 1
1350 1865 59 110 3 3
1237 1818 47 68 3 2
1305 1818 47 72 3 3
1377 1818 47 83 3 3
990 1755 63 118 3 3
1108 1755 63 82 3 2
1190 1755 39 82 3 3
1190 1794 24 103 3 2
1293 1794 24 60 3 2
1353 1794 24 107 3 1
1272 1755 39 84 3 2
1356 1755 39 104 3 1
967 1683 72 90 3 2
1057 1683 72 94 3 1
1151 1683 72 56 3 2
1207 1683 72 96 3 2
1303 1683 72 157 3 3
883 1645 38 105 3 1
988 1645 38 179 3 3
1167 1645 38 293 3 1
791 1595 50 150 3 2
941 1595 50 81 3 1
1022 1595 50 137 3 2
1159 1595 50 82 3 3
1241 1595 50 103 3 2
1344 1595 50 116 3 3
846 1528 67 128 3 1
974 1528 67 128 3 1
1102 1528 67 98 3 1
1200 1528 40 82 3 3
1200 1568 27 72 3 2
1272 1568 27 57 3 2
1329 1568 27 54 3 3
1383 1568 27 77 3 1
1282 1528 40 112 3 1
1394 1528 20 66 3 2
1394 1548 20 42 3 2
1436 1548 20 24 3 3
912 1503 25 62 3 2
974 1503 25 102 3 3
1076 1503 25 105 3 1
1181 1503 25 103 3 2
1284 1503 25 62 3 2
1346 1503 25 66 3 1
1412 1503 25 48 3 2
0 1007 64 55 3 1
0 1071 21 55 3 2
0 1092 42 55 3 2
0 1134 61 55 3 1
0 1195 31 55 3 3
0 1226 45 55 3 1
0 1271 41 55 3 3
0 1312 50 55 3 1
0 1362 36 55 3 3
0 1398 38 55 3 3
0 1436 19 55 3 1
0 1455 44 55 3 1
0 1499 21 55 3 3
0 1520 41 55 3 3
0 1561 35 55 3 1
0 1596 48 55 3 2
0 1644 22 55 3 2
0 1666 31 55 3 2
0 1697 43 55 3 3
0 1740 43 55 3 1
0 1783 13 55 3 1
0 1796 34 55 3 1
0 1830 25 55 3 2
0 1855 25 55 3 1
0 1880 36 55 3 1
0 1916 36 55 3 1
0 1952 48 55 3 1
55 1007 62 87 3 1
55 1069 45 146 3 3
55 1114 32 152 3 3
55 1146 59 152 3 1
55 1205 132 152 3 2
55 1337 30 152 3 3
55 1367 102 69 3 1
55 1469 45 73 3 2
55 1514 119 152 3 2
55 1633 63 92 3 2
55 1696 53 92 3 1
55 1749 40 92 3 1
55 1789 90 92 3 1
55 1879 35 92 3 1
55 1914 26 92 3 2
55 1940 60 92 3 2
147 1633 52 60 3 3
147 1685 57 60 3 2
147 1742 22 60 3 2
147 1764 27 60 3 2
147 1791 47 60 3 3
147 1838 60 60 3 1
147 1898 31 60 3 1
147 1929 71 60 3 3
128 1469 45 79 3 1
124 1367 59 83 3 3
124 1426 43 83 3 1
207 1114 67 152 3 2
207 1181 69 54 3 1
207 1250 79 152 3 3
207 1329 33 152 3 2
207 1362 86 100 3 3
207 1448 36 152 3 1
207 1484 76 152 3 1
207 1560 46 74 3 3
207 1606 73 79 3 2
207 1679 41 87 3 3
207 1720 37 87 3 1
207 1757 49 87 3 1
207 1806 54 87 3 3
207 1860 44 87 3 1
207 1904 96 87 3 3
294 1679 35 65 3 3
294 1714 20 65 3 1
294 1734 29 65 3 1
294 1763 32 65 3 1
294 1795 63 65 3 2
294 1858 41 65 3 2
294 1899 23 65 3 3
294 1922 35 65 3 3
294 1957 43 65 3 3
286 1606 73 73 3 1
281 1560 23 78 3 3
281 1583 23 78 3 2
307 1362 28 52 3 2
307 1390 18 52 3 2
307 1408 40 52 3 3
261 1181 69 98 3 1
201 1069 45 102 3 1
303 1069 25 56 3 2
303 1094 20 56 3 3
142 1007 62 121 3 3
263 1007 62 96 3 3
359 1007 76 89 3 3
359 1083 86 102 3 2
359 1169 36 134 3 3
359 1205 70 111 3 1
359 1275 52 63 3 2
359 1327 58 62 3 1
359 1385 43 62 3 2
359 1428 19 62 3 3
359 1447 33 62 3 3
359 1480 12 62 3 3
359 1492 48 62 3 1
359 1540 53 62 3 3
359 1593 75 62 3 2
359 1668 14 62 3 2
359 1682 77 62 3 3
359 1759 60 62 3 1
359 1819 33 62 3 2
359 1852 53 62 3 3
359 1905 63 62 3 3
359 1968 19 62 3 2
359 1987 13 28 3 2
387 1987 13 34 3 2
421 1327 20 49 3 1
421 1347 53 49 3 1
421 1400 57 49 3 1
421 1457 49 49 3 3
421 1506 60 49 3 2
421 1566 28 49 3 2
421 1594 13 49 3 2
421 1607 13 49 3 3
421 1620 43 49 3 3
421 1663 50 49 3 3
421 1713 14 49 3 1
421 1727 35 49 3 1
421 1762 62 49 3 1
421 1824 19 49 3 1
421 1843 27 49 3 1
421 1870 24 49 3 3
421 1894 10 49 3 2
421 1904 15 49 3 3
421 1919 32 49 3 2
421 1951 27 49 3 1
421 1978 22 49 3 1
422 1275 52 48 3 1
470 1205 49 83 3 1
470 1254 53 83 3 1
470 1307 57 83 3 2
470 1364 20 83 3 1
470 1384 45 83 3 3
470 1429 80 83 3 2
470 1509 66 83 3 3
470 1575 20 83 3 3
470 1595 28 83 3 1
470 1623 82 83 3 2
470 1705 50 83 3 1
470 1755 78 83 3 1
470 1833 28 83 3 2
470 1861 139 83 3 3
553 1205 98 166 3 2
553 1303 59 78 3 2
553 1362 97 84 3 2
553 1459 61 84 3 1
553 1520 83 84 3 2
553 1603 76 84 3 2
553 1679 104 84 3 1
553 1783 92 84 3 2
553 1875 36 84 3 2
553 1911 46 84 3 3
553 1957 43 52 3 2
605 1957 43 32 3 2
637 1362 35 82 3 3
637 1397 26 82 3 2
637 1423 71 82 3 2
637 1494 21 82 3 1
637 1515 17 82 3 1
637 1532 53 82 3 2
637 1585 72 82 3 1
637 1657 12 82 3 1
637 1669 43 82 3 2
637 1712 51 82 3 3
637 1763 57 82 3 1
637 1820 69 82 3 1
637 1889 40 82 3 2
637 1929 20 82 3 2
637 1949 30 82 3 3
637 1979 21 36 3 1
673 1979 21 46 3 3
631 1303 24 88 3 3
631 1327 35 88 3 1
493 1169 36 226 3 2
461 1083 86 84 3 2
545 1083 54 79 3 3
545 1137 32 79 3 2
624 1083 86 51 3 3
675 1083 52 44 3 1
675 1135 34 44 3 2
448 1007 76 97 3 3
545 1007 76 92 3 2
637 1007 11 82 3 1
637 1018 65 82 3 2
0 0 69 164 2 1
0 69 51 234 2 2
0 120 97 135 2 2
0 217 104 89 2 3
0 321 58 135 2 2
0 379 96 65 2 3
65 379 62 70 2 3
65 441 34 70 2 1
89 217 63 46 2 3
89 280 10 46 2 1
89 290 31 46 2 3
135 120 78 155 2 3
135 198 67 74 2 3
135 265 32 171 2 1
135 297 53 171 2 2
135 350 66 74 2 3
135 416 59 171 2 2
209 350 20 97 2 1
209 370 46 97 2 2
306 265 75 116 2 2
306 340 48 116 2 3
306 388 57 116 2 2
306 445 30 116 2 2
422 265 63 165 2 2
422 328 147 165 2 1
587 265 55 88 2 2
587 320 61 88 2 1
587 381 94 88 2 3
675 265 33 163 2 3
675 298 90 163 2 1
675 388 26 163 2 2
675 414 61 163 2 1
838 265 50 97 2 2
838 315 37 155 2 2
838 352 123 155 2 3
993 315 72 77 2 1
993 387 53 77 2 1
993 440 35 77 2 2
1070 315 79 121 2 1
1070 394 81 121 2 2
935 265 50 157 2 1
1092 265 50 99 2 1
209 198 67 146 2 2
355 198 35 139 2 2
355 233 32 118 2 3
473 233 32 211 2 2
684 233 32 112 2 1
796 233 32 96 2 1
892 233 32 124 2 3
1016 233 32 102 2 3
1118 233 19 73 2 2
1118 252 13 34 2 1
1152 252 13 39 2 2
494 198 35 80 2 3
574 198 35 106 2 3
680 198 35 165 2 1
845 198 35 159 2 1
1004 198 35 78 2 3
1082 198 35 109 2 3
290 120 78 180 2 3
470 120 78 84 2 1
554 120 78 140 2 2
694 120 78 128 2 2
822 120 78 128 2 1
950 120 78 113 2 3
1063 120 28 128 2 2
1063 148 50 75 2 2
1138 148 14 53 2 1
1138 162 16 53 2 1
1138 178 20 53 2 3
234 69 51 96 2 1
330 69 51 148 2 1
478 69 51 101 2 1
579 69 51 161 2 3
740 69 51 183 2 2
923 69 51 104 2 1
1027 69 51 82 2 3
1109 69 51 82 2 3
164 0 69 112 2 1
276 0 69 84 2 1
360 0 29 170 2 2
360 29 40 75 2 2
435 29 40 95 2 1
530 0 69 203 2 2
733 0 69 110 2 3
843 0 69 138 2 1
981 0 69 110 2 2
1091 0 41 100 2 2
1091 41 28 100 2 3
0 475 76 89 2 3
0 551 26 89 2 2
0 577 46 89 2 3
0 623 44 89 2 1
0 667 39 89 2 1
0 706 20 89 2 1
0 726 97 89 2 1
0 823 47 89 2 2
0 870 81 89 2 3
89 475 83 166 2 2
89 558 125 103 2 1
89 683 57 90 2 3
89 740 37 166 2 3
89 777 88 166 2 2
89 865 86 166 2 1
179 683 57 76 2 1
192 558 63 63 2 3
192 621 62 63 2 3
255 475 118 110 2 1
255 593 69 169 2 3
255 662 142 169 2 2
255 804 56 90 2 2
255 860 59 169 2 1
255 919 32 88 2 3
343 919 32 81 2 2
345 804 56 79 2 3
424 593 53 123 2 1
424 646 63 123 2 3
424 709 33 123 2 1
424 742 63 123 2 1
424 805 36 123 2 2
424 841 36 123 2 3
424 877 74 123 2 2
547 593 55 89 2 1
547 648 85 89 2 3
547 733 53 89 2 3
547 786 36 89 2 3
547 822 38 89 2 1
547 860 91 89 2 3
636 593 62 93 2 3
636 655 121 92 2 2
636 776 27 92 2 2
636 803 45 92 2 3
636 848 13 92 2 2
636 861 90 92 2 1
728 655 50 142 2 1
728 705 141 102 2 2
728 846 105 102 2 1
830 705 79 179 2 1
830 784 37 132 2 1
830 821 83 149 2 3
830 904 47 149 2 1
979 821 130 212 2 3
962 784 37 141 2 1
1103 784 37 88 2 2
1009 705 38 182 2 1
1009 743 41 182 2 3
870 655 50 321 2 1
729 593 62 89 2 1
818 593 62 178 2 3
996 593 62 113 2 2
1109 593 29 82 2 3
1109 622 33 82 2 3
365 475 76 117 2 2
365 551 42 75 2 3
440 551 11 42 2 2
440 562 31 42 2 1
482 475 62 171 2 2
482 537 56 171 2 3
653 475 63 77 2 2
653 538 55 116 2 1
769 538 55 121 2 1
890 538 55 131 2 1
1021 538 55 170 2 3
730 475 63 150 2 1
880 475 63 101 2 2
981 475 63 99 2 1
1080 475 63 111 2 3
1191 0 71 142 2 2
1191 71 70 105 2 1
1191 141 88 133 2 2
1191 229 90 137 2 1
1191 319 73 137 2 2
1191 392 63 137 2 1
1191 455 74 137 2 3
1191 529 74 137 2 1
1191 603 104 137 2 1
1191 707 48 137 2 3
1191 755 60 88 2 3
1191 815 136 89 2 2
1280 815 49 48 2 3
1280 864 37 48 2 2
1280 901 27 48 2 2
1280 928 23 48 2 3
1279 755 60 49 2 2
1328 229 40 124 2 3
1328 269 32 124 2 1
1328 301 112 124 2 1
1328 413 79 124 2 2
1328 492 88 124 2 3
1328 580 113 124 2 1
1328 693 64 124 2 1
1328 757 30 124 2 1
1328 787 94 124 2 2
1328 881 45 124 2 2
1328 926 25 68 2 3
1396 926 25 56 2 3
1452 229 80 175 2 1
1452 309 83 151 2 3
1452 392 116 120 2 3
1452 508 96 120 2 3
1452 604 97 76 2 3
1452 701 74 76 2 1
1452 775 84 76 2 2
1452 859 31 76 2 2
1452 890 24 76 2 3
1452 914 23 76 2 3
1452 937 14 42 2 2
1494 937 14 34 2 3
1528 604 14 44 2 2
1528 618 31 44 2 3
1528 649 44 44 2 2
1528 693 23 44 2 1
1528 716 19 44 2 3
1528 735 55 44 2 3
1528 790 36 44 2 3
1528 826 17 44 2 2
1528 843 16 44 2 2
1528 859 22 44 2 1
1528 881 40 44 2 3
1528 921 30 44 2 2
1572 392 49 136 2 3
1572 441 108 105 2 1
1572 549 28 253 2 2
1572 577 123 96 2 1
1572 700 26 96 2 1
1572 726 104 96 2 2
1572 830 64 96 2 1
1572 894 57 96 2 1
1668 577 52 157 2 2
1668 629 70 86 2 2
1668 699 58 86 2 1
1668 757 40 86 2 1
1668 797 64 86 2 1
1668 861 51 86 2 1
1668 912 39 57 2 2
1725 912 39 29 2 2
1754 629 65 71 2 3
1754 694 45 71 2 2
1754 739 44 71 2 2
1754 783 67 71 2 3
1754 850 9 71 2 1
1754 859 92 71 2 2
1677 441 65 148 2 3
1677 506 43 82 2 2
1759 506 20 66 2 2
1759 526 23 66 2 3
1708 392 49 117 2 2
1603 309 83 95 2 2
1698 309 83 83 2 3
1781 309 36 44 2 1
1781 345 10 44 2 2
1781 355 16 44 2 2
1781 371 21 44 2 1
1627 229 80 102 2 2
1729 229 17 96 2 2
1729 246 63 96 2 2
1324 141 56 94 2 3
1324 197 32 94 2 3
1418 141 88 172 2 3
1590 141 88 134 2 1
1724 141 88 101 2 1
1296 71 70 212 2 2
1508 71 42 123 2 1
1508 113 28 123 2 2
1631 71 70 194 2 1
1333 0 71 131 2 2
1464 0 71 135 2 3
1599 0 47 104 2 3
1599 47 24 109 2 2
1708 47 24 52 2 3
1760 47 24 42 2 3
1802 47 15 23 2 3
1802 62 9 15 2 2
1817 62 3 8 2 3
1817 65 6 8 2 3
1703 0 47 63 2 1
1766 0 47 59 2 3
1825 0 81 179 2 3
1825 81 52 179 2 1
1825 133 55 179 2 1
1825 188 45 179 2 3
1825 233 71 115 2 3
1825 304 117 115 2 1
1825 421 56 115 2 1
1825 477 29 115 2 1
1825 506 64 115 2 2
1825 570 115 115 2 3
1825 685 89 115 2 2
1825 774 22 115 2 1
1825 796 78 115 2 2
1825 874 77 115 2 2
1940 233 82 64 2 2
1940 315 63 64 2 2
1940 378 65 64 2 3
1940 443 26 64 2 2
1940 469 26 64 2 2
1940 495 34 64 2 3
1940 529 51 64 2 1
1940 580 37 64 2 1
1940 617 25 64 2 3
1940 642 56 64 2 3
1940 698 36 64 2 1
1940 734 18 64 2 3
1940 752 22 64 2 2
1940 774 41 64 2 2
1940 815 19 64 2 3
1940 834 20 64 2 2
1940 854 52 64 2 1
1940 906 45 64 2 2
2004 0 72 118 2 2
2004 72 91 126 2 1
2004 163 31 206 2 2
2004 194 73 178 2 1
2004 267 93 146 2 1
2004 360 73 146 2 1
2004 433 74 96 2 1
2004 507 86 96 2 1
2004 593 59 96 2 3
2004 652 60 96 2 2
2004 712 44 96 2 3
2004 756 25 96 2 1
2004 781 47 96 2 3
2004 828 123 96 2 3
2100 433 11 50 2 1
2100 444 62 50 2 1
2100 506 28 50 2 3
2100 534 21 50 2 2
2100 555 62 50 2 1
2100 617 50 50 2 1
2100 667 57 50 2 2
2100 724 11 50 2 3
2100 735 28 50 2 1
2100 763 26 50 2 2
2100 789 24 50 2 3
2100 813 25 50 2 2
2100 838 41 50 2 1
2100 879 36 50 2 2
2100 915 36 50 2 2
2150 267 46 163 2 2
2150 313 86 91 2 3
2150 399 77 163 2 1
2150 476 46 163 2 3
2150 522 67 163 2 1
2150 589 93 163 2 3
2150 682 152 163 2 1
2150 834 117 163 2 2
2241 313 49 72 2 3
2241 362 37 72 2 2
2313 267 68 147 2 3
2313 335 81 147 2 2
2313 416 91 147 2 2
2313 507 81 147 2 2
2313 588 62 147 2 3
2313 650 84 147 2 3
2313 734 82 88 2 2
2313 816 64 84 2 3
2313 880 40 147 2 1
2313 920 31 67 2 1
2380 920 18 80 2 2
2380 938 13 80 2 1
2397 816 39 63 2 2
2397 855 25 63 2 1
2401 734 38 59 2 3
2401 772 44 59 2 3
2182 194 73 127 2 2
2309 194 73 74 2 1
2383 194 25 77 2 1
2383 219 26 77 2 1
2383 245 22 77 2 1
2210 163 31 72 2 3
2282 163 31 72 2 3
2354 163 31 106 2 1
2130 72 91 80 2 1
2210 72 91 118 2 2
2328 72 51 132 2 3
2328 123 40 80 2 2
2408 123 40 52 2 1
2122 0 72 101 2 1
2223 0 72 94 2 1
2317 0 72 143 2 2
1191 951 64 172 2 1
1191 1015 92 88 2 1
1191 1107 88 133 2 1
1191 1195 165 96 2 3
1287 1195 85 70 2 1
1287 1280 80 70 2 3
1357 1195 55 88 2 1
1357 1250 29 206 2 2
1357 1279 51 171 2 3
1357 1330 30 171 2 3
1528 1279 42 123 2 3
1528 1321 39 80 2 2
1608 1321 24 43 2 1
1608 1345 15 24 2 3
1632 1345 15 19 2 2
1651 1279 81 123 2 3
1774 1279 81 70 2 1
1844 1279 81 153 2 3
1997 1279 81 92 2 1
2089 1279 28 175 2 2
2089 1307 53 121 2 2
2210 1307 53 89 2 1
2299 1307 53 98 2 1
2397 1307 14 63 2 2
2397 1321 39 63 2 1
2264 1279 28 72 2 1
2336 1279 28 81 2 3
2417 1279 28 27 2 2
2444 1279 17 16 2 3
2444 1296 4 16 2 1
2444 1300 7 16 2 3
1563 1250 29 131 2 1
1694 1250 29 67 2 2
1761 1250 29 266 2 3
2027 1250 29 93 2 1
2120 1250 29 75 2 2
2195 1250 29 92 2 2
2287 1250 29 110 2 3
2397 1250 29 63 2 3
1445 1195 55 260 2 2
1705 1195 55 112 2 2
1817 1195 55 103 2 3
1920 1195 55 119 2 3
2039 1195 55 184 2 1
2223 1195 55 237 2 2
1324 1107 88 88 2 1
1412 1107 88 145 2 3
1557 1107 53 116 2 2
1557 1160 35 75 2 2
1632 1160 35 41 2 2
1673 1107 52 108 2 2
1673 1159 36 80 2 1
1753 1159 36 162 2 1
1915 1159 36 74 2 3
1989 1159 36 99 2 1
2088 1159 36 163 2 1
2251 1159 36 112 2 2
2363 1159 36 97 2 3
1781 1107 52 70 2 1
1851 1107 52 193 2 3
2044 1107 52 123 2 3
2167 1107 52 78 2 3
2245 1107 52 126 2 2
2371 1107 52 89 2 3
1279 1015 92 108 2 1
1387 1015 92 140 2 2
1527 1015 92 150 2 1
1677 1015 92 101 2 3
1778 1015 92 74 2 3
1852 1015 92 167 2 2
2019 1015 56 97 2 3
2019 1071 36 97 2 1
2116 1015 92 156 2 1
2272 1015 56 99 2 3
2272 1071 36 51 2 3
2323 1071 11 48 2 3
2323 1082 12 48 2 2
2323 1094 13 48 2 2
2371 1015 57 89 2 1
2371 1072 11 89 2 2
2371 1083 24 59 2 1
2430 1083 24 30 2 2
1363 951 64 145 2 3
1508 951 64 89 2 1
1597 951 64 115 2 3
1712 951 64 100 2 1
1812 951 64 160 2 2
1972 951 64 84 2 3
2056 951 64 153 2 3
2209 951 64 123 2 3
2332 951 26 128 2 3
2332 977 38 79 2 3
2411 977 21 49 2 1
2411 998 17 49 2 2
1191 1360 107 134 2 2
1191 1467 87 111 2 2
1191 1554 89 111 2 1
1191 1643 69 111 2 2
1191 1712 58 111 2 2
1302 1467 97 149 2 1
1302 1564 72 122 2 3
1302 1636 134 116 2 1
1418 1636 57 197 2 1
1418 1693 77 109 2 2
1527 1693 26 88 2 1
1527 1719 51 88 2 2
1615 1636 53 95 2 2
1615 1689 81 95 2 1
1710 1636 88 139 2 1
1710 1724 46 126 2 1
1836 1724 46 92 2 2
1928 1724 46 137 2 1
2065 1724 46 105 2 2
2170 1724 46 132 2 2
2302 1724 46 158 2 2
1849 1636 88 90 2 2
1939 1636 88 129 2 1
2068 1636 53 98 2 3
2068 1689 35 105 2 3
2173 1689 35 103 2 2
2276 1689 35 121 2 1
2397 1689 35 63 2 1
2166 1636 53 144 2 2
2310 1636 53 75 2 1
2385 1636 19 75 2 1
2385 1655 34 75 2 3
1424 1564 72 191 2 2
1615 1564 72 89 2 1
1704 1564 72 144 2 1
1848 1564 72 103 2 2
1951 1564 72 95 2 1
2046 1564 72 126 2 1
2172 1564 72 74 2 3
2246 1564 72 130 2 1
2376 1564 72 84 2 2
1451 1467 97 64 2 3
1515 1467 29 169 2 2
1515 1496 39 169 2 1
1515 1535 29 92 2 2
1607 1535 29 77 2 3
1684 1467 97 107 2 2
1791 1467 97 79 2 3
1870 1467 97 210 2 1
2080 1467 55 132 2 2
2080 1522 42 172 2 2
2252 1522 42 208 2 2
2212 1467 55 248 2 1
1325 1360 51 284 2 1
1325 1411 56 145 2 3
1470 1411 32 139 2 2
1470 1443 24 56 2 1
1526 1443 24 83 2 2
1609 1360 107 145 2 3
1754 1360 107 109 2 1
1863 1360 107 100 2 1
1963 1360 107 176 2 1
2139 1360 107 167 2 3
2306 1360 71 99 2 2
2306 1431 36 69 2 3
2375 1431 36 85 2 1
2405 1360 33 55 2 2
2405 1393 38 55 2 1
0 951 95 82 2 2
0 1046 54 185 2 3
0 1100 86 139 2 1
0 1186 62 79 2 1
0 1248 85 158 2 2
0 1333 66 94 2 2
0 1399 48 94 2 3
0 1447 52 94 2 1
0 1499 58 94 2 3
0 1557 110 94 2 1
0 1667 103 94 2 1
94 1333 79 64 2 2
94 1412 60 64 2 2
94 1472 22 64 2 2
94 1494 8 64 2 1
94 1502 17 64 2 1
94 1519 39 64 2 3
94 1558 24 64 2 1
94 1582 64 64 2 3
94 1646 40 64 2 3
94 1686 28 64 2 1
94 1714 56 64 2 1
158 1248 100 133 2 1
158 1348 40 130 2 2
158 1388 58 85 2 1
158 1446 76 85 2 1
158 1522 53 85 2 1
158 1575 27 85 2 2
158 1602 33 85 2 3
158 1635 69 85 2 2
158 1704 66 85 2 3
243 1388 86 57 2 1
243 1474 67 153 2 2
243 1541 40 153 2 2
243 1581 116 153 2 2
243 1697 73 153 2 3
396 1474 48 100 2 3
396 1522 39 100 2 2
396 1561 71 100 2 1
396 1632 51 100 2 3
396 1683 87 100 2 1
496 1474 19 99 2 1
496 1493 56 99 2 2
496 1549 55 99 2 3
496 1604 73 99 2 2
496 1677 44 99 2 2
496 1721 49 99 2 1
300 1388 86 103 2 3
403 1388 86 118 2 1
521 1388 86 74 2 3
288 1348 40 63 2 1
351 1348 40 77 2 1
428 1348 40 167 2 2
291 1248 55 304 2 2
291 1303 45 104 2 3
395 1303 45 131 2 3
526 1303 45 69 2 3
79 1186 62 83 2 2
162 1186 62 269 2 1
431 1186 62 94 2 3
525 1186 62 70 2 2
139 1100 86 134 2 3
273 1100 86 193 2 2
466 1100 86 129 2 2
185 1046 54 116 2 1
301 1046 54 148 2 1
449 1046 54 146 2 2
82 951 95 207 2 3
289 951 95 97 2 3
386 951 40 128 2 3
386 991 55 128 2 1
514 951 30 81 2 3
514 981 37 81 2 2
514 1018 28 81 2 1
595 951 83 92 2 1
595 1034 117 92 2 3
595 1151 91 92 2 1
595 1242 57 92 2 3
595 1299 60 92 2 1
595 1359 86 92 2 3
595 1445 34 92 2 3
595 1479 62 92 2 1
595 1541 75 92 2 3
595 1616 75 92 2 1
595 1691 33 92 2 3
595 1724 46 92 2 2
687 951 114 113 2 3
687 1065 97 147 2 2
687 1162 78 147 2 3
687 1240 140 147 2 1
687 1380 146 147 2 2
687 1526 54 147 2 2
687 1580 77 64 2 3
687 1657 51 64 2 2
687 1708 36 64 2 2
687 1744 26 64 2 3
751 1580 91 83 2 3
751 1671 45 83 2 3
751 1716 54 83 2 2
834 1065 63 116 2 2
834 1128 69 135 2 3
834 1197 40 135 2 3
834 1237 107 135 2 1
834 1344 96 135 2 1
834 1440 124 135 2 3
834 1564 73 89 2 2
834 1637 57 135 2 1
834 1694 76 135 2 1
923 1564 15 46 2 3
923 1579 58 46 2 1
969 1128 116 123 2 3
969 1244 73 68 2 1
969 1317 37 68 2 2
969 1354 83 68 2 3
969 1437 35 68 2 3
969 1472 61 68 2 1
969 1533 16 68 2 2
969 1549 31 68 2 2
969 1580 28 68 2 2
969 1608 30 68 2 3
969 1638 64 68 2 2
969 1702 68 68 2 2
1037 1244 177 154 2 3
1037 1421 45 154 2 1
1037 1466 135 92 2 2
1037 1601 23 92 2 2
1037 1624 146 92 2 3
1129 1466 51 62 2 1
1129 1517 34 62 2 1
1129 1551 40 62 2 3
1129 1591 17 62 2 2
1129 1608 14 62 2 3
1129 1622 40 62 2 2
1129 1662 51 62 2 1
1129 1713 19 62 2 3
1129 1732 38 41 2 1
1170 1732 22 21 2 3
1170 1754 16 21 2 2
1092 1128 44 99 2 3
1092 1172 72 99 2 3
950 1065 63 241 2 1
800 951 71 73 2 2
800 1022 43 73 2 3
873 951 114 101 2 1
974 951 114 71 2 2
1045 951 114 146 2 2
0 0 34 77 1 2
0 34 24 77 1 3
0 58 82 77 1 3
0 140 55 77 1 1
0 195 42 77 1 1
0 237 38 77 1 1
0 275 55 77 1 3
0 330 87 77 1 2
77 0 46 125 1 2
77 46 34 68 1 1
77 80 76 85 1 3
77 156 26 85 1 1
77 182 61 85 1 2
77 243 28 85 1 2
77 271 37 85 1 3
77 308 109 85 1 1
162 80 44 56 1 1
162 124 32 117 1 2
162 156 60 109 1 2
162 216 80 81 1 1
162 296 37 81 1 3
162 333 36 81 1 2
162 369 48 81 1 3
243 216 39 57 1 1
243 255 40 57 1 2
243 295 34 57 1 3
243 329 57 57 1 2
243 386 31 57 1 1
300 216 63 92 1 2
300 279 51 92 1 1
300 330 57 59 1 3
300 387 18 59 1 3
300 405 12 59 1 1
359 330 13 33 1 1
359 343 14 33 1 3
359 357 18 33 1 2
359 375 42 33 1 2
392 216 55 49 1 2
392 271 46 108 1 2
392 317 32 105 1 2
392 349 68 43 1 1
435 349 20 62 1 1
435 369 48 62 1 3
497 317 58 114 1 1
497 375 42 108 1 2
605 375 42 56 1 3
661 375 11 29 1 1
661 386 10 29 1 1
661 396 21 29 1 2
611 317 37 79 1 3
611 354 21 41 1 3
652 354 21 38 1 3
500 271 46 190 1 1
441 216 55 92 1 3
533 216 55 89 1 2
622 216 55 68 1 3
271 156 23 109 1 3
271 179 37 138 1 2
409 179 37 69 1 1
478 179 37 64 1 1
542 179 37 56 1 3
598 179 37 59 1 2
657 179 21 33 1 3
657 200 16 33 1 2
380 156 23 122 1 3
502 156 23 61 1 2
563 156 23 127 1 1
279 124 32 73 1 1
352 124 32 118 1 2
470 124 32 60 1 1
530 124 32 160 1 2
218 80 44 108 1 3
326 80 44 102 1 1
428 80 44 109 1 2
537 80 44 91 1 2
628 80 44 62 1 3
145 46 34 89 1 3
234 46 34 89 1 1
323 46 34 76 1 2
399 46 34 92 1 2
491 46 34 96 1 2
587 46 34 66 1 1
653 46 18 37 1 3
653 64 16 37 1 1
202 0 46 66 1 1
268 0 46 52 1 3
320 0 46 72 1 3
392 0 46 105 1 1
497 0 46 98 1 1
595 0 25 95 1 2
595 25 21 45 1 3
640 25 21 31 1 2
671 25 10 19 1 2
671 35 11 19 1 2
0 417 82 81 1 2
0 499 56 41 1 1
0 555 14 41 1 3
0 569 7 41 1 1
0 576 24 41 1 3
0 600 20 41 1 2
0 620 38 41 1 1
0 658 48 41 1 2
0 706 21 41 1 3
0 727 33 41 1 3
0 760 74 41 1 1
41 499 45 78 1 1
41 544 35 78 1 3
41 579 35 78 1 1
41 614 50 45 1 2
41 664 29 78 1 1
41 693 32 78 1 1
41 725 64 78 1 2
41 789 45 78 1 2
86 614 50 33 1 1
119 499 53 61 1 3
119 552 45 61 1 1
119 597 9 61 1 1
119 606 26 61 1 2
119 632 74 61 1 1
119 706 19 61 1 2
119 725 54 61 1 3
119 779 20 61 1 3
119 799 23 61 1 3
119 822 12 61 1 2
180 499 73 92 1 3
180 572 46 74 1 1
180 618 36 74 1 3
180 654 81 74 1 3
180 735 47 74 1 1
180 782 52 37 1 2
217 782 27 37 1 2
217 809 13 37 1 2
217 822 12 37 1 3
254 572 39 67 1 1
254 611 78 67 1 3
254 689 60 40 1 3
254 749 34 67 1 2
254 783 51 67 1 3
294 689 33 27 1 2
294 722 27 27 1 2
321 572 44 89 1 3
321 616 131 89 1 1
321 747 87 89 1 2
410 572 47 102 1 2
410 619 65 97 1 2
410 684 51 97 1 2
410 735 43 97 1 2
410 778 56 97 1 3
507 619 47 65 1 1
507 666 57 65 1 3
507 723 55 65 1 2
507 778 56 65 1 2
572 619 72 118 1 3
572 691 68 118 1 3
572 759 75 118 1 2
512 572 47 108 1 2
620 572 24 70 1 1
620 596 23 70 1 1
272 499 27 117 1 2
272 526 46 101 1 1
373 526 46 65 1 1
438 526 46 99 1 1
537 526 46 92 1 3
629 526 46 61 1 3
389 499 27 84 1 3
473 499 27 111 1 2
584 499 27 68 1 2
652 499 27 38 1 3
81 417 41 115 1 3
81 458 41 98 1 2
179 458 24 92 1 2
179 482 17 44 1 3
223 482 17 112 1 1
335 482 17 82 1 2
417 482 17 91 1 3
508 482 17 58 1 1
566 482 17 82 1 2
648 482 17 42 1 1
271 458 24 54 1 3
325 458 24 187 1 1
512 458 24 118 1 1
630 458 24 60 1 2
196 417 41 72 1 3
268 417 41 72 1 2
340 417 41 84 1 2
424 417 41 130 1 1
554 417 41 52 1 2
606 417 20 84 1 2
606 437 21 84 1 2
690 0 39 105 1 3
690 39 66 38 1 1
690 105 64 105 1 1
690 169 57 105 1 3
690 226 33 105 1 3
690 259 72 105 1 3
690 331 89 105 1 2
690 420 45 55 1 1
690 465 83 105 1 2
690 548 49 105 1 1
690 597 40 105 1 2
690 637 46 105 1 1
690 683 56 105 1 2
690 739 95 105 1 2
745 420 45 50 1 2
728 39 21 67 1 1
728 60 11 67 1 1
728 71 34 67 1 3
795 0 42 160 1 3
795 42 37 160 1 2
795 79 50 66 1 1
795 129 38 102 1 2
795 167 34 102 1 3
795 201 30 102 1 2
795 231 48 102 1 1
795 279 61 61 1 1
795 340 62 61 1 3
795 402 13 61 1 2
795 415 16 61 1 2
795 431 11 61 1 1
795 442 34 61 1 3
795 476 29 61 1 3
795 505 23 61 1 1
795 528 34 61 1 3
795 562 10 61 1 3
795 572 45 61 1 3
795 617 33 61 1 1
795 650 20 61 1 3
795 670 30 61 1 3
795 700 43 61 1 1
795 743 48 61 1 3
795 791 43 61 1 2
856 279 7 41 1 1
856 286 33 41 1 1
856 319 39 41 1 2
856 358 16 41 1 1
856 374 28 41 1 3
856 402 33 41 1 3
856 435 11 41 1 1
856 446 32 41 1 3
856 478 45 41 1 3
856 523 29 41 1 2
856 552 23 41 1 3
856 575 9 41 1 1
856 584 18 41 1 2
856 602 29 41 1 3
856 631 9 41 1 3
856 640 23 41 1 2
856 663 20 41 1 3
856 683 57 41 1 3
856 740 30 41 1 3
856 770 18 41 1 1
856 788 46 41 1 2
897 129 45 58 1 2
897 174 42 58 1 2
897 216 14 58 1 1
897 230 19 58 1 3
897 249 25 58 1 1
897 274 34 58 1 3
897 308 81 58 1 1
897 389 48 58 1 3
897 437 67 58 1 3
897 504 53 58 1 1
897 557 32 58 1 1
897 589 13 58 1 2
897 602 36 58 1 2
897 638 35 58 1 1
897 673 39 58 1 3
897 712 17 58 1 1
897 729 53 58 1 3
897 782 52 58 1 1
861 79 50 94 1 1
955 0 40 63 1 1
955 40 62 100 1 2
955 102 39 101 1 1
955 141 69 68 1 2
955 210 41 69 1 1
955 251 62 92 1 2
955 313 47 49 1 2
955 360 40 57 1 1
955 400 59 57 1 3
955 459 32 57 1 1
955 491 67 57 1 2
955 558 17 57 1 1
955 575 54 57 1 1
955 629 20 57 1 3
955 649 72 57 1 3
955 721 43 57 1 1
955 764 39 57 1 3
955 803 31 57 1 2
1012 360 50 100 1 1
1012 410 38 121 1 2
1012 448 28 81 1 2
1012 476 33 81 1 3
1012 509 22 81 1 2
1012 531 18 81 1 1
1012 549 50 49 1 3
1012 599 18 49 1 1
1012 617 13 49 1 3
1012 630 37 49 1 2
1012 667 18 49 1 2
1012 685 18 49 1 2
1012 703 45 49 1 1
1012 748 33 49 1 1
1012 781 20 49 1 2
1012 801 19 49 1 3
1012 820 14 32 1 2
1044 820 9 17 1 1
1044 829 5 17 1 3
1061 549 15 32 1 2
1061 564 12 32 1 3
1061 576 18 32 1 2
1061 594 28 32 1 2
1061 622 20 32 1 2
1061 642 29 32 1 3
1061 671 24 32 1 1
1061 695 29 32 1 1
1061 724 34 32 1 1
1061 758 12 32 1 2
1061 770 40 32 1 2
1061 810 24 32 1 2
1093 448 88 127 1 1
1093 536 41 60 1 2
1093 577 24 60 1 1
1093 601 76 60 1 2
1093 677 67 60 1 3
1093 744 37 60 1 2
1093 781 24 60 1 1
1093 805 29 60 1 2
1153 536 42 67 1 1
1153 578 25 67 1 1
1153 603 59 67 1 1
1153 662 46 67 1 1
1153 708 17 67 1 3
1153 725 62 67 1 2
1153 787 31 67 1 3
1153 818 16 67 1 3
1133 410 38 56 1 2
1189 410 22 31 1 2
1189 432 16 31 1 2
1112 360 50 51 1 1
1163 360 22 57 1 3
1163 382 28 57 1 2
1004 313 47 117 1 2
1121 313 25 99 1 1
1121 338 22 57 1 2
1178 338 22 42 1 3
1047 251 28 173 1 2
1047 279 34 72 1 2
1119 279 34 101 1 3
1024 210 41 80 1 1
1104 210 41 116 1 1
1023 141 32 81 1 2
1023 173 37 81 1 2
1104 141 69 71 1 2
1175 141 9 45 1 2
1175 150 22 45 1 1
1175 172 38 45 1 2
1056 102 39 60 1 3
1116 102 39 104 1 2
1055 40 62 68 1 1
1123 40 62 64 1 3
1187 40 17 33 1 1
1187 57 19 33 1 3
1187 76 9 33 1 3
1187 85 17 33 1 1
1018 0 40 47 1 1
1065 0 40 79 1 2
1144 0 40 76 1 1
690 834 56 61 1 3
690 890 35 65 1 2
690 925 36 65 1 1
690 961 44 65 1 1
690 1005 55 65 1 2
690 1060 16 65 1 1
690 1076 22 65 1 3
690 1098 20 65 1 3
690 1118 21 65 1 1
690 1139 98 65 1 1
755 890 48 103 1 1
755 938 23 103 1 3
755 961 42 68 1 2
755 1003 41 68 1 1
755 1044 33 68 1 3
755 1077 60 68 1 2
755 1137 100 68 1 3
823 961 23 35 1 2
823 984 13 35 1 1
823 997 32 35 1 1
823 1029 30 35 1 1
823 1059 9 35 1 2
823 1068 29 35 1 1
823 1097 18 35 1 3
823 1115 57 35 1 1
823 1172 28 35 1 3
823 1200 37 35 1 2
858 890 50 67 1 3
858 940 41 67 1 1
858 981 30 67 1 2
858 1011 54 67 1 2
858 1065 13 67 1 2
858 1078 17 67 1 3
858 1095 41 67 1 1
858 1136 59 67 1 3
858 1195 42 67 1 1
925 890 55 57 1 3
925 945 55 102 1 2
925 1000 19 134 1 3
925 1019 57 93 1 2
925 1076 33 93 1 3
925 1109 52 93 1 1
925 1161 76 93 1 3
1018 1019 38 66 1 3
1018 1057 43 66 1 2
1018 1100 16 66 1 2
1018 1116 55 41 1 1
1018 1171 66 41 1 2
1059 1116 10 25 1 3
1059 1126 24 25 1 2
1059 1150 10 25 1 2
1059 1160 16 25 1 1
1059 1176 15 25 1 2
1059 1191 19 25 1 1
1059 1210 16 25 1 1
1059 1226 11 25 1 3
1084 1019 107 136 1 2
1084 1126 111 136 1 2
1059 1000 19 46 1 3
1105 1000 19 115 1 3
1027 945 29 84 1 1
1027 974 26 64 1 3
1091 974 26 81 1 1
1172 974 26 48 1 2
1111 945 29 109 1 2
982 890 55 105 1 1
1087 890 55 133 1 3
751 834 56 69 1 1
820 834 34 123 1 3
820 868 22 53 1 3
873 868 22 70 1 1
943 834 56 78 1 2
1021 834 56 69 1 3
1090 834 56 130 1 3
690 1237 55 79 1 3
690 1292 55 79 1 1
690 1347 47 79 1 2
690 1394 49 47 1 1
690 1443 11 47 1 1
690 1454 36 47 1 3
690 1490 28 47 1 3
690 1518 26 47 1 2
690 1544 24 47 1 2
690 1568 32 47 1 1
690 1600 40 47 1 1
737 1394 26 32 1 3
737 1420 22 32 1 1
737 1442 26 32 1 3
737 1468 29 32 1 2
737 1497 22 32 1 2
737 1519 21 32 1 2
737 1540 26 32 1 3
737 1566 25 32 1 2
737 1591 13 32 1 2
737 1604 36 32 1 2
769 1237 85 77 1 3
769 1322 43 77 1 3
769 1365 16 77 1 1
769 1381 61 77 1 2
769 1442 42 77 1 3
769 1484 85 77 1 3
769 1569 39 77 1 1
769 1608 32 51 1 2
820 1608 32 26 1 2
846 1237 33 101 1 3
846 1270 53 59 1 1
846 1323 31 86 1 3
846 1354 67 95 1 1
846 1421 20 95 1 3
846 1441 34 95 1 3
846 1475 13 95 1 1
846 1488 88 95 1 1
846 1576 38 95 1 2
846 1614 26 57 1 2
903 1614 26 38 1 1
941 1354 38 158 1 1
941 1392 37 144 1 1
941 1429 72 91 1 3
941 1501 31 91 1 3
941 1532 68 91 1 2
941 1600 40 91 1 3
1032 1429 53 188 1 2
1032 1482 57 116 1 2
1032 1539 41 55 1 2
1032 1580 60 188 1 1
1087 1539 41 133 1 3
1148 1482 57 72 1 2
1085 1392 37 135 1 1
1099 1354 38 121 1 2
932 1323 31 84 1 2
1016 1323 31 88 1 2
1104 1323 31 55 1 2
1159 1323 11 61 1 1
1159 1334 20 34 1 3
1193 1334 9 27 1 2
1193 1343 11 27 1 2
905 1270 53 84 1 1
989 1270 53 49 1 3
1038 1270 53 113 1 2
1151 1270 20 69 1 3
1151 1290 33 69 1 3
947 1237 33 117 1 3
1064 1237 33 91 1 1
1155 1237 33 43 1 1
1198 1237 5 22 1 2
1198 1242 9 22 1 2
1198 1251 9 22 1 1
1198 1260 5 22 1 3
1198 1265 5 11 1 1
1209 1265 3 11 1 2
1209 1268 2 7 1 1
1216 1268 1 4 1 2
1216 1269 1 4 1 3
0 834 37 174 1 2
0 871 76 86 1 2
0 947 78 70 1 3
0 1025 80 76 1 1
0 1105 43 93 1 3
0 1148 44 93 1 3
0 1192 39 93 1 1
0 1231 80 93 1 3
0 1311 50 93 1 3
0 1361 82 60 1 2
0 1443 48 47 1 1
0 1491 22 47 1 1
0 1513 39 47 1 1
0 1552 24 47 1 3
0 1576 38 47 1 3
0 1614 26 47 1 1
47 1443 23 46 1 2
47 1466 13 46 1 2
47 1479 30 46 1 2
47 1509 17 46 1 1
47 1526 41 46 1 1
47 1567 34 46 1 1
47 1601 22 46 1 1
47 1623 9 46 1 1
47 1632 8 46 1 1
60 1361 30 33 1 1
60 1391 28 33 1 3
60 1419 7 33 1 1
60 1426 17 33 1 2
93 1105 79 81 1 3
93 1184 30 81 1 2
93 1214 37 81 1 3
93 1251 46 50 1 2
93 1297 73 81 1 3
93 1370 74 81 1 1
93 1444 26 81 1 3
93 1470 32 81 1 1
93 1502 24 81 1 1
93 1526 114 81 1 3
143 1251 10 31 1 1
143 1261 12 31 1 1
143 1273 10 31 1 3
143 1283 14 31 1 2
76 1025 24 98 1 1
76 1049 36 61 1 2
76 1085 20 39 1 1
115 1085 9 22 1 2
115 1094 6 22 1 3
115 1100 5 13 1 3
128 1100 5 9 1 2
137 1049 20 37 1 2
137 1069 36 37 1 1
70 947 78 104 1 2
86 871 49 88 1 1
86 920 27 88 1 1
174 834 43 171 1 3
174 877 67 98 1 1
174 944 20 98 1 3
174 964 26 98 1 2
174 990 52 44 1 1
174 1042 40 98 1 2
174 1082 86 98 1 2
174 1168 54 42 1 3
174 1222 36 42 1 1
174 1258 20 42 1 1
174 1278 31 42 1 3
174 1309 14 42 1 3
174 1323 28 42 1 3
174 1351 16 42 1 2
174 1367 11 42 1 3
174 1378 25 42 1 3
174 1403 62 42 1 1
174 1465 45 42 1 1
174 1510 29 42 1 3
174 1539 60 42 1 1
174 1599 41 42 1 1
216 1168 71 56 1 3
216 1239 48 56 1 1
216 1287 30 56 1 3
216 1317 11 56 1 3
216 1328 50 56 1 1
216 1378 18 56 1 2
216 1396 66 56 1 2
216 1462 21 56 1 3
216 1483 58 56 1 2
216 1541 13 56 1 1
216 1554 53 56 1 3
216 1607 33 56 1 2
218 990 19 54 1 3
218 1009 33 54 1 3
272 877 30 73 1 1
272 907 22 73 1 2
272 929 110 73 1 3
272 1039 73 73 1 3
272 1112 18 73 1 2
272 1130 67 73 1 3
272 1197 25 73 1 1
272 1222 74 73 1 3
272 1296 74 73 1 3
272 1370 47 73 1 3
272 1417 45 73 1 2
272 1462 63 73 1 3
272 1525 65 73 1 3
272 1590 50 73 1 1
345 834 29 100 1 3
345 863 25 100 1 3
345 888 64 100 1 2
345 952 57 100 1 3
345 1009 121 100 1 2
345 1130 41 100 1 1
345 1171 85 100 1 3
345 1256 28 100 1 3
345 1284 125 100 1 1
345 1409 24 100 1 2
345 1433 43 100 1 3
345 1476 102 59 1 3
345 1578 16 59 1 1
345 1594 46 59 1 3
404 1476 10 41 1 1
404 1486 20 41 1 1
404 1506 38 41 1 3
404 1544 11 41 1 2
404 1555 32 41 1 3
404 1587 9 41 1 3
404 1596 14 41 1 3
404 1610 16 41 1 2
404 1626 14 41 1 3
445 834 39 58 1 1
445 873 38 58 1 2
445 911 32 58 1 2
445 943 14 58 1 1
445 957 62 58 1 2
445 1019 9 58 1 2
445 1028 56 58 1 3
445 1084 46 58 1 2
445 1130 39 58 1 3
445 1169 13 58 1 1
445 1182 37 58 1 3
445 1219 10 58 1 3
445 1229 37 58 1 2
445 1266 46 58 1 1
445 1312 33 58 1 2
445 1345 56 58 1 3
445 1401 29 58 1 1
445 1430 40 58 1 3
445 1470 30 58 1 3
445 1500 16 58 1 2
445 1516 72 58 1 2
445 1588 15 58 1 3
445 1603 37 58 1 1
503 834 68 98 1 3
503 902 40 56 1 1
503 942 12 56 1 2
503 954 45 56 1 3
503 999 36 56 1 3
503 1035 51 56 1 1
503 1086 17 56 1 2
503 1103 60 56 1 3
503 1163 36 56 1 1
503 1199 62 56 1 1
503 1261 31 56 1 2
503 1292 46 56 1 1
503 1338 21 56 1 2
503 1359 21 56 1 3
503 1380 18 56 1 3
503 1398 44 56 1 2
503 1442 24 56 1 1
503 1466 21 56 1 3
503 1487 8 56 1 3
503 1495 24 56 1 2
503 1519 40 56 1 2
503 1559 18 56 1 3
503 1577 37 56 1 1
503 1614 26 56 1 2
559 902 18 42 1 2
559 920 26 42 1 2
559 946 16 42 1 1
559 962 21 42 1 1
559 983 16 42 1 2
559 999 34 42 1 3
559 1033 31 42 1 1
559 1064 11 42 1 2
559 1075 42 42 1 2
559 1117 26 42 1 2
559 1143 6 42 1 2
559 1149 22 42 1 1
559 1171 34 42 1 3
559 1205 24 42 1 3
559 1229 33 42 1 1
559 1262 39 42 1 3
559 1301 7 42 1 3
559 1308 16 42 1 2
559 1324 29 42 1 2
559 1353 18 42 1 3
559 1371 36 42 1 2
559 1407 17 42 1 3
559 1424 24 42 1 1
559 1448 27 42 1 3
559 1475 19 42 1 3
559 1494 27 42 1 3
559 1521 19 42 1 3
559 1540 20 42 1 3
559 1560 29 42 1 2
559 1589 24 42 1 3
559 1613 27 42 1 3
601 834 74 89 1 1
601 908 37 89 1 2
601 945 70 89 1 3
601 1015 34 89 1 3
601 1049 28 89 1 3
601 1077 20 89 1 2
601 1097 17 89 1 1
601 1114 48 89 1 1
601 1162 54 89 1 1
601 1216 15 89 1 1
601 1231 61 89 1 1
601 1292 96 89 1 1
601 1388 20 89 1 2
601 1408 20 89 1 2
601 1428 47 48 1 1
601 1475 22 48 1 2
601 1497 31 48 1 3
601 1528 32 48 1 2
601 1560 20 48 1 1
601 1580 32 48 1 1
601 1612 28 48 1 3
649 1428 40 41 1 3
649 1468 53 41 1 1
649 1521 44 41 1 1
649 1565 22 41 1 2
649 1587 16 41 1 1
649 1603 37 41 1 2
0 0 48 114 1 1
0 48 22 114 1 1
0 70 60 67 1 1
0 130 25 67 1 1
0 155 19 67 1 1
0 174 20 67 1 1
0 194 34 67 1 3
0 228 29 67 1 1
0 257 58 67 1 3
0 315 47 67 1 2
0 362 21 67 1 2
0 383 62 67 1 1
0 445 45 67 1 3
0 490 57 67 1 2
0 547 66 67 1 3
0 613 35 43 1 1
43 613 35 24 1 1
67 70 32 47 1 3
67 102 17 47 1 1
67 119 56 47 1 1
67 175 24 47 1 3
67 199 19 47 1 1
67 218 7 47 1 3
67 225 37 47 1 3
67 262 9 47 1 1
67 271 10 47 1 2
67 281 22 47 1 1
67 303 40 47 1 3
67 343 28 47 1 1
67 371 33 47 1 2
67 404 64 47 1 2
67 468 46 47 1 3
67 514 28 47 1 2
67 542 16 47 1 1
67 558 14 47 1 2
67 572 14 47 1 1
67 586 24 47 1 3
67 610 12 47 1 2
67 622 26 47 1 2
114 0 30 84 1 1
114 30 51 122 1 1
114 81 39 54 1 1
114 120 36 61 1 1
114 156 47 133 1 2
114 203 41 56 1 2
114 244 27 56 1 1
114 271 33 56 1 3
114 304 36 56 1 3
114 340 48 56 1 1
114 388 78 56 1 2
114 466 58 56 1 2
114 524 24 56 1 2
114 548 100 56 1 2
170 203 41 77 1 2
170 244 28 77 1 3
170 272 21 77 1 2
170 293 50 77 1 3
170 343 59 77 1 2
170 402 40 77 1 1
170 442 79 77 1 1
170 521 59 77 1 3
170 580 38 77 1 3
170 618 30 77 1 3
247 156 28 75 1 3
247 184 47 51 1 1
247 231 52 46 1 3
247 283 46 46 1 1
247 329 47 46 1 1
247 376 23 46 1 1
247 399 20 46 1 2
247 419 26 46 1 2
247 445 31 46 1 3
247 476 22 46 1 3
247 498 40 46 1 1
247 538 62 46 1 1
247 600 16 46 1 1
247 616 9 46 1 1
247 625 23 46 1 1
293 231 42 72 1 2
293 273 21 72 1 2
293 294 24 72 1 3
293 318 17 72 1 3
293 335 25 72 1 1
293 360 55 72 1 2
293 415 84 72 1 1
293 499 35 72 1 3
293 534 66 72 1 3
293 600 15 72 1 3
293 615 33 72 1 2
298 184 47 43 1 3
341 184 16 24 1 3
341 200 31 24 1 2
322 156 12 43 1 2
322 168 16 43 1 2
175 120 36 48 1 1
223 120 36 60 1 3
283 120 36 82 1 3
168 81 39 69 1 1
237 81 39 49 1 3
286 81 39 79 1 2
236 30 51 129 1 1
198 0 30 54 1 1
252 0 30 64 1 1
316 0 30 49 1 3
0 648 35 135 1 2
0 683 27 97 1 1
0 710 17 97 1 1
0 727 56 97 1 2
0 783 76 97 1 3
0 859 43 97 1 2
0 902 72 97 1 3
0 974 69 97 1 1
0 1043 36 97 1 2
0 1079 20 97 1 1
0 1099 49 53 1 1
0 1148 26 53 1 1
0 1174 23 53 1 3
0 1197 47 53 1 2
0 1244 52 53 1 2
53 1099 18 44 1 2
53 1117 19 44 1 3
53 1136 14 44 1 2
53 1150 26 44 1 2
53 1176 33 44 1 2
53 1209 42 44 1 3
53 1251 19 44 1 3
53 1270 26 44 1 2
97 683 37 168 1 3
97 720 57 108 1 1
97 777 33 62 1 2
97 810 37 166 1 3
97 847 49 91 1 1
97 896 45 59 1 3
97 941 34 100 1 2
97 975 37 133 1 2
97 1012 73 82 1 1
97 1085 51 133 1 2
97 1136 57 60 1 1
97 1193 64 60 1 3
97 1257 39 60 1 3
157 1136 51 73 1 1
157 1187 57 73 1 3
157 1244 31 73 1 1
157 1275 21 73 1 3
179 1012 22 51 1 3
179 1034 18 51 1 1
179 1052 11 51 1 3
179 1063 22 51 1 2
230 975 85 135 1 2
230 1060 50 87 1 2
230 1110 45 49 1 1
230 1155 86 87 1 1
230 1241 55 87 1 2
279 1110 9 38 1 2
279 1119 36 38 1 2
317 1060 32 48 1 3
317 1092 50 48 1 2
317 1142 20 48 1 2
317 1162 43 48 1 3
317 1205 15 48 1 2
317 1220 14 48 1 1
317 1234 36 48 1 3
317 1270 26 48 1 1
197 941 34 62 1 2
259 941 34 106 1 3
156 896 45 67 1 2
223 896 45 142 1 3
188 847 49 177 1 3
263 810 37 62 1 3
325 810 37 40 1 2
159 777 33 100 1 3
259 777 33 60 1 3
319 777 11 46 1 2
319 788 14 46 1 1
319 802 8 27 1 1
346 802 8 19 1 2
205 720 57 83 1 2
288 720 57 49 1 3
337 720 10 28 1 2
337 730 5 28 1 2
337 735 14 28 1 3
337 749 28 28 1 2
265 683 37 58 1 3
323 683 37 42 1 1
135 648 35 89 1 2
224 648 35 85 1 1
309 648 18 56 1 3
309 666 17 32 1 1
341 666 17 24 1 3
365 0 67 74 1 3
365 67 25 74 1 3
365 92 17 74 1 2
365 109 32 74 1 1
365 141 41 74 1 2
365 182 33 74 1 3
365 215 20 74 1 2
365 235 13 74 1 2
365 248 44 74 1 2
365 292 53 74 1 3
365 345 33 74 1 1
365 378 52 46 1 2
365 430 48 46 1 3
365 478 6 46 1 2
365 484 46 46 1 1
365 530 30 46 1 1
365 560 50 46 1 3
365 610 15 46 1 3
365 625 28 46 1 2
365 653 16 46 1 3
365 669 7 46 1 2
365 676 19 46 1 3
365 695 42 46 1 1
365 737 51 46 1 2
365 788 34 46 1 3
365 822 39 46 1 3
365 861 17 46 1 2
365 878 16 46 1 1
365 894 47 46 1 1
365 941 32 46 1 1
365 973 14 46 1 3
365 987 56 46 1 3
365 1043 23 46 1 2
365 1066 18 46 1 1
365 1084 44 46 1 2
365 1128 34 46 1 1
365 1162 23 46 1 3
365 1185 25 46 1 1
365 1210 29 46 1 3
365 1239 15 46 1 3
365 1254 23 46 1 2
365 1277 19 27 1 2
392 1277 5 19 1 3
392 1282 14 19 1 2
411 378 10 28 1 3
411 388 15 28 1 3
411 403 36 28 1 2
411 439 24 28 1 1
411 463 29 28 1 1
411 492 24 28 1 1
411 516 12 28 1 2
411 528 10 28 1 2
411 538 19 28 1 1
411 557 33 28 1 1
411 590 28 28 1 2
411 618 30 28 1 1
411 648 11 28 1 2
411 659 14 28 1 1
411 673 22 28 1 2
411 695 14 28 1 3
411 709 17 28 1 2
411 726 28 28 1 3
411 754 13 28 1 2
411 767 29 28 1 3
411 796 17 28 1 3
411 813 8 28 1 1
411 821 18 28 1 1
411 839 34 28 1 1
411 873 25 28 1 3
411 898 20 28 1 3
411 918 10 28 1 3
411 928 9 28 1 1
411 937 9 28 1 1
411 946 18 28 1 2
411 964 23 28 1 2
411 987 14 28 1 3
411 1001 13 28 1 3
411 1014 16 28 1 2
411 1030 12 28 1 2
411 1042 23 28 1 3
411 1065 10 28 1 2
411 1075 26 28 1 1
411 1101 17 28 1 1
411 1118 8 28 1 1
411 1126 6 28 1 2
411 1132 21 28 1 3
411 1153 8 28 1 1
411 1161 7 28 1 2
411 1168 14 28 1 2
411 1182 10 28 1 1
411 1192 19 28 1 3
411 1211 14 28 1 3
411 1225 15 28 1 2
411 1240 28 28 1 2
411 1268 28 28 1 1
439 0 36 123 1 2
439 36 75 123 1 1
439 111 27 123 1 3
439 138 21 123 1 3
439 159 43 123 1 1
439 202 51 45 1 2
439 253 14 45 1 1
439 267 35 45 1 1
439 302 35 45 1 1
439 337 14 45 1 2
439 351 13 45 1 2
439 364 35 45 1 2
439 399 8 45 1 3
439 407 40 45 1 3
439 447 41 45 1 2
439 488 26 45 1 2
439 514 9 45 1 3
439 523 12 45 1 3
439 535 26 45 1 1
439 561 27 45 1 1
439 588 24 45 1 1
439 612 53 45 1 1
439 665 19 45 1 1
439 684 35 45 1 2
439 719 27 45 1 1
439 746 36 45 1 2
439 782 44 45 1 2
439 826 20 45 1 2
439 846 26 45 1 3
439 872 32 45 1 1
439 904 18 45 1 3
439 922 31 45 1 2
439 953 37 45 1 3
439 990 30 45 1 3
439 1020 31 45 1 2
439 1051 44 45 1 1
439 1095 29 45 1 3
439 1124 27 45 1 2
439 1151 27 45 1 1
439 1178 33 45 1 2
439 1211 24 45 1 3
439 1235 38 45 1 1
439 1273 23 45 1 1
484 202 18 78 1 3
484 220 34 78 1 1
484 254 55 78 1 1
484 309 20 78 1 1
484 329 53 78 1 3
484 382 19 78 1 3
484 401 60 78 1 2
484 461 31 78 1 2
484 492 55 78 1 1
484 547 66 78 1 1
484 613 74 78 1 1
484 687 20 78 1 2
484 707 54 78 1 2
484 761 37 78 1 3
484 798 48 78 1 2
484 846 74 78 1 1
484 920 66 78 1 2
484 986 53 78 1 3
484 1039 20 78 1 3
484 1059 39 78 1 3
484 1098 68 78 1 1
484 1166 24 78 1 2
484 1190 19 78 1 3
484 1209 23 78 1 2
484 1232 41 78 1 2
484 1273 23 78 1 2
562 0 41 92 1 1
562 41 34 60 1 1
562 75 18 60 1 1
562 93 16 60 1 1
562 109 19 60 1 1
562 128 11 60 1 1
562 139 59 60 1 1
562 198 95 60 1 2
562 293 53 60 1 3
562 346 20 60 1 1
562 366 20 60 1 1
562 386 47 60 1 2
562 433 76 60 1 3
562 509 8 60 1 2
562 517 18 60 1 2
562 535 62 60 1 3
562 597 27 60 1 1
562 624 50 60 1 1
562 674 48 60 1 1
562 722 55 38 1 1
562 777 14 38 1 2
562 791 14 38 1 2
562 805 11 38 1 2
562 816 8 38 1 1
562 824 13 38 1 3
562 837 36 38 1 3
562 873 36 38 1 3
562 909 11 38 1 1
562 920 32 38 1 1
562 952 16 38 1 2
562 968 16 38 1 1
562 984 27 38 1 1
562 1011 37 38 1 1
562 1048 23 38 1 1
562 1071 15 38 1 3
562 1086 38 38 1 1
562 1124 30 38 1 1
562 1154 14 38 1 2
562 1168 23 38 1 3
562 1191 31 38 1 2
562 1222 28 38 1 2
562 1250 46 38 1 1
600 722 20 22 1 3
600 742 9 22 1 1
600 751 14 22 1 2
600 765 13 22 1 1
600 778 11 22 1 1
600 789 7 22 1 1
600 796 7 22 1 2
600 803 16 22 1 1
600 819 10 22 1 2
600 829 11 22 1 3
600 840 7 22 1 1
600 847 13 22 1 1
600 860 29 22 1 2
600 889 14 22 1 1
600 903 8 22 1 3
600 911 22 22 1 3
600 933 4 22 1 1
600 937 21 22 1 2
600 958 9 22 1 2
600 967 20 22 1 1
600 987 19 22 1 2
600 1006 8 22 1 2
600 1014 7 22 1 3
600 1021 11 22 1 1
600 1032 15 22 1 3
600 1047 15 22 1 3
600 1062 8 22 1 1
600 1070 5 22 1 2
600 1075 20 22 1 2
600 1095 21 22 1 1
600 1116 16 22 1 3
600 1132 4 22 1 3
600 1136 3 22 1 1
600 1139 6 22 1 3
600 1145 19 22 1 2
600 1164 23 22 1 3
600 1187 20 22 1 3
600 1207 12 22 1 3
600 1219 15 22 1 3
600 1234 13 22 1 3
600 1247 24 22 1 1
600 1271 5 22 1 3
600 1276 13 22 1 2
600 1289 7 22 1 3
622 41 33 63 1 1
622 74 64 63 1 2
622 138 18 63 1 1
622 156 32 63 1 3
622 188 45 63 1 3
622 233 42 63 1 3
622 275 53 63 1 2
622 328 36 63 1 3
622 364 43 63 1 1
622 407 37 63 1 1
622 444 59 63 1 2
622 503 16 63 1 2
622 519 23 63 1 2
622 542 38 63 1 3
622 580 40 63 1 1
622 620 37 63 1 2
622 657 47 63 1 2
622 704 44 63 1 2
622 748 15 63 1 2
622 763 9 63 1 2
622 772 24 63 1 1
622 796 45 63 1 2
622 841 19 63 1 3
622 860 38 63 1 3
622 898 84 63 1 3
622 982 37 63 1 2
622 1019 66 63 1 1
622 1085 57 63 1 1
622 1142 32 63 1 3
622 1174 54 63 1 1
622 1228 30 63 1 3
622 1258 13 63 1 1
622 1271 25 39 1 3
661 1271 12 24 1 1
661 1283 4 24 1 1
661 1287 9 24 1 3
685 41 31 75 1 3
685 72 72 75 1 2
685 144 72 75 1 2
685 216 31 75 1 1
685 247 38 75 1 3
685 285 26 75 1 1
685 311 39 75 1 1
685 350 56 75 1 1
685 406 45 75 1 2
685 451 32 75 1 2
685 483 65 75 1 1
685 548 46 75 1 3
685 594 17 75 1 1
685 611 30 75 1 2
685 641 29 75 1 3
685 670 61 75 1 1
685 731 40 75 1 3
685 771 48 75 1 1
685 819 38 75 1 2
685 857 70 75 1 3
685 927 29 75 1 2
685 956 31 75 1 2
685 987 66 75 1 1
685 1053 46 75 1 1
685 1099 33 75 1 3
685 1132 27 75 1 2
685 1159 76 75 1 1
685 1235 34 75 1 1
685 1269 27 75 1 3
654 0 41 62 1 1
716 0 15 44 1 3
716 15 26 44 1 3
365 1296 28 80 1 1
365 1324 50 80 1 3
365 1374 38 80 1 1
365 1412 20 80 1 3
365 1432 63 80 1 1
365 1495 52 80 1 3
365 1547 54 80 1 2
365 1601 51 80 1 3
365 1652 29 80 1 3
365 1681 32 80 1 2
365 1713 50 80 1 3
365 1763 24 80 1 3
365 1787 45 80 1 1
365 1832 46 80 1 3
445 1296 50 88 1 1
445 1346 41 51 1 2
445 1387 16 134 1 2
445 1403 96 65 1 2
445 1499 42 134 1 2
445 1541 43 50 1 3
445 1584 57 50 1 2
445 1641 15 50 1 3
445 1656 46 50 1 1
445 1702 26 50 1 3
445 1728 25 50 1 1
445 1753 24 50 1 1
445 1777 32 50 1 1
445 1809 69 50 1 2
495 1541 32 84 1 1
495 1573 55 84 1 1
495 1628 18 84 1 3
495 1646 55 84 1 3
495 1701 33 84 1 1
495 1734 27 84 1 1
495 1761 47 44 1 3
495 1808 29 44 1 1
495 1837 41 44 1 1
539 1761 10 40 1 1
539 1771 14 40 1 3
539 1785 21 40 1 3
539 1806 11 40 1 3
539 1817 8 40 1 1
539 1825 8 40 1 2
539 1833 6 40 1 1
539 1839 39 40 1 3
510 1403 43 69 1 3
510 1446 53 69 1 1
579 1387 36 79 1 2
579 1423 62 79 1 3
579 1485 31 79 1 1
579 1516 32 79 1 1
579 1548 36 79 1 1
579 1584 69 45 1 1
579 1653 61 45 1 1
579 1714 32 45 1 2
579 1746 44 45 1 2
579 1790 53 45 1 3
579 1843 35 45 1 2
624 1584 51 34 1 1
624 1635 33 34 1 2
624 1668 16 34 1 1
624 1684 22 34 1 3
624 1706 23 34 1 1
624 1729 17 34 1 1
624 1746 7 34 1 3
624 1753 45 34 1 3
624 1798 23 34 1 1
624 1821 26 34 1 2
624 1847 31 34 1 1
658 1387 61 52 1 2
658 1448 18 102 1 3
658 1466 61 102 1 1
658 1527 45 50 1 1
658 1572 14 50 1 1
658 1586 26 50 1 3
658 1612 55 50 1 3
658 1667 48 50 1 2
658 1715 51 50 1 2
658 1766 14 50 1 2
658 1780 18 50 1 1
658 1798 33 50 1 3
658 1831 47 50 1 3
708 1527 21 52 1 1
708 1548 37 52 1 2
708 1585 25 52 1 1
708 1610 22 52 1 3
708 1632 29 52 1 1
708 1661 66 52 1 2
708 1727 32 52 1 2
708 1759 30 52 1 1
708 1789 27 52 1 2
708 1816 62 52 1 1
710 1387 38 50 1 2
710 1425 23 50 1 2
496 1346 41 42 1 1
538 1346 41 85 1 1
623 1346 41 137 1 2
533 1296 50 61 1 3
594 1296 50 53 1 2
647 1296 50 57 1 2
704 1296 7 56 1 1
704 1303 43 56 1 1
365 1878 78 67 1 2
365 1956 68 42 1 2
365 2024 23 42 1 3
365 2047 18 42 1 2
365 2065 24 42 1 2
365 2089 42 42 1 1
365 2131 21 42 1 2
365 2152 19 42 1 1
365 2171 22 42 1 2
365 2193 35 42 1 3
365 2228 36 42 1 1
365 2264 16 42 1 2
365 2280 57 42 1 1
365 2337 48 42 1 2
365 2385 10 42 1 2
365 2395 40 42 1 1
365 2435 25 42 1 2
407 1956 42 89 1 2
407 1998 51 43 1 2
407 2049 40 59 1 1
407 2089 47 89 1 1
407 2136 47 51 1 1
407 2183 24 51 1 1
407 2207 18 51 1 2
407 2225 61 51 1 2
407 2286 27 51 1 1
407 2313 32 51 1 1
407 2345 15 51 1 3
407 2360 34 51 1 2
407 2394 33 51 1 3
407 2427 33 51 1 3
458 2136 19 38 1 3
458 2155 24 38 1 2
458 2179 12 38 1 3
458 2191 33 38 1 2
458 2224 33 38 1 1
458 2257 21 38 1 2
458 2278 41 38 1 2
458 2319 28 38 1 2
458 2347 28 38 1 2
458 2375 13 38 1 2
458 2388 33 38 1 1
458 2421 9 38 1 3
458 2430 30 38 1 1
466 2049 13 30 1 1
466 2062 27 30 1 2
450 1998 51 46 1 3
496 1956 53 83 1 2
496 2009 30 85 1 1
496 2039 48 122 1 2
496 2087 29 122 1 2
496 2116 33 122 1 3
496 2149 89 60 1 2
496 2238 19 60 1 3
496 2257 31 60 1 3
496 2288 54 60 1 1
496 2342 19 60 1 2
496 2361 40 60 1 3
496 2401 36 60 1 3
496 2437 23 60 1 3
556 2149 66 62 1 2
556 2215 40 62 1 1
556 2255 48 62 1 3
556 2303 40 62 1 1
556 2343 17 62 1 1
556 2360 23 62 1 2
556 2383 20 62 1 3
556 2403 57 62 1 1
618 2039 48 51 1 2
618 2087 59 72 1 3
618 2146 85 72 1 1
618 2231 55 72 1 1
618 2286 52 72 1 1
618 2338 19 72 1 2
618 2357 28 72 1 2
618 2385 75 72 1 2
690 2087 18 70 1 3
690 2105 65 46 1 1
690 2170 29 46 1 3
690 2199 26 46 1 1
690 2225 41 46 1 1
690 2266 36 46 1 3
690 2302 25 46 1 2
690 2327 28 46 1 2
690 2355 48 46 1 2
690 2403 6 46 1 1
690 2409 29 46 1 3
690 2438 22 46 1 3
736 2105 29 24 1 2
736 2134 8 24 1 3
736 2142 24 24 1 3
736 2166 11 24 1 1
736 2177 21 24 1 2
736 2198 16 24 1 1
736 2214 8 24 1 3
736 2222 15 24 1 3
736 2237 18 24 1 3
736 2255 5 24 1 3
736 2260 12 24 1 3
736 2272 28 24 1 3
736 2300 17 24 1 2
736 2317 9 24 1 3
736 2326 4 24 1 2
736 2330 6 24 1 2
736 2336 12 24 1 1
736 2348 9 24 1 2
736 2357 5 24 1 2
736 2362 25 24 1 2
736 2387 29 24 1 3
736 2416 6 24 1 1
736 2422 8 24 1 2
736 2430 30 24 1 2
669 2039 29 91 1 3
669 2068 19 47 1 2
716 2068 19 44 1 3
581 2009 30 73 1 1
654 2009 30 59 1 3
713 2009 30 47 1 1
579 1956 53 103 1 3
682 1956 53 78 1 1
432 1878 78 74 1 2
506 1878 36 74 1 1
506 1914 42 86 1 3
592 1914 42 76 1 3
668 1914 42 92 1 3
580 1878 36 79 1 1
659 1878 36 101 1 2
0 1296 57 108 1 3
0 1353 42 50 1 1
0 1395 63 93 1 2
0 1458 30 73 1 3
0 1488 82 64 1 2
0 1570 40 64 1 2
0 1610 28 64 1 3
0 1638 19 64 1 1
0 1657 13 64 1 3
0 1670 23 64 1 3
0 1693 52 64 1 3
0 1745 79 64 1 3
0 1824 21 64 1 2
0 1845 44 64 1 1
0 1889 17 64 1 1
0 1906 53 64 1 3
0 1959 80 64 1 2
0 2039 67 64 1 2
0 2106 46 64 1 1
0 2152 60 64 1 1
0 2212 21 64 1 3
0 2233 50 64 1 3
0 2283 62 64 1 3
0 2345 49 64 1 3
0 2394 66 64 1 2
64 1488 20 118 1 1
64 1508 45 118 1 3
64 1553 45 62 1 3
64 1598 9 62 1 2
64 1607 48 62 1 1
64 1655 36 62 1 3
64 1691 60 62 1 3
64 1751 32 62 1 2
64 1783 15 62 1 2
64 1798 26 62 1 1
64 1824 56 62 1 2
64 1880 54 62 1 2
64 1934 25 62 1 2
64 1959 34 62 1 3
64 1993 32 62 1 2
64 2025 37 62 1 2
64 2062 27 62 1 2
64 2089 69 62 1 2
64 2158 20 62 1 2
64 2178 41 62 1 3
64 2219 14 62 1 1
64 2233 22 62 1 3
64 2255 61 62 1 1
64 2316 68 62 1 3
64 2384 30 62 1 1
64 2414 46 62 1 2
126 1553 27 56 1 2
126 1580 45 56 1 1
126 1625 13 56 1 3
126 1638 38 56 1 1
126 1676 48 56 1 3
126 1724 30 56 1 2
126 1754 52 56 1 2
126 1806 29 56 1 1
126 1835 23 56 1 1
126 1858 34 56 1 3
126 1892 69 56 1 2
126 1961 36 56 1 1
126 1997 43 56 1 2
126 2040 21 56 1 2
126 2061 61 56 1 2
126 2122 54 56 1 2
126 2176 15 56 1 1
126 2191 27 56 1 2
126 2218 12 56 1 3
126 2230 30 56 1 3
126 2260 66 56 1 1
126 2326 22 56 1 1
126 2348 10 56 1 3
126 2358 63 56 1 1
126 2421 39 56 1 3
73 1458 30 58 1 2
131 1458 30 51 1 1
93 1395 63 89 1 3
50 1353 42 49 1 3
99 1353 42 83 1 1
108 1296 30 74 1 3
108 1326 27 74 1 1
182 1296 43 92 1 2
182 1339 37 93 1 1
182 1376 38 55 1 3
182 1414 40 55 1 3
182 1454 55 55 1 1
182 1509 44 55 1 2
182 1553 23 55 1 3
182 1576 13 55 1 2
182 1589 47 55 1 2
182 1636 58 55 1 3
182 1694 52 55 1 2
182 1746 58 55 1 3
182 1804 60 55 1 3
182 1864 28 55 1 1
182 1892 14 55 1 3
182 1906 14 55 1 1
182 1920 45 55 1 1
182 1965 50 55 1 2
182 2015 42 55 1 1
182 2057 53 55 1 3
182 2110 20 55 1 1
182 2130 41 55 1 1
182 2171 20 55 1 3
182 2191 57 55 1 3
182 2248 34 55 1 2
182 2282 32 55 1 3
182 2314 24 55 1 3
182 2338 14 55 1 1
182 2352 40 55 1 3
182 2392 68 55 1 1
237 1376 36 128 1 3
237 1412 48 66 1 3
237 1460 31 66 1 1
237 1491 30 66 1 3
237 1521 17 66 1 1
237 1538 73 66 1 3
237 1611 76 66 1 2
237 1687 63 66 1 2
237 1750 55 41 1 3
237 1805 31 41 1 1
237 1836 12 41 1 2
237 1848 27 41 1 1
237 1875 41 41 1 2
237 1916 22 41 1 1
237 1938 5 41 1 1
237 1943 25 41 1 1
237 1968 43 41 1 3
237 2011 19 41 1 1
237 2030 34 41 1 3
237 2064 19 41 1 2
237 2083 19 41 1 3
237 2102 23 41 1 3
237 2125 27 41 1 2
237 2152 46 41 1 2
237 2198 26 41 1 3
237 2224 17 41 1 1
237 2241 41 41 1 1
237 2282 32 41 1 3
237 2314 46 41 1 1
237 2360 13 41 1 2
237 2373 11 41 1 1
237 2384 11 41 1 1
237 2395 36 41 1 1
237 2431 29 41 1 2
278 1750 11 25 1 1
278 1761 16 25 1 1
278 1777 30 25 1 3
278 1807 13 25 1 1
278 1820 21 25 1 3
278 1841 14 25 1 1
278 1855 23 25 1 1
278 1878 13 25 1 2
278 1891 6 25 1 2
278 1897 10 25 1 3
278 1907 15 25 1 1
278 1922 12 25 1 2
278 1934 6 25 1 2
278 1940 3 25 1 1
278 1943 6 25 1 2
278 1949 20 25 1 3
278 1969 6 25 1 2
278 1975 20 25 1 3
278 1995 12 25 1 2
278 2007 23 25 1 3
278 2030 20 25 1 1
278 2050 26 25 1 3
278 2076 32 25 1 1
278 2108 16 25 1 1
278 2124 10 25 1 1
278 2134 10 25 1 1
278 2144 18 25 1 1
278 2162 33 25 1 2
278 2195 18 25 1 3
278 2213 17 25 1 2
278 2230 26 25 1 2
278 2256 12 25 1 1
278 2268 16 25 1 1
278 2284 32 25 1 2
278 2316 10 25 1 1
278 2326 12 25 1 2
278 2338 10 25 1 1
278 2348 12 25 1 1
278 2360 11 25 1 2
278 2371 36 25 1 1
278 2407 10 25 1 3
278 2417 10 25 1 1
278 2427 12 25 1 3
278 2439 21 25 1 3
303 1412 37 62 1 1
303 1449 51 62 1 1
303 1500 37 62 1 1
303 1537 45 62 1 2
303 1582 31 62 1 3
303 1613 16 62 1 2
303 1629 27 62 1 1
303 1656 27 62 1 2
303 1683 38 62 1 3
303 1721 71 62 1 2
303 1792 24 62 1 2
303 1816 32 62 1 1
303 1848 55 62 1 3
303 1903 32 62 1 1
303 1935 61 62 1 1
303 1996 93 62 1 3
303 2089 26 62 1 2
303 2115 71 62 1 1
303 2186 69 62 1 3
303 2255 51 62 1 2
303 2306 43 62 1 1
303 2349 30 62 1 1
303 2379 41 62 1 1
303 2420 40 62 1 3
275 1339 37 43 1 1
318 1339 10 47 1 2
318 1349 27 47 1 1
274 1296 43 91 1 3
0 0 66 102 0.5 3
0 66 42 145 0.5 1
0 108 55 71 0.5 1
0 163 61 145 0.5 2
71 108 35 74 0.5 1
71 143 20 42 0.5 1
113 143 20 32 0.5 1
145 66 35 85 0.5 1
145 101 63 95 0.5 3
145 164 60 82 0.5 3
227 164 60 76 0.5 2
303 164 60 159 0.5 1
462 164 60 129 0.5 2
591 164 60 100 0.5 3
691 164 60 102 0.5 1
793 164 60 90 0.5 2
883 164 60 85 0.5 2
968 164 15 70 0.5 2
968 179 45 70 0.5 3
240 101 63 152 0.5 1
392 101 63 89 0.5 3
481 101 63 79 0.5 3
560 101 63 139 0.5 1
699 101 63 116 0.5 3
815 101 63 48 0.5 3
863 101 63 111 0.5 3
974 101 63 64 0.5 2
230 66 35 95 0.5 2
325 66 35 74 0.5 3
399 66 35 106 0.5 3
505 66 35 62 0.5 1
567 66 35 121 0.5 2
688 66 35 57 0.5 1
745 66 35 125 0.5 3
870 66 35 43 0.5 1
913 66 35 76 0.5 3
989 66 35 49 0.5 3
102 0 66 111 0.5 3
213 0 66 149 0.5 1
362 0 66 73 0.5 3
435 0 66 59 0.5 3
494 0 66 115 0.5 1
609 0 66 84 0.5 2
693 0 42 75 0.5 2
693 42 24 121 0.5 1
814 42 24 65 0.5 2
879 42 24 66 0.5 2
945 42 24 93 0.5 2
768 0 42 77 0.5 1
845 0 42 115 0.5 3
960 0 42 78 0.5 1
0 224 55 99 0.5 1
0 279 57 99 0.5 2
0 336 45 99 0.5 1
0 381 67 53 0.5 2
53 381 18 46 0.5 1
53 399 49 46 0.5 1
99 224 44 153 0.5 1
99 268 53 58 0.5 3
99 321 33 85 0.5 1
99 354 54 85 0.5 1
99 408 40 48 0.5 1
147 408 40 37 0.5 2
184 321 63 112 0.5 2
184 384 64 112 0.5 2
296 321 53 49 0.5 2
296 374 46 49 0.5 3
296 420 28 49 0.5 1
345 321 52 70 0.5 1
345 373 37 166 0.5 2
345 410 38 66 0.5 2
411 410 23 100 0.5 1
411 433 15 59 0.5 2
470 433 15 41 0.5 2
511 373 75 47 0.5 3
558 373 40 176 0.5 3
558 413 35 66 0.5 1
624 413 35 110 0.5 2
734 373 75 110 0.5 2
844 373 75 77 0.5 3
921 373 48 117 0.5 3
921 421 27 57 0.5 2
978 421 27 60 0.5 1
415 321 52 79 0.5 2
494 321 52 98 0.5 3
592 321 52 91 0.5 3
683 321 52 168 0.5 2
851 321 52 100 0.5 1
951 321 52 87 0.5 1
157 268 53 94 0.5 2
251 268 53 83 0.5 3
334 268 53 98 0.5 2
432 268 53 178 0.5 2
610 268 53 64 0.5 2
674 268 29 172 0.5 2
674 297 24 110 0.5 3
784 297 24 88 0.5 2
872 297 24 59 0.5 2
931 297 24 62 0.5 2
993 297 24 45 0.5 3
846 268 29 91 0.5 2
937 268 29 56 0.5 2
993 268 29 45 0.5 1
252 224 44 175 0.5 1
427 224 44 177 0.5 3
604 224 44 83 0.5 1
687 224 44 108 0.5 3
795 224 44 243 0.5 3
1038 0 51 139 0.5 3
1038 51 107 139 0.5 1
1038 158 39 67 0.5 2
1038 197 52 67 0.5 1
1038 249 44 67 0.5 3
1038 293 19 67 0.5 2
1038 312 30 67 0.5 2
1038 342 20 67 0.5 1
1038 362 86 67 0.5 2
1105 158 26 72 0.5 1
1105 184 34 72 0.5 3
1105 218 59 46 0.5 3
1105 277 14 46 0.5 1
1105 291 22 46 0.5 2
1105 313 21 46 0.5 2
1105 334 10 46 0.5 2
1105 344 23 46 0.5 1
1105 367 19 46 0.5 2
1105 386 24 46 0.5 3
1105 410 19 46 0.5 2
1105 429 19 46 0.5 3
1151 218 31 26 0.5 3
1151 249 21 26 0.5 2
1151 270 23 26 0.5 2
1151 293 28 26 0.5 3
1151 321 17 26 0.5 1
1151 338 20 26 0.5 2
1151 358 4 26 0.5 1
1151 362 13 26 0.5 3
1151 375 24 26 0.5 3
1151 399 15 26 0.5 1
1151 414 20 26 0.5 3
1151 434 14 26 0.5 3
1177 0 52 69 0.5 1
1177 52 52 69 0.5 2
1177 104 41 69 0.5 2
1177 145 65 69 0.5 1
1177 210 46 69 0.5 2
1177 256 26 69 0.5 2
1177 282 63 69 0.5 3
1177 345 45 69 0.5 2
1177 390 58 69 0.5 1
1246 0 50 61 0.5 3
1246 50 23 61 0.5 3
1246 73 57 61 0.5 1
1246 130 8 61 0.5 1
1246 138 31 61 0.5 3
1246 169 32 61 0.5 1
1246 201 32 61 0.5 3
1246 233 52 61 0.5 1
1246 285 65 61 0.5 2
1246 350 59 61 0.5 2
1246 409 39 61 0.5 2
1307 0 95 172 0.5 2
1307 95 95 172 0.5 2
1307 190 48 57 0.5 1
1307 238 53 65 0.5 2
1307 291 36 65 0.5 1
1307 327 16 65 0.5 3
1307 343 38 65 0.5 3
1307 381 28 65 0.5 3
1307 409 39 65 0.5 1
1372 238 45 107 0.5 3
1372 283 41 68 0.5 2
1372 324 66 68 0.5 2
1372 390 58 45 0.5 2
1417 390 20 23 0.5 1
1417 410 17 23 0.5 1
1417 427 21 23 0.5 3
1440 283 18 39 0.5 3
1440 301 36 39 0.5 1
1440 337 41 39 0.5 3
1440 378 13 39 0.5 1
1440 391 12 39 0.5 3
1440 403 21 39 0.5 2
1440 424 24 39 0.5 1
1364 190 48 72 0.5 1
1436 190 48 43 0.5 1
1479 0 42 67 0.5 1
1479 42 62 114 0.5 2
1479 104 65 48 0.5 3
1479 169 36 76 0.5 2
1479 205 53 60 0.5 3
1479 258 57 60 0.5 1
1479 315 28 60 0.5 3
1479 343 13 60 0.5 3
1479 356 11 60 0.5 3
1479 367 19 60 0.5 3
1479 386 37 60 0.5 3
1479 423 8 60 0.5 3
1479 431 17 60 0.5 2
1539 205 60 105 0.5 1
1539 265 30 105 0.5 1
1539 295 88 105 0.5 2
1539 383 65 105 0.5 3
1644 205 64 82 0.5 3
1644 269 62 82 0.5 1
1644 331 77 82 0.5 3
1644 408 21 82 0.5 1
1644 429 19 33 0.5 3
1677 429 19 30 0.5 3
1707 429 9 19 0.5 1
1707 438 10 19 0.5 2
1726 205 49 86 0.5 2
1726 254 16 86 0.5 1
1726 270 18 86 0.5 1
1726 288 59 86 0.5 3
1726 347 31 86 0.5 1
1726 378 70 86 0.5 3
1812 205 53 108 0.5 1
1812 258 89 68 0.5 1
1812 347 63 108 0.5 2
1812 410 38 70 0.5 3
1882 410 38 38 0.5 1
1880 258 25 40 0.5 1
1880 283 37 40 0.5 1
1880 320 27 40 0.5 3
1555 169 36 80 0.5 1
1635 169 36 60 0.5 1
1695 169 36 108 0.5 3
1803 169 36 55 0.5 3
1858 169 36 62 0.5 1
1527 104 65 134 0.5 1
1661 104 65 60 0.5 2
1721 104 65 63 0.5 2
1784 104 65 65 0.5 2
1849 104 65 71 0.5 1
1593 42 62 53 0.5 2
1646 42 62 74 0.5 1
1720 42 24 118 0.5 3
1720 66 38 58 0.5 1
1778 66 38 60 0.5 3
1838 42 62 82 0.5 2
1546 0 42 90 0.5 1
1636 0 42 85 0.5 1
1721 0 42 83 0.5 3
1804 0 42 49 0.5 2
1853 0 42 67 0.5 2
1038 448 54 49 0.5 3
1038 502 34 49 0.5 3
1038 536 26 49 0.5 1
1038 562 14 49 0.5 1
1038 576 5 49 0.5 1
1038 581 33 49 0.5 2
1038 614 32 49 0.5 1
1038 646 29 49 0.5 3
1038 675 18 49 0.5 1
1038 693 39 49 0.5 1
1038 732 7 49 0.5 3
1038 739 34 49 0.5 1
1038 773 8 49 0.5 2
1038 781 35 49 0.5 2
1038 816 23 49 0.5 3
1087 448 65 75 0.5 1
1087 513 49 81 0.5 2
1087 562 34 81 0.5 2
1087 596 19 81 0.5 1
1087 615 47 81 0.5 1
1087 662 19 81 0.5 3
1087 681 50 81 0.5 2
1087 731 38 81 0.5 2
1087 769 32 81 0.5 2
1087 801 38 81 0.5 2
1168 513 41 118 0.5 2
1168 554 48 55 0.5 3
1168 602 67 68 0.5 3
1168 669 64 68 0.5 2
1168 733 55 68 0.5 3
1168 788 51 68 0.5 3
1236 602 22 50 0.5 1
1236 624 23 50 0.5 2
1236 647 22 50 0.5 1
1236 669 21 50 0.5 3
1236 690 20 50 0.5 2
1236 710 43 50 0.5 1
1236 753 48 50 0.5 2
1236 801 17 50 0.5 1
1236 818 21 50 0.5 1
1223 554 17 63 0.5 3
1223 571 31 63 0.5 2
1286 513 62 76 0.5 1
1286 575 63 45 0.5 1
1286 638 39 45 0.5 2
1286 677 9 45 0.5 2
1286 686 33 45 0.5 1
1286 719 8 45 0.5 3
1286 727 43 45 0.5 2
1286 770 33 45 0.5 1
1286 803 7 45 0.5 3
1286 810 29 45 0.5 2
1331 575 46 163 0.5 2
1331 621 83 94 0.5 2
1331 704 42 67 0.5 3
1331 746 93 84 0.5 3
1415 746 40 79 0.5 2
1415 786 53 47 0.5 3
1462 786 32 32 0.5 2
1462 818 10 32 0.5 2
1462 828 11 32 0.5 1
1398 704 42 47 0.5 3
1445 704 19 49 0.5 1
1445 723 23 49 0.5 3
1425 621 48 69 0.5 3
1425 669 35 44 0.5 3
1469 669 10 25 0.5 1
1469 679 25 25 0.5 3
1494 575 78 102 0.5 2
1494 653 69 102 0.5 2
1494 722 117 102 0.5 1
1596 575 50 113 0.5 2
1596 625 14 113 0.5 2
1596 639 81 113 0.5 1
1596 720 119 113 0.5 1
1709 575 50 51 0.5 1
1709 625 29 51 0.5 2
1709 654 40 51 0.5 2
1709 694 21 51 0.5 1
1709 715 33 51 0.5 3
1709 748 42 51 0.5 3
1709 790 49 51 0.5 1
1760 575 50 160 0.5 2
1760 625 73 102 0.5 1
1760 698 83 102 0.5 2
1760 781 58 102 0.5 3
1862 625 39 58 0.5 3
1862 664 22 58 0.5 1
1862 686 91 58 0.5 2
1862 777 30 58 0.5 3
1862 807 32 58 0.5 1
1362 513 62 167 0.5 1
1529 513 62 67 0.5 1
1596 513 62 71 0.5 3
1667 513 62 95 0.5 2
1762 513 62 158 0.5 2
1162 448 65 92 0.5 2
1254 448 35 113 0.5 2
1254 483 30 57 0.5 3
1311 483 30 56 0.5 3
1367 448 65 60 0.5 3
1427 448 39 196 0.5 3
1427 487 26 83 0.5 2
1510 487 26 60 0.5 3
1570 487 26 53 0.5 1
1623 448 65 86 0.5 2
1709 448 41 103 0.5 2
1709 489 24 103 0.5 2
1812 448 65 108 0.5 3
1038 839 59 74 0.5 2
1038 898 58 114 0.5 3
1038 956 73 114 0.5 3
1038 1029 61 75 0.5 2
1038 1090 68 75 0.5 1
1038 1158 42 75 0.5 3
1038 1200 30 75 0.5 1
1113 1029 26 39 0.5 3
1113 1055 9 39 0.5 1
1113 1064 36 39 0.5 3
1113 1100 27 39 0.5 1
1113 1127 15 39 0.5 3
1113 1142 31 39 0.5 2
1113 1173 57 39 0.5 1
1152 898 39 178 0.5 3
1152 937 75 74 0.5 3
1152 1012 52 50 0.5 1
1152 1064 93 82 0.5 3
1152 1157 73 82 0.5 2
1234 1064 40 96 0.5 3
1234 1104 32 96 0.5 2
1234 1136 49 61 0.5 1
1234 1185 45 61 0.5 3
1295 1136 15 35 0.5 2
1295 1151 25 35 0.5 3
1295 1176 18 35 0.5 1
1295 1194 19 35 0.5 1
1295 1213 11 35 0.5 1
1295 1224 6 35 0.5 1
1202 1012 52 55 0.5 3
1257 1012 52 73 0.5 2
1226 937 22 104 0.5 2
1226 959 53 104 0.5 2
1330 898 71 96 0.5 2
1330 969 81 96 0.5 1
1330 1050 57 96 0.5 3
1330 1107 123 96 0.5 2
1426 898 42 66 0.5 3
1426 940 34 66 0.5 3
1426 974 25 66 0.5 1
1426 999 70 66 0.5 2
1426 1069 24 66 0.5 3
1426 1093 137 66 0.5 2
1492 898 41 70 0.5 2
1492 939 25 70 0.5 3
1492 964 22 70 0.5 2
1492 986 47 70 0.5 2
1492 1033 92 70 0.5 2
1492 1125 22 70 0.5 1
1492 1147 83 70 0.5 3
1562 898 38 80 0.5 1
1562 936 86 74 0.5 1
1562 1022 62 74 0.5 3
1562 1084 40 74 0.5 2
1562 1124 55 74 0.5 3
1562 1179 51 74 0.5 1
1636 936 30 117 0.5 3
1636 966 72 69 0.5 2
1636 1038 68 113 0.5 1
1636 1106 62 60 0.5 1
1636 1168 62 67 0.5 1
1703 1168 9 46 0.5 3
1703 1177 18 46 0.5 1
1703 1195 23 46 0.5 1
1703 1218 12 46 0.5 1
1696 1106 17 53 0.5 3
1696 1123 45 53 0.5 3
1749 1038 63 171 0.5 2
1749 1101 27 171 0.5 1
1749 1128 102 85 0.5 1
1834 1128 49 86 0.5 3
1834 1177 53 86 0.5 3
1705 966 72 88 0.5 3
1793 966 72 127 0.5 1
1753 936 30 81 0.5 2
1834 936 30 86 0.5 1
1642 898 38 278 0.5 3
1112 839 59 117 0.5 3
1229 839 59 62 0.5 1
1291 839 59 67 0.5 3
1358 839 33 82 0.5 3
1358 872 26 54 0.5 2
1412 872 16 28 0.5 3
1412 888 10 17 0.5 3
1429 888 4 11 0.5 3
1429 892 6 7 0.5 3
1436 892 1 4 0.5 3
1436 893 5 4 0.5 2
1440 839 59 77 0.5 1
1517 839 59 111 0.5 3
1628 839 59 99 0.5 1
1727 839 59 112 0.5 3
1839 839 59 81 0.5 1
0 448 28 97 0.5 3
0 476 36 97 0.5 1
0 512 34 97 0.5 2
0 546 37 97 0.5 3
0 583 14 97 0.5 1
0 597 29 97 0.5 3
0 626 70 97 0.5 3
0 696 69 97 0.5 2
0 765 22 97 0.5 1
0 787 61 97 0.5 1
0 848 42 97 0.5 3
0 890 52 97 0.5 3
0 942 64 97 0.5 2
0 1006 48 97 0.5 2
0 1054 41 97 0.5 3
0 1095 76 97 0.5 2
0 1171 59 97 0.5 3
97 448 96 81 0.5 2
97 544 49 74 0.5 1
97 593 54 48 0.5 1
97 647 42 101 0.5 1
97 689 36 101 0.5 1
97 725 56 101 0.5 3
97 781 40 101 0.5 2
97 821 27 101 0.5 1
97 848 44 60 0.5 2
97 892 46 65 0.5 3
97 938 29 65 0.5 3
97 967 40 65 0.5 3
97 1007 80 65 0.5 1
97 1087 24 65 0.5 1
97 1111 48 65 0.5 3
97 1159 31 65 0.5 1
97 1190 40 65 0.5 2
162 892 35 36 0.5 3
162 927 40 36 0.5 1
162 967 29 36 0.5 3
162 996 29 36 0.5 1
162 1025 38 36 0.5 2
162 1063 33 36 0.5 2
162 1096 44 36 0.5 1
162 1140 32 36 0.5 2
162 1172 28 36 0.5 1
162 1200 30 36 0.5 3
157 848 25 41 0.5 1
157 873 19 41 0.5 3
198 647 58 127 0.5 2
198 705 29 127 0.5 1
198 734 64 74 0.5 3
198 798 48 127 0.5 2
198 846 50 127 0.5 2
198 896 52 127 0.5 3
198 948 83 55 0.5 2
198 1031 28 55 0.5 3
198 1059 36 55 0.5 2
198 1095 58 55 0.5 3
198 1153 13 55 0.5 3
198 1166 20 55 0.5 1
198 1186 44 55 0.5 3
253 948 41 72 0.5 1
253 989 40 72 0.5 3
253 1029 111 72 0.5 3
253 1140 54 72 0.5 3
253 1194 36 72 0.5 2
272 734 64 53 0.5 3
325 647 56 115 0.5 3
325 703 20 115 0.5 1
325 723 32 115 0.5 1
325 755 37 115 0.5 2
325 792 50 74 0.5 2
325 842 121 115 0.5 2
325 963 85 54 0.5 1
325 1048 36 54 0.5 3
325 1084 24 54 0.5 2
325 1108 30 54 0.5 1
325 1138 17 54 0.5 3
325 1155 37 54 0.5 1
325 1192 38 54 0.5 3
379 963 74 61 0.5 1
379 1037 26 61 0.5 1
379 1063 36 61 0.5 3
379 1099 41 61 0.5 1
379 1140 42 61 0.5 3
379 1182 23 61 0.5 2
379 1205 25 61 0.5 1
399 792 50 41 0.5 3
440 647 94 79 0.5 1
440 741 26 79 0.5 3
440 767 62 79 0.5 3
440 829 28 79 0.5 3
440 857 57 79 0.5 1
440 914 38 79 0.5 1
440 952 73 79 0.5 2
440 1025 61 79 0.5 1
440 1086 66 79 0.5 3
440 1152 27 79 0.5 2
440 1179 51 79 0.5 3
145 593 54 70 0.5 3
215 593 54 73 0.5 3
288 593 54 79 0.5 3
367 593 54 58 0.5 2
425 593 54 60 0.5 1
485 593 54 34 0.5 2
171 544 49 104 0.5 1
275 544 27 111 0.5 3
275 571 22 88 0.5 2
363 571 22 66 0.5 2
429 571 22 40 0.5 1
469 571 22 50 0.5 2
386 544 27 88 0.5 1
474 544 10 45 0.5 3
474 554 17 27 0.5 2
501 554 9 18 0.5 1
501 563 8 18 0.5 3
178 448 46 61 0.5 2
178 494 16 61 0.5 3
178 510 15 61 0.5 1
178 525 19 61 0.5 3
239 448 96 77 0.5 1
316 448 32 102 0.5 3
316 480 40 102 0.5 2
316 520 24 46 0.5 3
362 520 24 56 0.5 2
418 448 39 101 0.5 1
418 487 57 65 0.5 2
483 487 19 36 0.5 2
483 506 38 36 0.5 1
519 448 50 138 0.5 3
519 498 59 138 0.5 3
519 557 44 138 0.5 3
519 601 45 64 0.5 1
519 646 67 64 0.5 1
519 713 36 64 0.5 3
519 749 30 64 0.5 2
519 779 20 64 0.5 2
519 799 27 64 0.5 1
519 826 10 64 0.5 3
519 836 51 64 0.5 3
519 887 24 64 0.5 2
519 911 36 64 0.5 2
519 947 15 64 0.5 1
519 962 38 64 0.5 2
519 1000 16 64 0.5 1
519 1016 16 64 0.5 2
519 1032 17 64 0.5 3
519 1049 38 64 0.5 3
519 1087 14 64 0.5 1
519 1101 24 64 0.5 1
519 1125 21 64 0.5 3
519 1146 35 64 0.5 3
519 1181 49 64 0.5 2
583 601 30 74 0.5 2
583 631 74 74 0.5 2
583 705 32 74 0.5 2
583 737 47 74 0.5 3
583 784 67 41 0.5 3
583 851 102 74 0.5 1
583 953 101 74 0.5 1
583 1054 24 74 0.5 2
583 1078 32 74 0.5 3
583 1110 36 74 0.5 2
583 1146 33 74 0.5 1
583 1179 51 74 0.5 3
624 784 17 33 0.5 3
624 801 22 33 0.5 2
624 823 28 33 0.5 2
657 448 56 128 0.5 2
657 504 78 98 0.5 1
657 582 38 98 0.5 3
657 620 50 98 0.5 1
657 670 56 98 0.5 1
657 726 93 98 0.5 1
657 819 50 98 0.5 3
657 869 42 98 0.5 1
657 911 58 98 0.5 1
657 969 72 98 0.5 2
657 1041 25 98 0.5 3
657 1066 52 98 0.5 2
657 1118 112 98 0.5 1
755 504 66 91 0.5 3
755 570 45 58 0.5 3
755 615 57 53 0.5 3
755 672 30 53 0.5 1
755 702 43 53 0.5 1
755 745 46 53 0.5 2
755 791 26 53 0.5 3
755 817 44 53 0.5 3
755 861 19 53 0.5 1
755 880 22 53 0.5 3
755 902 50 53 0.5 1
755 952 54 53 0.5 1
755 1006 26 53 0.5 1
755 1032 39 53 0.5 1
755 1071 26 53 0.5 1
755 1097 38 53 0.5 3
755 1135 60 53 0.5 2
755 1195 35 53 0.5 3
808 615 48 145 0.5 1
808 663 50 82 0.5 2
808 713 44 230 0.5 1
808 757 59 98 0.5 3
808 816 31 98 0.5 1
808 847 109 98 0.5 3
808 956 27 98 0.5 1
808 983 47 98 0.5 2
808 1030 52 98 0.5 1
808 1082 65 98 0.5 2
808 1147 83 98 0.5 1
906 757 80 75 0.5 3
906 837 40 75 0.5 3
906 877 16 75 0.5 2
906 893 18 75 0.5 2
906 911 40 75 0.5 1
906 951 59 75 0.5 1
906 1010 48 75 0.5 1
906 1058 48 75 0.5 3
906 1106 64 75 0.5 2
906 1170 60 75 0.5 2
981 757 44 57 0.5 1
981 801 26 57 0.5 3
981 827 59 57 0.5 1
981 886 39 57 0.5 2
981 925 41 57 0.5 2
981 966 82 57 0.5 2
981 1048 25 57 0.5 2
981 1073 6 57 0.5 2
981 1079 22 57 0.5 1
981 1101 21 57 0.5 3
981 1122 16 57 0.5 3
981 1138 92 57 0.5 2
890 663 50 93 0.5 2
983 663 50 55 0.5 1
953 615 29 85 0.5 1
953 644 19 53 0.5 2
1006 644 7 32 0.5 1
1006 651 12 32 0.5 3
813 570 45 100 0.5 2
913 570 45 125 0.5 3
846 504 66 93 0.5 1
939 504 66 99 0.5 3
785 448 56 101 0.5 2
886 448 56 68 0.5 3
954 448 56 54 0.5 3
1008 448 10 30 0.5 1
1008 458 27 30 0.5 3
1008 485 19 30 0.5 2
