500 500 10
4
1250 200 4
500 550 3
500 305 2
500 740 1
1460
0 0 71 29 4 2
0 71 77 26 4 3
0 148 55 26 4 4
0 203 9 26 4 3
0 212 37 26 4 1
0 249 49 26 4 4
0 298 5 26 4 4
0 303 77 26 4 3
0 380 49 26 4 3
0 429 33 26 4 4
0 462 70 26 4 3
0 532 22 26 4 4
0 554 61 26 4 2
0 615 57 26 4 2
0 672 13 26 4 4
0 685 67 26 4 2
0 752 77 26 4 4
0 829 77 26 4 4
0 906 56 26 4 2
0 962 78 26 4 3
0 1040 61 26 4 1
0 1101 47 26 4 1
0 1148 18 26 4 4
0 1166 16 26 4 1
0 1182 68 26 4 1
26 71 81 31 4 4
26 152 83 28 4 4
26 235 53 46 4 1
26 288 83 28 4 1
26 371 63 28 4 4
26 434 6 28 4 4
26 440 77 28 4 4
26 517 77 28 4 3
26 594 56 28 4 4
26 650 39 28 4 2
26 689 7 28 4 3
26 696 13 28 4 1
26 709 19 28 4 3
26 728 6 28 4 3
26 734 11 28 4 2
26 745 15 28 4 1
26 760 32 28 4 4
26 792 71 28 4 1
26 863 26 28 4 4
26 889 11 28 4 2
26 900 72 28 4 4
26 972 79 28 4 4
26 1051 76 28 4 3
26 1127 6 28 4 1
26 1133 71 28 4 4
26 1204 46 23 4 4
49 1204 10 5 4 3
49 1214 9 5 4 3
49 1223 7 5 4 3
49 1230 5 5 4 4
49 1235 1 5 4 2
49 1236 1 5 4 4
49 1237 2 5 4 4
49 1239 11 5 4 3
54 288 4 18 4 4
54 292 48 18 4 2
54 340 7 18 4 2
54 347 21 18 4 1
54 368 18 18 4 4
54 386 39 18 4 2
54 425 34 18 4 3
54 459 16 18 4 2
54 475 42 18 4 2
54 517 54 18 4 3
54 571 53 18 4 2
54 624 39 18 4 3
54 663 9 18 4 3
54 672 54 18 4 4
54 726 4 18 4 4
54 730 10 18 4 1
54 740 36 18 4 4
54 776 34 18 4 3
54 810 6 18 4 4
54 816 21 18 4 3
54 837 15 18 4 4
54 852 6 18 4 1
54 858 4 18 4 2
54 862 31 18 4 3
54 893 20 18 4 3
54 913 14 18 4 4
54 927 34 18 4 4
54 961 31 18 4 1
54 992 4 18 4 2
54 996 4 18 4 4
54 1000 11 18 4 2
54 1011 5 18 4 1
54 1016 4 18 4 3
54 1020 43 18 4 2
54 1063 12 18 4 4
54 1075 6 18 4 2
54 1081 41 18 4 2
54 1122 14 18 4 2
54 1136 36 18 4 3
54 1172 14 18 4 4
54 1186 51 18 4 2
54 1237 8 18 4 2
54 1245 5 13 4 2
67 1245 5 5 4 4
72 235 52 40 4 1
72 287 71 24 4 3
72 358 67 24 4 3
72 425 63 24 4 2
72 488 59 24 4 3
72 547 72 24 4 4
72 619 66 24 4 4
72 685 37 24 4 1
72 722 41 24 4 4
72 763 33 24 4 3
72 796 5 24 4 2
72 801 72 24 4 1
72 873 71 24 4 4
72 944 72 24 4 2
72 1016 6 24 4 3
72 1022 63 24 4 2
72 1085 39 24 4 4
72 1124 9 24 4 4
72 1133 30 24 4 1
72 1163 5 24 4 4
72 1168 34 24 4 4
72 1202 13 24 4 1
72 1215 35 24 4 1
96 287 76 27 4 4
96 363 80 27 4 4
96 443 6 27 4 2
96 449 80 27 4 3
96 529 13 27 4 2
96 542 34 27 4 3
96 576 52 27 4 2
96 628 72 27 4 1
96 700 76 27 4 1
96 776 32 27 4 1
96 808 18 27 4 2
96 826 5 27 4 3
96 831 8 27 4 3
96 839 21 27 4 4
96 860 18 27 4 3
96 878 60 27 4 4
96 938 16 27 4 3
96 954 56 27 4 3
96 1010 79 27 4 2
96 1089 42 27 4 1
96 1131 79 27 4 1
96 1210 20 27 4 3
96 1230 12 27 4 4
96 1242 8 9 4 1
105 1242 4 18 4 2
105 1246 4 13 4 2
118 1246 4 5 4 2
123 287 47 42 4 3
123 334 75 25 4 2
123 409 76 28 4 3
123 485 47 42 4 1
123 532 67 26 4 2
123 599 75 26 4 4
123 674 73 26 4 4
123 747 55 26 4 2
123 802 33 26 4 3
123 835 38 26 4 3
123 873 77 26 4 1
123 950 32 26 4 1
123 982 57 26 4 3
123 1039 68 26 4 2
123 1107 75 26 4 1
123 1182 64 26 4 2
123 1246 4 9 4 2
132 1246 4 5 4 3
137 1246 4 4 4 1
141 1246 4 4 4 4
145 1246 4 4 4 2
149 532 12 16 4 2
149 544 11 16 4 3
149 555 5 16 4 4
149 560 45 16 4 2
149 605 7 16 4 1
149 612 39 16 4 1
149 651 45 16 4 3
149 696 48 16 4 3
149 744 37 16 4 1
149 781 4 16 4 4
149 785 5 16 4 1
149 790 5 16 4 1
149 795 13 16 4 1
149 808 6 16 4 4
149 814 29 16 4 4
149 843 48 16 4 1
149 891 47 16 4 4
149 938 4 16 4 3
149 942 16 16 4 3
149 958 45 16 4 2
149 1003 44 16 4 1
149 1047 31 16 4 4
149 1078 7 16 4 3
149 1085 15 16 4 1
149 1100 20 16 4 2
149 1120 42 16 4 2
149 1162 41 16 4 1
149 1203 32 16 4 3
149 1235 15 9 4 4
158 1235 15 7 4 3
151 409 41 14 4 3
151 450 35 14 4 1
148 334 39 17 4 1
148 373 36 17 4 2
165 287 64 35 4 4
165 351 51 35 4 1
165 402 21 35 4 1
165 423 57 35 4 3
165 480 62 27 4 1
165 542 58 27 4 4
165 600 11 27 4 3
165 611 18 27 4 4
165 629 6 27 4 4
165 635 31 27 4 3
165 666 81 27 4 4
165 747 53 27 4 1
165 800 22 27 4 1
165 822 7 27 4 4
165 829 65 27 4 1
165 894 8 27 4 2
165 902 79 27 4 3
165 981 14 27 4 3
165 995 80 27 4 3
165 1075 14 27 4 3
165 1089 39 27 4 1
165 1128 78 27 4 2
165 1206 44 27 4 4
192 480 18 8 4 4
192 498 7 8 4 4
192 505 18 8 4 3
192 523 9 8 4 4
192 532 24 8 4 1
192 556 17 8 4 1
192 573 23 8 4 4
192 596 22 8 4 3
192 618 23 8 4 4
192 641 23 8 4 2
192 664 12 8 4 4
192 676 24 8 4 4
192 700 19 8 4 2
192 719 5 8 4 4
192 724 9 8 4 4
192 733 21 8 4 1
192 754 15 8 4 1
192 769 14 8 4 4
192 783 7 8 4 2
192 790 16 8 4 2
192 806 9 8 4 4
192 815 23 8 4 3
192 838 10 8 4 1
192 848 4 8 4 2
192 852 8 8 4 3
192 860 18 8 4 1
192 878 22 8 4 1
192 900 2 8 4 2
192 902 24 8 4 4
192 926 5 8 4 4
192 931 5 8 4 3
192 936 24 8 4 3
192 960 22 8 4 3
192 982 22 8 4 2
192 1004 11 8 4 1
192 1015 23 8 4 4
192 1038 10 8 4 1
192 1048 2 8 4 1
192 1050 18 8 4 2
192 1068 18 8 4 1
192 1086 12 8 4 2
192 1098 6 8 4 3
192 1104 23 8 4 1
192 1127 11 8 4 2
192 1138 22 8 4 3
192 1160 14 8 4 1
192 1174 2 8 4 1
192 1176 10 8 4 1
192 1186 22 8 4 4
192 1208 5 8 4 2
192 1213 22 8 4 4
192 1235 15 8 4 4
112 235 52 37 4 4
149 235 12 51 4 2
149 247 17 51 4 3
149 264 10 51 4 1
149 274 13 15 4 3
164 274 13 36 4 4
54 152 55 44 4 3
54 207 20 44 4 1
54 227 8 21 4 3
75 227 8 10 4 4
85 227 8 7 4 3
92 227 2 6 4 4
92 229 2 6 4 2
92 231 4 6 4 4
98 152 71 27 4 1
98 223 12 70 4 1
168 223 12 14 4 2
182 223 12 12 4 2
194 223 12 6 4 2
125 152 71 29 4 1
154 152 71 29 4 3
183 152 51 17 4 4
183 203 20 12 4 2
195 203 12 5 4 1
195 215 2 5 4 1
195 217 6 5 4 2
57 71 63 35 4 1
57 134 18 31 4 3
88 134 18 25 4 4
113 134 18 53 4 4
166 134 18 16 4 1
182 134 18 18 4 1
92 71 54 31 4 3
92 125 9 10 4 1
102 125 9 8 4 4
110 125 9 6 4 4
116 125 9 7 4 4
123 71 27 77 4 4
123 98 36 26 4 1
149 98 36 33 4 3
182 98 36 18 4 1
29 0 71 29 4 2
58 0 20 89 4 2
58 20 21 83 4 1
58 41 30 32 4 3
90 41 23 57 4 2
90 64 7 12 4 4
102 64 7 21 4 2
123 64 7 8 4 1
131 64 7 7 4 3
138 64 7 9 4 4
141 20 8 6 4 3
141 28 13 6 4 4
147 0 71 27 4 4
174 0 71 26 4 4
0 0 55 35 3 2
0 55 78 26 3 1
0 133 43 26 3 1
0 176 39 26 3 3
0 215 17 26 3 4
0 232 76 26 3 2
0 308 71 26 3 2
0 379 57 26 3 2
0 436 9 26 3 3
0 445 9 26 3 2
0 454 46 26 3 3
26 55 11 9 3 3
26 66 5 9 3 4
26 71 16 9 3 1
26 87 20 9 3 1
26 107 5 9 3 4
26 112 7 9 3 2
26 119 11 9 3 3
26 130 8 9 3 3
26 138 3 9 3 1
26 141 15 9 3 2
26 156 10 9 3 4
26 166 21 9 3 2
26 187 14 9 3 4
26 201 23 9 3 4
26 224 24 9 3 2
26 248 10 9 3 1
26 258 21 9 3 1
26 279 26 9 3 3
26 305 16 9 3 1
26 321 16 9 3 1
26 337 19 9 3 4
26 356 27 9 3 4
26 383 8 9 3 4
26 391 2 9 3 3
26 393 3 9 3 1
26 396 17 9 3 2
26 413 12 9 3 1
26 425 2 9 3 3
26 427 3 9 3 3
26 430 20 9 3 1
26 450 27 9 3 2
26 477 23 9 3 2
35 0 69 39 3 1
35 69 55 49 3 2
35 124 22 111 3 2
35 146 81 33 3 3
35 227 37 62 3 3
35 264 49 38 3 2
35 313 64 34 3 2
35 377 60 38 3 3
35 437 14 38 3 3
35 451 15 38 3 3
35 466 34 23 3 1
58 466 34 15 3 3
69 313 11 4 3 1
69 324 4 4 3 2
69 328 7 4 3 2
69 335 9 4 3 2
69 344 1 4 3 4
69 345 1 4 3 4
69 346 3 4 3 2
69 349 2 4 3 4
69 351 11 4 3 2
69 362 2 4 3 1
69 364 13 4 3 2
73 264 39 24 3 1
73 303 60 24 3 3
73 363 5 24 3 3
73 368 52 24 3 1
73 420 61 24 3 2
73 481 8 24 3 3
73 489 11 15 3 3
88 489 11 9 3 3
97 227 14 49 3 1
97 241 25 49 3 2
97 266 73 33 3 3
97 339 17 33 3 4
97 356 19 33 3 2
97 375 75 29 3 3
97 450 50 23 3 3
120 450 5 10 3 4
120 455 29 10 3 2
120 484 3 10 3 1
120 487 8 10 3 2
120 495 5 4 3 3
124 495 5 6 3 1
126 375 10 4 3 2
126 385 1 4 3 1
126 386 7 4 3 3
126 393 10 4 3 2
126 403 5 4 3 3
126 408 3 4 3 3
126 411 1 4 3 4
126 412 4 4 3 2
126 416 9 4 3 3
126 425 12 4 3 1
126 437 13 4 3 3
130 266 3 16 3 2
130 269 4 16 3 4
130 273 48 16 3 3
130 321 8 16 3 1
130 329 44 16 3 1
130 373 45 16 3 3
130 418 32 16 3 2
130 450 12 16 3 3
130 462 38 16 3 3
68 146 29 78 3 1
68 175 34 55 3 1
68 209 18 22 3 4
90 209 18 56 3 3
123 175 9 23 3 2
123 184 25 14 3 2
137 184 4 9 3 3
137 188 2 9 3 2
137 190 8 9 3 2
137 198 11 9 3 3
146 124 74 25 3 3
146 198 9 25 3 4
146 207 19 25 3 2
146 226 5 25 3 2
146 231 70 25 3 2
146 301 11 25 3 1
146 312 15 25 3 4
146 327 14 25 3 2
146 341 46 25 3 2
146 387 44 25 3 4
146 431 69 25 3 3
171 124 37 49 3 1
171 161 55 49 3 4
171 216 81 27 3 4
171 297 16 27 3 4
171 313 14 27 3 3
171 327 25 27 3 3
171 352 62 27 3 3
171 414 25 27 3 1
171 439 61 27 3 3
198 216 13 22 3 2
198 229 17 22 3 3
198 246 53 22 3 4
198 299 8 22 3 2
198 307 6 22 3 4
198 313 41 22 3 4
198 354 17 22 3 1
198 371 65 22 3 4
198 436 20 22 3 4
198 456 26 22 3 2
198 482 18 13 3 4
211 482 5 9 3 3
211 487 7 9 3 1
211 494 6 4 3 2
215 494 2 5 3 4
215 496 4 5 3 2
220 124 72 26 3 1
220 196 5 26 3 2
220 201 42 26 3 1
220 243 16 26 3 2
220 259 38 26 3 2
220 297 24 26 3 2
220 321 76 26 3 2
220 397 9 26 3 1
220 406 45 26 3 3
220 451 49 26 3 1
246 124 81 28 3 3
246 205 15 28 3 2
246 220 56 28 3 1
246 276 75 28 3 1
246 351 19 28 3 4
246 370 81 28 3 2
246 451 49 22 3 2
268 451 8 6 3 3
268 459 8 6 3 4
268 467 17 6 3 2
268 484 16 6 3 4
274 124 67 29 3 1
274 191 69 27 3 2
274 260 39 27 3 4
274 299 15 27 3 4
274 314 54 27 3 4
274 368 81 27 3 3
274 449 23 27 3 1
274 472 14 27 3 2
274 486 14 14 3 1
288 486 14 9 3 4
297 486 9 4 3 3
297 495 1 4 3 3
297 496 4 4 3 2
301 191 68 30 3 1
301 259 65 31 3 2
301 324 93 31 3 3
301 417 8 31 3 4
301 425 57 31 3 4
301 482 18 16 3 1
317 482 12 15 3 1
317 494 6 10 3 1
327 494 1 5 3 1
327 495 5 5 3 4
332 259 90 30 3 1
332 349 52 52 3 1
332 401 70 26 3 3
332 471 29 19 3 2
351 471 8 7 3 1
351 479 2 7 3 3
351 481 11 7 3 3
351 492 8 7 3 4
358 401 19 96 3 3
358 420 34 81 3 4
358 454 46 25 3 1
383 454 46 29 3 2
412 454 46 47 3 3
459 454 46 38 3 2
497 454 46 27 3 4
524 454 46 20 3 1
544 454 12 6 3 4
544 466 17 6 3 4
544 483 3 6 3 1
544 486 4 6 3 3
544 490 2 6 3 4
544 492 8 6 3 3
439 420 34 29 3 2
468 420 34 43 3 2
511 420 13 39 3 3
511 433 10 39 3 1
511 443 11 13 3 1
524 443 11 26 3 4
454 401 19 74 3 4
528 401 19 22 3 1
384 349 52 30 3 4
414 349 52 42 3 2
456 349 52 50 3 1
506 349 52 28 3 1
534 349 6 16 3 4
534 355 3 16 3 3
534 358 36 16 3 4
534 394 7 8 3 3
542 394 7 4 3 2
546 394 1 4 3 2
546 395 6 4 3 1
362 259 64 29 3 1
362 323 26 18 3 1
380 323 13 11 3 3
380 336 13 7 3 1
387 336 7 4 3 2
387 343 1 4 3 1
387 344 5 4 3 1
391 259 36 74 3 3
391 295 54 36 3 1
427 295 30 81 3 1
427 325 24 25 3 2
452 325 24 25 3 3
477 325 24 17 3 3
494 325 24 14 3 4
508 295 54 27 3 1
535 295 45 15 3 3
535 340 4 15 3 1
535 344 5 15 3 3
465 259 36 64 3 4
529 259 36 21 3 1
331 191 68 31 3 4
362 191 68 30 3 2
392 191 36 74 3 1
392 227 32 51 3 4
443 227 6 23 3 3
443 233 14 23 3 1
443 247 12 23 3 3
466 191 68 33 3 4
499 191 68 25 3 2
524 191 11 26 3 4
524 202 57 22 3 4
546 202 5 4 3 3
546 207 11 4 3 1
546 218 7 4 3 2
546 225 2 4 3 4
546 227 2 4 3 4
546 229 10 4 3 3
546 239 2 4 3 2
546 241 2 4 3 4
546 243 10 4 3 1
546 253 6 4 3 1
303 124 24 86 3 2
303 148 43 26 3 4
329 148 43 40 3 1
369 148 9 20 3 4
369 157 34 15 3 2
384 157 3 5 3 1
384 160 2 5 3 2
384 162 8 5 3 3
384 170 13 5 3 1
384 183 3 5 3 1
384 186 5 5 3 1
389 124 26 77 3 3
389 150 18 77 3 4
389 168 23 56 3 4
445 168 23 13 3 1
458 168 23 8 3 3
466 124 67 31 3 2
497 124 11 53 3 4
497 135 56 27 3 1
524 135 43 26 3 2
524 178 13 11 3 3
535 178 13 8 3 2
543 178 9 7 3 2
543 187 4 7 3 4
84 69 55 31 3 3
115 69 49 37 3 2
115 118 6 61 3 2
176 118 6 26 3 2
202 118 6 61 3 2
263 118 6 31 3 1
294 118 6 25 3 2
319 118 6 30 3 2
349 118 6 67 3 1
416 118 6 22 3 1
438 118 6 18 3 4
456 118 6 14 3 2
470 118 6 21 3 4
491 118 6 18 3 2
509 118 6 16 3 2
525 118 6 7 3 1
532 118 6 9 3 2
541 118 6 9 3 4
152 69 33 71 3 4
152 102 16 20 3 3
172 102 16 45 3 1
217 102 12 6 3 1
217 114 4 6 3 3
223 69 49 27 3 1
250 69 31 64 3 3
250 100 18 38 3 3
288 100 8 26 3 3
288 108 10 14 3 2
302 108 10 7 3 3
309 108 2 5 3 1
309 110 8 5 3 3
314 69 49 28 3 3
342 69 49 37 3 1
379 69 41 67 3 4
379 110 8 16 3 2
395 110 8 31 3 4
426 110 8 8 3 1
434 110 8 12 3 3
446 69 49 30 3 3
476 69 49 26 3 3
502 69 49 38 3 3
540 69 25 10 3 1
540 94 24 10 3 3
74 0 33 71 3 2
74 33 24 113 3 1
74 57 12 29 3 4
103 57 12 26 3 2
129 57 12 102 3 4
231 57 12 48 3 4
279 57 12 58 3 3
337 57 12 35 3 1
372 57 12 34 3 4
406 57 12 37 3 3
443 57 12 34 3 4
477 57 12 32 3 3
509 57 12 33 3 3
542 57 12 8 3 3
187 33 24 38 3 3
225 33 24 54 3 1
279 33 24 53 3 1
332 33 24 25 3 2
357 33 24 31 3 4
388 33 24 35 3 4
423 33 24 32 3 2
455 33 24 95 3 3
145 0 33 26 3 3
171 0 33 29 3 4
200 0 22 109 3 3
200 22 11 40 3 3
240 22 11 95 3 4
335 22 11 27 3 3
362 22 11 25 3 1
387 22 11 90 3 3
477 22 11 31 3 3
508 22 11 14 3 2
522 22 11 14 3 1
536 22 11 14 3 2
309 0 22 56 3 4
365 0 22 26 3 4
391 0 22 117 3 3
508 0 8 42 3 2
508 8 14 30 3 2
538 8 14 12 3 3
0 0 51 26 2 1
0 51 15 68 2 3
0 66 16 68 2 1
0 82 56 19 2 1
0 138 49 23 2 3
0 187 40 23 2 1
0 227 28 23 2 4
0 255 50 23 2 2
0 305 45 23 2 1
0 350 6 23 2 3
0 356 13 23 2 3
0 369 56 23 2 3
0 425 21 23 2 4
0 446 6 23 2 1
0 452 48 23 2 4
23 138 56 24 2 2
23 194 10 45 2 1
23 204 57 19 2 3
23 261 66 22 2 4
23 327 68 23 2 2
23 395 5 23 2 3
23 400 29 23 2 2
23 429 53 23 2 1
23 482 18 12 2 3
35 482 4 11 2 4
35 486 14 11 2 4
46 327 11 22 2 1
46 338 21 22 2 1
46 359 25 22 2 3
46 384 63 22 2 3
46 447 15 22 2 4
46 462 5 22 2 1
46 467 18 22 2 4
46 485 15 22 2 2
45 261 5 23 2 3
45 266 45 23 2 2
45 311 16 11 2 4
56 311 16 8 2 3
64 311 4 4 2 2
64 315 12 4 2 2
42 204 34 26 2 1
42 238 23 21 2 2
63 238 14 5 2 2
63 252 1 5 2 3
63 253 8 5 2 1
47 138 40 21 2 4
47 178 16 21 2 2
19 82 21 49 2 4
19 103 14 49 2 1
19 117 17 49 2 4
19 134 4 8 2 1
27 134 4 8 2 3
35 134 4 11 2 2
46 134 4 22 2 4
68 51 50 30 2 3
68 101 60 24 2 1
68 161 18 60 2 1
68 179 31 34 2 4
68 210 25 54 2 4
68 235 50 26 2 1
68 285 11 54 2 2
68 296 43 32 2 3
68 339 50 31 2 2
68 389 47 26 2 4
68 436 57 19 2 1
68 493 7 19 2 3
87 436 21 7 2 4
87 457 2 7 2 4
87 459 2 7 2 4
87 461 2 7 2 1
87 463 20 7 2 3
87 483 2 7 2 3
87 485 6 7 2 3
87 491 1 7 2 3
87 492 3 7 2 4
87 495 1 7 2 4
87 496 4 7 2 4
94 389 41 28 2 3
94 430 23 28 2 1
94 453 47 23 2 1
117 453 2 5 2 4
117 455 6 5 2 3
117 461 14 5 2 2
117 475 10 5 2 4
117 485 11 5 2 2
117 496 4 5 2 3
99 339 9 23 2 1
99 348 5 23 2 3
99 353 26 23 2 2
99 379 10 9 2 1
108 379 10 14 2 1
100 296 30 22 2 3
100 326 13 12 2 2
112 326 4 10 2 2
112 330 9 6 2 2
118 330 9 4 2 2
94 235 6 28 2 4
94 241 44 28 2 4
122 210 10 6 2 1
122 220 1 6 2 4
122 221 10 6 2 1
122 231 6 6 2 2
122 237 2 6 2 3
122 239 17 6 2 3
122 256 9 6 2 2
122 265 17 6 2 4
122 282 17 6 2 2
122 299 13 6 2 4
122 312 6 6 2 2
122 318 4 6 2 2
122 322 12 6 2 4
122 334 17 6 2 2
122 351 2 6 2 4
122 353 11 6 2 2
122 364 2 6 2 4
122 366 14 6 2 2
122 380 3 6 2 1
122 383 18 6 2 1
122 401 7 6 2 4
122 408 12 6 2 4
122 420 4 6 2 4
122 424 1 6 2 2
122 425 5 6 2 2
122 430 7 6 2 4
122 437 3 6 2 1
122 440 2 6 2 3
122 442 15 6 2 2
122 457 16 6 2 3
122 473 1 6 2 1
122 474 11 6 2 1
122 485 3 6 2 2
122 488 12 6 2 4
102 179 31 19 2 3
121 179 14 7 2 2
121 193 13 7 2 1
121 206 4 7 2 1
128 161 38 39 2 1
128 199 49 31 2 1
128 248 30 33 2 1
128 278 16 33 2 3
128 294 11 33 2 1
128 305 43 33 2 2
128 348 61 24 2 3
128 409 18 24 2 4
128 427 13 24 2 2
128 440 51 24 2 1
128 491 9 13 2 2
141 491 9 7 2 3
148 491 2 4 2 3
148 493 7 4 2 1
152 348 20 9 2 2
152 368 7 9 2 2
152 375 8 9 2 2
152 383 24 9 2 1
152 407 4 9 2 3
152 411 23 9 2 3
152 434 22 9 2 3
152 456 5 9 2 4
152 461 2 9 2 3
152 463 17 9 2 2
152 480 20 9 2 4
161 248 53 22 2 1
161 301 5 22 2 1
161 306 46 22 2 4
161 352 55 22 2 3
161 407 13 22 2 3
161 420 25 22 2 3
161 445 9 22 2 2
161 454 13 22 2 1
161 467 25 22 2 3
161 492 8 22 2 3
183 248 20 76 2 2
183 268 64 23 2 3
183 332 49 22 2 1
183 381 62 21 2 3
183 443 22 69 2 1
183 465 35 42 2 1
225 465 35 30 2 2
255 465 9 4 2 2
255 474 1 4 2 1
255 475 9 4 2 3
255 484 1 4 2 4
255 485 2 4 2 2
255 487 13 4 2 1
252 443 8 7 2 3
252 451 9 7 2 2
252 460 5 7 2 1
204 381 48 22 2 4
204 429 14 21 2 2
225 429 14 30 2 1
255 429 14 4 2 1
226 381 48 26 2 2
252 381 9 7 2 1
252 390 2 7 2 2
252 392 9 7 2 2
252 401 1 7 2 3
252 402 14 7 2 3
252 416 2 7 2 3
252 418 7 7 2 1
252 425 4 7 2 4
205 332 27 44 2 4
205 359 22 18 2 1
223 359 22 17 2 3
240 359 16 9 2 2
240 375 6 9 2 4
249 332 6 10 2 2
249 338 10 10 2 3
249 348 5 10 2 3
249 353 28 10 2 4
206 268 29 53 2 2
206 297 21 53 2 2
206 318 14 17 2 1
223 318 14 36 2 1
259 248 66 22 2 4
259 314 65 22 2 2
259 379 60 22 2 1
259 439 38 22 2 3
259 477 23 22 2 3
281 248 59 20 2 4
281 307 28 24 2 4
281 335 56 20 2 2
281 391 59 24 2 1
281 450 37 24 2 4
281 487 13 11 2 2
292 487 13 8 2 4
300 487 7 5 2 3
300 494 6 5 2 1
301 335 11 4 2 2
301 346 12 4 2 3
301 358 10 4 2 1
301 368 2 4 2 3
301 370 7 4 2 3
301 377 14 4 2 4
301 248 8 4 2 3
301 256 12 4 2 1
301 268 4 4 2 2
301 272 11 4 2 4
301 283 11 4 2 4
301 294 9 4 2 1
301 303 4 4 2 4
159 199 49 21 2 3
180 199 34 31 2 1
180 233 15 12 2 1
192 233 15 12 2 2
204 233 1 7 2 4
204 234 14 7 2 3
211 199 49 20 2 1
231 199 49 24 2 4
255 199 22 50 2 1
255 221 18 50 2 3
255 239 9 16 2 1
271 239 9 15 2 3
286 239 9 19 2 4
167 161 33 32 2 1
167 194 5 22 2 2
189 194 5 17 2 2
206 194 5 31 2 4
237 194 5 15 2 3
252 194 5 10 2 1
262 194 5 18 2 3
280 194 5 15 2 4
295 194 5 10 2 4
199 161 18 80 2 1
199 179 15 34 2 4
233 179 15 19 2 3
252 179 5 27 2 2
252 184 10 13 2 4
265 184 10 8 2 3
273 184 4 6 2 1
273 188 6 6 2 3
279 161 33 26 2 3
92 101 27 40 2 1
92 128 33 24 2 4
116 128 25 45 2 3
116 153 8 20 2 4
136 153 8 19 2 2
155 153 8 67 2 2
222 153 8 16 2 1
238 153 8 28 2 2
266 153 8 25 2 3
291 153 8 6 2 4
297 153 8 8 2 4
161 128 25 26 2 1
187 128 16 72 2 2
187 144 9 44 2 4
231 144 9 20 2 3
251 144 9 19 2 3
270 144 9 26 2 1
296 144 9 9 2 1
259 128 16 25 2 2
284 128 16 13 2 4
297 128 10 8 2 4
297 138 6 8 2 2
132 101 27 29 2 1
161 101 27 28 2 1
189 101 27 23 2 3
212 101 18 76 2 2
212 119 9 18 2 1
230 119 9 16 2 2
246 119 9 14 2 3
260 119 9 24 2 2
284 119 9 10 2 2
294 119 2 11 2 3
294 121 7 11 2 1
288 101 9 17 2 3
288 110 9 17 2 1
98 51 18 81 2 2
98 69 32 26 2 1
124 69 32 26 2 4
150 69 32 18 2 4
168 69 32 11 2 2
179 51 41 27 2 3
179 92 9 13 2 1
192 92 9 7 2 4
199 92 9 7 2 4
206 51 20 52 2 1
206 71 25 49 2 4
206 96 5 31 2 4
237 96 5 18 2 2
255 71 30 21 2 4
276 71 10 29 2 4
276 81 8 29 2 4
276 89 12 11 2 1
287 89 4 18 2 4
287 93 8 9 2 2
296 93 8 9 2 2
258 51 20 41 2 1
299 51 20 6 2 2
26 0 51 21 2 1
47 0 46 23 2 2
47 46 5 13 2 2
60 46 5 4 2 2
64 46 5 6 2 3
70 0 51 24 2 3
94 0 40 30 2 1
94 40 11 36 2 1
130 40 11 22 2 1
152 40 11 42 2 1
194 40 11 24 2 4
218 40 11 18 2 2
236 40 11 37 2 1
273 40 11 12 2 3
285 40 11 9 2 3
294 40 11 11 2 4
124 0 40 21 2 2
145 0 25 56 2 1
145 25 15 21 2 2
166 25 15 22 2 4
188 25 15 28 2 1
216 25 15 25 2 4
241 25 15 23 2 2
264 25 15 17 2 2
281 25 15 18 2 3
299 25 10 6 2 4
299 35 5 6 2 2
201 0 25 19 2 2
220 0 25 31 2 4
251 0 25 45 2 2
296 0 2 9 2 1
296 2 12 9 2 3
296 14 11 9 2 4
0 0 87 30 1 3
0 87 75 34 1 4
0 162 77 46 1 3
0 239 77 33 1 2
0 316 98 33 1 3
0 414 10 33 1 4
0 424 12 33 1 4
0 436 7 33 1 1
0 443 57 25 1 2
25 443 24 8 1 3
25 467 5 8 1 2
25 472 5 8 1 4
25 477 23 8 1 4
33 239 50 50 1 4
33 289 19 50 1 2
33 308 84 41 1 2
33 392 33 50 1 1
33 425 75 36 1 2
69 425 14 14 1 1
69 439 42 14 1 2
69 481 19 14 1 4
74 308 9 9 1 3
74 317 26 9 1 4
74 343 14 9 1 1
74 357 2 9 1 4
74 359 22 9 1 4
74 381 11 9 1 1
83 239 24 121 1 2
83 263 30 117 1 4
83 293 51 69 1 1
83 344 102 35 1 4
83 446 54 32 1 2
115 446 19 37 1 4
115 465 20 37 1 1
115 485 15 14 1 3
129 485 15 17 1 3
146 485 1 6 1 4
146 486 1 6 1 2
146 487 1 6 1 4
146 488 3 6 1 2
146 491 9 6 1 3
118 344 84 30 1 2
118 428 18 34 1 1
148 344 2 4 1 2
148 346 8 4 1 3
148 354 1 4 1 3
148 355 4 4 1 4
148 359 12 4 1 2
148 371 9 4 1 2
148 380 12 4 1 3
148 392 12 4 1 1
148 404 9 4 1 4
148 413 9 4 1 3
148 422 6 4 1 4
152 293 89 33 1 2
152 382 22 112 1 3
152 404 54 45 1 4
152 458 42 43 1 2
195 458 42 59 1 3
254 458 13 10 1 1
254 471 29 10 1 3
197 404 54 33 1 1
230 404 54 26 1 4
256 404 2 8 1 2
256 406 3 8 1 2
256 409 16 8 1 3
256 425 22 8 1 1
256 447 11 8 1 3
264 382 64 43 1 2
264 446 54 42 1 1
306 446 29 102 1 4
306 475 25 84 1 1
390 475 25 88 1 2
478 475 25 32 1 2
510 475 25 32 1 2
542 475 25 31 1 3
573 475 25 50 1 3
623 475 25 38 1 4
661 475 25 37 1 2
698 475 25 19 1 4
717 475 17 23 1 3
717 492 8 14 1 2
731 492 8 9 1 4
408 446 29 30 1 4
438 446 29 58 1 2
496 446 29 35 1 2
531 446 29 50 1 4
581 446 29 38 1 3
619 446 29 78 1 1
697 446 24 43 1 3
697 470 5 20 1 1
717 470 5 8 1 4
725 470 5 15 1 3
307 382 64 32 1 1
339 382 64 35 1 4
374 382 41 80 1 2
374 423 23 57 1 1
431 423 23 14 1 2
445 423 7 9 1 4
445 430 16 9 1 2
454 382 64 38 1 4
492 382 64 35 1 4
527 382 64 39 1 2
566 382 64 33 1 1
599 382 24 122 1 1
599 406 40 44 1 1
643 406 40 45 1 2
688 406 8 33 1 3
688 414 32 28 1 1
716 414 9 5 1 1
716 423 5 5 1 4
716 428 3 5 1 3
716 431 11 5 1 3
716 442 4 5 1 4
721 382 9 19 1 4
721 391 7 19 1 4
721 398 48 19 1 3
185 293 36 87 1 4
185 329 53 46 1 3
231 329 53 35 1 4
266 329 24 119 1 3
266 353 29 34 1 2
300 353 18 85 1 1
300 371 11 18 1 1
318 371 11 32 1 4
350 371 11 12 1 3
362 371 5 23 1 4
362 376 6 8 1 4
370 376 6 15 1 3
385 329 53 43 1 1
428 329 53 38 1 1
466 329 53 35 1 1
501 329 36 90 1 2
501 365 17 33 1 3
534 365 17 109 1 3
643 365 17 54 1 2
697 365 11 43 1 3
697 376 6 10 1 3
707 376 6 9 1 4
716 376 6 8 1 1
724 376 6 6 1 3
730 376 6 5 1 4
735 376 6 5 1 1
591 329 36 103 1 2
694 329 13 46 1 2
694 342 23 46 1 2
272 293 36 41 1 2
313 293 36 29 1 4
342 293 36 66 1 4
408 293 36 38 1 3
446 293 36 36 1 2
482 293 36 43 1 3
525 293 36 33 1 4
558 293 36 59 1 3
617 293 36 40 1 1
657 293 36 39 1 1
696 293 9 44 1 3
696 302 27 20 1 2
716 302 27 15 1 2
731 302 3 9 1 2
731 305 6 9 1 3
731 311 18 9 1 4
200 263 30 33 1 4
233 263 30 50 1 3
283 263 30 36 1 1
319 263 30 76 1 2
395 263 30 41 1 1
436 263 30 29 1 1
465 263 26 117 1 2
465 289 4 47 1 3
512 289 4 18 1 1
530 289 4 32 1 3
562 289 4 8 1 4
570 289 4 5 1 3
575 289 4 7 1 4
582 263 24 104 1 2
582 287 6 21 1 3
603 287 6 49 1 4
652 287 6 13 1 2
665 287 6 11 1 3
676 287 6 10 1 4
686 263 30 31 1 2
717 263 6 23 1 3
717 269 24 14 1 4
731 269 13 9 1 3
731 282 4 9 1 2
731 286 7 5 1 4
736 286 2 4 1 2
736 288 5 4 1 3
204 239 24 39 1 3
243 239 24 77 1 1
320 239 24 41 1 2
361 239 24 31 1 2
392 239 24 126 1 2
518 239 24 44 1 4
562 239 24 41 1 2
603 239 24 32 1 4
635 239 24 34 1 3
669 239 24 24 1 2
693 239 24 19 1 2
712 239 24 16 1 3
728 239 24 12 1 2
46 162 40 64 1 1
46 202 37 53 1 4
99 202 37 37 1 3
136 202 37 40 1 4
176 202 30 105 1 4
176 232 7 49 1 3
225 232 7 11 1 4
236 232 7 21 1 4
257 232 7 16 1 4
273 232 3 8 1 2
273 235 4 3 1 4
276 235 4 5 1 3
281 202 37 74 1 2
355 202 24 122 1 1
355 226 13 55 1 4
410 226 13 30 1 3
440 226 13 13 1 3
453 226 13 11 1 2
464 226 5 13 1 1
464 231 8 13 1 4
477 202 37 36 1 4
513 202 28 105 1 4
513 230 9 18 1 1
531 230 9 21 1 4
552 230 9 54 1 1
606 230 9 6 1 4
612 230 9 6 1 3
618 202 37 39 1 4
657 202 37 39 1 2
696 202 26 44 1 3
696 228 11 14 1 3
710 228 11 17 1 4
727 228 11 9 1 3
736 228 11 4 1 4
110 162 40 60 1 1
170 162 26 105 1 3
170 188 14 80 1 2
250 188 14 18 1 2
268 188 14 7 1 4
275 162 40 32 1 2
307 162 36 100 1 1
307 198 4 15 1 1
322 198 4 12 1 2
334 198 4 35 1 4
369 198 4 7 1 2
376 198 4 6 1 3
382 198 4 9 1 2
391 198 4 5 1 2
396 198 4 4 1 2
400 198 4 7 1 3
407 162 40 32 1 2
439 162 40 52 1 1
491 162 40 48 1 2
539 162 40 43 1 1
582 162 40 37 1 2
619 162 40 29 1 2
648 162 40 30 1 3
678 162 40 29 1 2
707 162 40 23 1 4
730 162 11 10 1 3
730 173 22 10 1 1
730 195 7 10 1 1
34 87 61 45 1 4
34 148 14 16 1 2
50 148 14 12 1 1
62 148 14 9 1 2
71 148 2 8 1 3
71 150 12 8 1 2
79 87 50 70 1 4
79 137 25 26 1 3
105 137 21 44 1 3
105 158 4 11 1 4
116 158 4 15 1 1
131 158 4 6 1 4
137 158 4 7 1 3
144 158 4 5 1 2
149 87 75 35 1 2
184 87 75 30 1 4
214 87 27 122 1 4
214 114 48 29 1 3
243 114 48 34 1 1
277 114 48 39 1 4
316 114 41 20 1 2
316 155 7 7 1 4
323 155 7 6 1 2
329 155 7 7 1 1
336 87 61 52 1 4
336 148 14 35 1 3
371 148 9 17 1 1
371 157 5 17 1 3
388 87 50 75 1 1
388 137 25 25 1 2
413 137 25 25 1 1
438 137 25 16 1 2
454 137 25 9 1 2
463 87 29 101 1 3
463 116 46 40 1 3
503 116 46 46 1 1
549 116 46 38 1 1
587 116 46 47 1 1
634 116 46 55 1 3
689 116 31 51 1 2
689 147 15 33 1 4
722 147 15 14 1 4
736 147 5 4 1 3
736 152 10 4 1 2
564 87 29 36 1 1
600 87 25 119 1 3
600 112 4 14 1 4
614 112 4 17 1 2
631 112 4 46 1 3
677 112 4 21 1 1
698 112 4 8 1 2
706 112 4 9 1 4
715 112 4 6 1 2
721 112 4 6 1 1
727 112 4 5 1 1
732 112 4 4 1 1
736 112 4 4 1 4
719 87 25 15 1 2
734 87 4 6 1 4
734 91 17 6 1 2
734 108 4 6 1 3
30 0 75 33 1 1
30 75 8 33 1 2
30 83 4 18 1 1
48 83 4 7 1 1
55 83 4 8 1 3
63 0 87 33 1 4
96 0 40 79 1 1
96 40 47 32 1 2
128 40 47 41 1 1
169 40 4 6 1 3
169 44 18 6 1 4
169 62 1 6 1 2
169 63 6 6 1 3
169 69 18 6 1 2
175 0 87 35 1 4
210 0 37 87 1 1
210 37 50 35 1 1
245 37 50 50 1 2
295 37 50 33 1 1
328 37 50 37 1 2
365 37 50 33 1 3
398 37 50 37 1 4
435 37 50 39 1 1
474 37 50 52 1 4
526 37 31 112 1 2
526 68 19 35 1 1
561 68 19 30 1 4
591 68 19 109 1 3
700 68 19 17 1 2
717 68 19 16 1 3
733 68 10 7 1 2
733 78 9 7 1 3
638 37 31 30 1 2
668 37 31 28 1 2
696 37 14 44 1 4
696 51 17 44 1 1
297 0 37 36 1 2
333 0 37 31 1 1
364 0 37 48 1 4
412 0 37 46 1 4
458 0 37 49 1 3
507 0 37 100 1 3
607 0 37 42 1 2
649 0 37 67 1 4
716 0 22 24 1 2
716 22 15 13 1 3
729 22 4 11 1 2
729 26 11 6 1 1
735 26 4 5 1 1
735 30 7 5 1 3
