280 280 16
4
280 620 3.5
280 560 1.5
350 420 1.0
1260 420 0.5
468
0 0 52 89 3
0 52 63 76 3
0 115 46 76 3
0 161 62 76 3
0 223 57 76 3
76 52 91 94 3
76 143 67 94 3
76 210 59 94 3
76 269 11 32 3
108 269 11 27 3
135 269 11 21 3
156 269 11 14 3
170 52 75 65 3
170 127 46 65 3
170 173 42 65 3
170 215 49 65 3
170 264 16 39 3
209 264 16 22 3
231 264 4 4 3
231 268 4 4 3
231 272 4 4 3
231 276 4 4 3
235 52 73 78 3
235 125 43 78 3
235 168 90 69 3
235 258 22 35 3
270 258 22 24 3
294 258 11 10 3
294 269 11 10 3
304 168 5 9 3
304 173 7 9 3
304 180 9 9 3
304 189 10 9 3
304 199 8 9 3
304 207 7 9 3
304 214 6 9 3
304 220 10 9 3
304 230 5 9 3
304 235 6 9 3
304 241 13 9 3
304 254 6 9 3
304 260 9 9 3
304 269 7 9 3
304 276 4 9 3
313 52 99 66 3
313 151 60 66 3
313 211 43 66 3
313 254 26 51 3
364 254 13 15 3
364 267 13 15 3
379 52 67 94 3
379 119 89 89 3
379 208 72 116 3
495 208 72 82 3
577 208 32 43 3
577 240 24 43 3
577 264 16 32 3
609 264 16 11 3
468 119 79 78 3
468 198 10 29 3
497 198 10 21 3
518 198 10 15 3
533 198 10 13 3
546 119 47 74 3
546 166 42 62 3
608 166 14 12 3
608 180 7 12 3
608 187 11 12 3
608 198 10 12 3
473 52 67 108 3
581 52 45 39 3
581 97 22 28 3
609 97 15 11 3
609 112 7 11 3
89 0 52 76 3
165 0 52 72 3
237 0 52 73 3
310 0 52 71 3
381 0 52 89 3
470 0 52 87 3
557 0 52 46 3
603 0 19 17 3
603 19 11 17 3
603 30 12 17 3
603 42 10 12 3
615 42 3 5 3
615 45 7 5 3
0 0 85 70 1
0 85 63 70 1
0 148 66 70 1
0 214 66 70 1
70 0 61 106 1
70 61 71 85 1
70 132 100 62 1
70 232 48 62 1
132 132 32 44 1
132 164 52 44 1
132 216 47 44 1
132 263 17 29 1
161 263 17 15 1
155 61 21 21 1
155 82 19 21 1
155 101 24 21 1
155 125 7 10 1
165 125 7 11 1
176 0 79 62 1
176 79 82 75 1
176 161 85 70 1
176 246 34 50 1
226 246 28 25 1
226 274 6 14 1
240 274 6 11 1
246 161 4 5 1
246 165 4 5 1
246 169 4 5 1
246 173 4 5 1
246 177 6 5 1
246 183 4 5 1
246 187 4 5 1
246 191 4 5 1
246 195 4 5 1
246 199 3 5 1
246 202 7 5 1
246 209 6 5 1
246 215 3 5 1
246 218 3 5 1
246 221 4 5 1
246 225 7 5 1
246 232 5 5 1
246 237 5 5 1
246 242 4 5 1
251 79 72 82 1
251 151 66 82 1
251 217 63 68 1
319 217 14 14 1
319 231 9 14 1
319 240 11 14 1
319 251 14 14 1
319 265 15 14 1
333 79 78 75 1
333 157 106 70 1
333 263 17 74 1
407 263 17 65 1
472 263 17 40 1
512 263 17 30 1
542 263 12 18 1
542 275 5 11 1
553 275 5 7 1
403 157 89 81 1
403 246 17 67 1
470 246 17 50 1
520 246 17 28 1
548 246 10 12 1
548 256 7 12 1
484 157 73 76 1
484 230 16 40 1
524 230 16 27 1
551 230 8 9 1
551 238 8 9 1
408 79 69 79 1
408 148 9 26 1
434 148 9 18 1
452 148 9 20 1
472 148 9 15 1
487 79 78 62 1
549 79 11 11 1
549 90 11 11 1
549 101 7 11 1
549 108 13 11 1
549 121 11 11 1
549 132 14 11 1
549 146 11 11 1
238 0 65 97 1
238 65 14 75 1
313 65 14 57 1
370 65 14 45 1
415 65 14 50 1
465 65 14 48 1
513 65 14 25 1
538 65 14 22 1
335 0 65 86 1
421 0 65 88 1
509 0 39 51 1
509 39 26 38 1
547 39 18 13 1
547 57 8 13 1
0 0 81 83 1
0 81 79 78 1
0 160 80 85 1
0 240 78 77 1
0 318 32 61 1
61 318 15 16 1
61 333 17 16 1
77 240 6 8 1
77 246 6 8 1
77 252 6 8 1
77 258 6 8 1
77 264 13 8 1
77 277 8 8 1
77 285 8 8 1
77 293 5 8 1
77 298 7 8 1
77 305 6 8 1
77 311 8 8 1
77 319 9 8 1
77 328 6 8 1
77 334 8 8 1
77 342 8 8 1
85 160 81 83 1
85 241 91 67 1
85 332 18 32 1
117 332 18 30 1
147 332 5 5 1
147 337 5 5 1
147 342 3 5 1
147 345 5 5 1
152 241 90 65 1
152 331 19 38 1
190 331 19 27 1
217 241 73 77 1
217 314 36 82 1
299 314 36 68 1
367 314 36 43 1
410 314 8 10 1
410 322 8 10 1
410 330 16 10 1
410 346 4 10 1
294 241 64 87 1
294 305 9 42 1
336 305 9 33 1
369 305 9 23 1
392 305 9 18 1
410 305 9 10 1
381 241 33 39 1
381 274 23 39 1
381 297 8 18 1
399 297 8 12 1
411 297 8 9 1
168 160 69 87 1
168 229 12 57 1
225 229 12 56 1
281 229 12 53 1
334 229 12 30 1
364 229 12 29 1
393 229 12 22 1
415 229 4 5 1
415 233 8 5 1
255 160 69 69 1
324 160 60 96 1
324 220 9 33 1
357 220 9 24 1
381 220 9 17 1
398 220 9 13 1
411 220 9 9 1
78 81 63 74 1
78 144 16 60 1
138 144 16 78 1
216 144 16 66 1
282 144 16 40 1
322 144 16 36 1
358 144 16 28 1
386 144 16 24 1
410 144 9 10 1
410 153 7 10 1
152 81 63 100 1
252 81 63 101 1
353 81 63 67 1
83 0 72 69 1
83 72 9 57 1
140 72 9 42 1
182 72 9 57 1
239 72 9 39 1
278 72 9 50 1
328 72 9 29 1
357 72 9 22 1
379 72 9 21 1
400 72 9 13 1
413 72 5 7 1
413 77 4 7 1
152 0 65 88 1
152 65 7 45 1
197 65 7 35 1
232 65 7 35 1
267 65 7 33 1
300 65 7 34 1
334 65 7 29 1
363 65 7 22 1
385 65 7 16 1
401 65 7 12 1
413 65 7 7 1
240 0 65 79 1
319 0 65 76 1
395 0 35 25 1
395 35 22 25 1
395 57 8 18 1
413 57 8 7 1
0 0 149 133 0
0 149 179 137 0
0 328 144 137 0
0 472 77 137 0
0 549 125 137 0
0 674 105 137 0
0 779 150 125 0
0 929 100 137 0
0 1029 169 128 0
0 1198 62 114 0
114 1198 12 14 0
114 1210 13 14 0
114 1223 8 14 0
114 1231 10 14 0
114 1241 15 14 0
114 1256 4 10 0
124 1256 4 4 0
128 1029 7 9 0
128 1036 11 9 0
128 1047 9 9 0
128 1056 9 9 0
128 1065 6 9 0
128 1071 10 9 0
128 1081 7 9 0
128 1088 7 9 0
128 1095 6 9 0
128 1101 8 9 0
128 1109 6 9 0
128 1115 9 9 0
128 1124 5 9 0
128 1129 8 9 0
128 1137 5 9 0
128 1142 10 9 0
128 1152 10 9 0
128 1162 9 9 0
128 1171 9 9 0
128 1180 6 9 0
128 1186 8 9 0
128 1194 6 9 0
128 1200 8 9 0
128 1208 6 9 0
128 1214 11 9 0
128 1225 6 9 0
128 1231 11 9 0
128 1242 11 9 0
128 1253 7 9 0
125 779 10 12 0
125 789 12 12 0
125 801 10 12 0
125 811 15 12 0
125 826 8 12 0
125 834 7 12 0
125 841 8 12 0
125 849 9 12 0
125 858 9 12 0
125 867 11 12 0
125 878 9 12 0
125 887 9 12 0
125 896 15 12 0
125 911 11 12 0
125 922 7 8 0
133 922 3 4 0
133 925 4 4 0
137 149 128 185 0
137 277 129 156 0
137 406 95 156 0
137 501 117 156 0
137 618 137 156 0
137 755 129 152 0
137 884 168 149 0
137 1052 89 156 0
137 1141 119 120 0
257 1141 39 36 0
257 1180 26 36 0
257 1206 39 36 0
257 1245 15 21 0
278 1245 9 15 0
278 1254 6 9 0
287 1254 6 6 0
286 884 6 7 0
286 890 9 7 0
286 899 5 7 0
286 904 4 7 0
286 908 6 7 0
286 914 7 7 0
286 921 5 7 0
286 926 8 7 0
286 934 5 7 0
286 939 7 7 0
286 946 5 7 0
286 951 5 7 0
286 956 9 7 0
286 965 9 7 0
286 974 7 7 0
286 981 10 7 0
286 991 9 7 0
286 1000 8 7 0
286 1008 5 7 0
286 1013 7 7 0
286 1020 5 7 0
286 1025 8 7 0
286 1033 8 7 0
286 1041 6 7 0
286 1047 5 7 0
289 755 2 4 0
289 757 3 4 0
289 760 4 4 0
289 764 5 4 0
289 769 4 4 0
289 773 3 4 0
289 776 2 4 0
289 778 4 4 0
289 782 4 4 0
289 786 3 4 0
289 789 3 4 0
289 792 3 4 0
289 795 4 4 0
289 799 3 4 0
289 802 4 4 0
289 806 3 4 0
289 809 4 4 0
289 813 2 4 0
289 815 3 4 0
289 818 3 4 0
289 821 3 4 0
289 824 4 4 0
289 828 4 4 0
289 832 3 4 0
289 835 4 4 0
289 839 4 4 0
289 843 5 4 0
289 848 5 4 0
289 853 3 4 0
289 856 4 4 0
289 860 3 4 0
289 863 4 4 0
289 867 3 4 0
289 870 3 4 0
289 873 3 4 0
289 876 8 4 0
293 277 89 127 0
293 366 93 127 0
293 459 126 127 0
293 585 194 127 0
293 779 86 127 0
293 865 75 127 0
293 940 155 127 0
293 1095 123 127 0
293 1218 42 62 0
355 1218 42 57 0
412 1218 10 8 0
412 1228 8 8 0
412 1236 7 8 0
412 1243 10 8 0
412 1253 7 8 0
322 149 84 98 0
322 233 44 77 0
399 233 20 21 0
399 253 24 21 0
133 0 136 104 0
133 136 13 31 0
164 136 13 28 0
192 136 13 27 0
219 136 13 18 0
237 0 101 183 0
237 101 48 97 0
334 101 48 53 0
387 101 36 33 0
387 137 12 22 0
409 137 8 11 0
409 145 4 7 0
416 145 4 4 0
