400 500 15
8
1200 350 5
975 150 4
130 150 3.5
240 175 3
195 175 2
100 50 1.5
100 210 1
300 160 0.5
1703
0 0 75 64 5 2
0 75 67 64 5 2
0 142 69 64 5 1
0 211 70 64 5 2
0 281 64 64 5 2
0 345 64 64 5 2
0 409 56 64 5 2
0 465 58 64 5 2
0 523 62 64 5 1
0 585 64 58 5 2
0 649 76 64 5 1
0 725 72 64 5 2
0 797 68 58 5 2
0 865 57 58 5 2
0 922 66 58 5 1
0 988 57 58 5 1
0 1045 54 58 5 1
0 1099 50 58 5 1
0 1149 51 54 5 1
54 1149 4 4 5 1
54 1153 4 4 5 2
54 1157 4 4 5 4
54 1161 4 4 5 1
54 1165 3 4 5 2
54 1168 4 4 5 2
54 1172 4 4 5 3
54 1176 4 4 5 2
54 1180 4 4 5 1
54 1184 4 4 5 1
54 1188 4 4 5 2
54 1192 4 4 5 1
54 1196 4 4 5 1
58 797 6 6 5 1
58 803 6 6 5 1
58 809 6 6 5 2
58 815 6 6 5 1
58 821 6 6 5 1
58 827 6 6 5 1
58 833 6 6 5 2
58 839 5 6 5 1
58 844 6 6 5 1
58 850 7 6 5 1
58 857 6 6 5 1
58 863 5 6 5 2
58 868 6 6 5 1
58 874 6 6 5 3
58 880 5 6 5 2
58 885 6 6 5 1
58 891 5 6 5 1
58 896 7 6 5 1
58 903 6 6 5 1
58 909 6 6 5 1
58 915 6 6 5 3
58 921 7 6 5 2
58 928 5 6 5 2
58 933 6 6 5 2
58 939 5 6 5 2
58 944 5 6 5 2
58 949 6 6 5 1
58 955 6 6 5 2
58 961 6 6 5 1
58 967 7 6 5 1
58 974 7 6 5 2
58 981 6 6 5 2
58 987 7 6 5 1
58 994 5 6 5 1
58 999 7 6 5 1
58 1006 5 6 5 1
58 1011 6 6 5 2
58 1017 6 6 5 2
58 1023 6 6 5 1
58 1029 5 6 5 3
58 1034 6 6 5 2
58 1040 6 6 5 1
58 1046 5 6 5 3
58 1051 6 6 5 2
58 1057 7 6 5 1
58 1064 6 6 5 1
58 1070 5 6 5 1
58 1075 7 6 5 1
58 1082 6 6 5 1
58 1088 6 6 5 2
58 1094 5 6 5 3
58 1099 6 6 5 2
58 1105 6 6 5 1
58 1111 6 6 5 1
58 1117 6 6 5 1
58 1123 5 6 5 1
58 1128 7 6 5 2
58 1135 6 6 5 3
58 1141 7 6 5 1
58 1148 6 6 5 3
58 1154 5 6 5 2
58 1159 5 6 5 1
58 1164 7 6 5 1
58 1171 7 6 5 1
58 1178 5 6 5 3
58 1183 5 6 5 1
58 1188 6 6 5 1
58 1194 6 6 5 1
58 585 5 6 5 1
58 590 6 6 5 2
58 596 6 6 5 2
58 602 6 6 5 1
58 608 6 6 5 1
58 614 6 6 5 1
58 620 6 6 5 2
58 626 5 6 5 2
58 631 6 6 5 1
58 637 6 6 5 1
58 643 6 6 5 1
64 0 65 66 5 1
64 65 75 65 5 1
64 140 70 71 5 2
64 210 67 68 5 1
64 277 69 68 5 1
64 346 70 63 5 2
64 416 65 68 5 1
64 481 69 68 5 2
64 550 62 68 5 3
64 612 67 68 5 1
64 679 60 62 5 1
64 739 56 62 5 1
64 795 63 62 5 1
64 858 60 62 5 2
64 918 68 62 5 4
64 986 66 62 5 2
64 1052 62 62 5 3
64 1114 69 62 5 1
64 1183 17 30 5 1
94 1183 17 23 5 2
117 1183 10 9 5 2
117 1193 7 9 5 3
126 679 6 6 5 3
126 685 7 6 5 1
126 692 7 6 5 1
126 699 6 6 5 1
126 705 6 6 5 1
126 711 5 6 5 1
126 716 6 6 5 2
126 722 5 6 5 2
126 727 5 6 5 1
126 732 6 6 5 2
126 738 5 6 5 2
126 743 5 6 5 2
126 748 6 6 5 1
126 754 7 6 5 2
126 761 6 6 5 3
126 767 6 6 5 2
126 773 7 6 5 1
126 780 6 6 5 1
126 786 6 6 5 2
126 792 6 6 5 4
126 798 7 6 5 1
126 805 5 6 5 2
126 810 5 6 5 3
126 815 6 6 5 1
126 821 5 6 5 1
126 826 6 6 5 3
126 832 7 6 5 1
126 839 6 6 5 1
126 845 7 6 5 1
126 852 6 6 5 1
126 858 6 6 5 2
126 864 7 6 5 2
126 871 6 6 5 2
126 877 6 6 5 1
126 883 6 6 5 1
126 889 5 6 5 1
126 894 6 6 5 1
126 900 6 6 5 1
126 906 7 6 5 2
126 913 5 6 5 1
126 918 7 6 5 3
126 925 5 6 5 3
126 930 5 6 5 2
126 935 7 6 5 2
126 942 6 6 5 1
126 948 6 6 5 1
126 954 6 6 5 3
126 960 7 6 5 2
126 967 7 6 5 3
126 974 5 6 5 2
126 979 5 6 5 1
126 984 6 6 5 2
126 990 6 6 5 1
126 996 6 6 5 2
126 1002 5 6 5 2
126 1007 5 6 5 1
126 1012 6 6 5 2
126 1018 5 6 5 1
126 1023 6 6 5 1
126 1029 7 6 5 1
126 1036 6 6 5 1
126 1042 6 6 5 1
126 1048 6 6 5 2
126 1054 6 6 5 2
126 1060 6 6 5 1
126 1066 5 6 5 1
126 1071 6 6 5 2
126 1077 6 6 5 2
126 1083 5 6 5 2
126 1088 6 6 5 1
126 1094 6 6 5 3
126 1100 6 6 5 1
126 1106 6 6 5 2
126 1112 6 6 5 2
126 1118 5 6 5 2
126 1123 6 6 5 1
126 1129 6 6 5 1
126 1135 6 6 5 2
126 1141 5 6 5 1
126 1146 6 6 5 1
126 1152 6 6 5 2
126 1158 6 6 5 1
126 1164 6 6 5 2
126 1170 5 6 5 3
126 1175 6 6 5 2
126 1181 6 6 5 2
126 1187 6 6 5 3
126 1193 7 6 5 2
127 346 4 5 5 1
127 350 6 5 5 1
127 356 4 5 5 2
127 360 4 5 5 1
127 364 6 5 5 2
127 370 5 5 5 2
127 375 5 5 5 2
127 380 4 5 5 1
127 384 5 5 5 2
127 389 6 5 5 1
127 395 5 5 5 2
127 400 5 5 5 1
127 405 5 5 5 2
127 410 6 5 5 2
132 210 67 62 5 2
132 277 57 62 5 2
132 334 66 62 5 3
132 400 58 62 5 1
132 458 56 62 5 1
132 514 58 62 5 2
132 572 56 62 5 1
132 628 63 62 5 2
132 691 65 62 5 1
132 756 73 62 5 2
132 829 68 62 5 3
132 897 65 62 5 1
132 962 63 62 5 3
132 1025 66 62 5 3
132 1091 61 62 5 1
132 1152 48 57 5 1
189 1152 5 5 5 3
189 1157 5 5 5 1
189 1162 6 5 5 2
189 1168 5 5 5 2
189 1173 5 5 5 2
189 1178 5 5 5 2
189 1183 5 5 5 2
189 1188 4 5 5 2
189 1192 8 5 5 1
194 210 64 68 5 1
194 274 66 73 5 2
194 340 67 66 5 2
194 407 59 66 5 1
194 466 65 66 5 1
194 531 57 66 5 1
194 588 65 66 5 1
194 653 63 66 5 2
194 716 61 62 5 2
194 777 67 66 5 1
194 844 77 66 5 1
194 921 69 66 5 1
194 990 61 66 5 2
194 1051 61 66 5 1
194 1112 71 66 5 1
194 1183 17 34 5 1
228 1183 17 24 5 1
252 1183 7 8 5 1
252 1190 10 8 5 2
256 716 4 4 5 1
256 720 4 4 5 1
256 724 4 4 5 1
256 728 4 4 5 2
256 732 4 4 5 3
256 736 4 4 5 1
256 740 3 4 5 1
256 743 4 4 5 1
256 747 4 4 5 1
256 751 3 4 5 2
256 754 4 4 5 1
256 758 4 4 5 2
256 762 4 4 5 2
256 766 5 4 5 2
256 771 6 4 5 2
260 340 66 63 5 2
260 406 67 63 5 1
260 473 62 72 5 1
260 535 57 68 5 1
260 592 63 59 5 2
260 655 69 72 5 1
260 724 64 65 5 2
260 788 65 65 5 1
260 853 56 65 5 2
260 909 70 65 5 2
260 979 66 65 5 3
260 1045 60 65 5 1
260 1105 66 65 5 1
260 1171 29 48 5 1
308 1171 16 17 5 1
308 1187 13 17 5 1
325 724 7 7 5 2
325 731 7 7 5 1
325 738 6 7 5 2
325 744 7 7 5 1
325 751 8 7 5 1
325 759 8 7 5 2
325 767 7 7 5 2
325 774 6 7 5 1
325 780 7 7 5 2
325 787 7 7 5 1
325 794 8 7 5 2
325 802 7 7 5 1
325 809 8 7 5 2
325 817 8 7 5 2
325 825 7 7 5 4
325 832 7 7 5 2
325 839 6 7 5 1
325 845 7 7 5 1
325 852 7 7 5 1
325 859 6 7 5 1
325 865 8 7 5 2
325 873 8 7 5 2
325 881 8 7 5 2
325 889 6 7 5 1
325 895 6 7 5 1
325 901 6 7 5 2
325 907 8 7 5 2
325 915 6 7 5 2
325 921 7 7 5 3
325 928 8 7 5 1
325 936 7 7 5 2
325 943 7 7 5 2
325 950 6 7 5 2
325 956 6 7 5 2
325 962 7 7 5 2
325 969 7 7 5 2
325 976 8 7 5 1
325 984 7 7 5 2
325 991 6 7 5 1
325 997 8 7 5 2
325 1005 7 7 5 2
325 1012 6 7 5 2
325 1018 7 7 5 1
325 1025 7 7 5 1
325 1032 7 7 5 1
325 1039 8 7 5 2
325 1047 8 7 5 2
325 1055 8 7 5 2
325 1063 7 7 5 1
325 1070 7 7 5 2
325 1077 7 7 5 1
325 1084 8 7 5 1
325 1092 7 7 5 1
325 1099 7 7 5 2
325 1106 7 7 5 2
325 1113 7 7 5 1
325 1120 8 7 5 3
325 1128 7 7 5 1
325 1135 8 7 5 1
325 1143 7 7 5 1
325 1150 6 7 5 1
325 1156 7 7 5 2
325 1163 7 7 5 1
325 1170 8 7 5 1
325 1178 7 7 5 2
325 1185 6 7 5 1
325 1191 9 7 5 1
319 592 15 13 5 1
319 607 13 13 5 2
319 620 14 13 5 1
319 634 12 13 5 1
319 646 9 13 5 2
328 535 4 4 5 1
328 539 5 4 5 3
328 544 4 4 5 2
328 548 3 4 5 2
328 551 4 4 5 1
328 555 5 4 5 2
328 560 4 4 5 2
328 564 4 4 5 2
328 568 4 4 5 1
328 572 3 4 5 3
328 575 4 4 5 1
328 579 4 4 5 2
328 583 4 4 5 1
328 587 5 4 5 1
332 473 19 18 5 3
332 492 16 18 5 1
332 508 19 18 5 3
332 527 18 18 5 1
332 545 17 18 5 2
332 562 19 18 5 2
332 581 16 18 5 1
332 597 19 18 5 2
332 616 20 18 5 1
332 636 20 18 5 1
332 656 18 18 5 2
332 674 18 18 5 2
332 692 16 18 5 1
332 708 16 18 5 4
332 724 18 18 5 1
332 742 16 18 5 2
332 758 20 18 5 1
332 778 17 18 5 1
332 795 18 18 5 1
332 813 18 18 5 1
332 831 18 18 5 3
332 849 16 18 5 1
332 865 19 18 5 1
332 884 19 18 5 3
332 903 18 18 5 2
332 921 19 18 5 2
332 940 17 18 5 1
332 957 15 18 5 2
332 972 17 18 5 2
332 989 18 18 5 1
332 1007 17 18 5 3
332 1024 17 18 5 1
332 1041 17 18 5 2
332 1058 21 18 5 1
332 1079 19 18 5 1
332 1098 19 18 5 2
332 1117 19 18 5 2
332 1136 17 18 5 1
332 1153 18 18 5 3
332 1171 15 18 5 1
332 1186 14 18 5 2
323 406 28 27 5 2
323 434 26 27 5 2
323 460 13 20 5 2
343 460 7 7 5 3
343 467 6 7 5 1
323 340 27 27 5 2
323 367 25 27 5 2
323 392 14 21 5 1
344 392 6 6 5 2
344 398 8 6 5 2
267 274 66 71 5 3
338 274 12 12 5 1
338 286 13 12 5 1
338 299 10 12 5 1
338 309 13 12 5 2
338 322 11 12 5 1
338 333 7 12 5 1
262 210 64 66 5 2
328 210 23 22 5 3
328 233 26 22 5 2
328 259 15 17 5 2
345 259 5 5 5 1
345 264 6 5 5 1
345 270 4 5 5 1
135 140 62 71 5 2
135 202 8 44 5 1
179 202 8 36 5 1
215 202 8 31 5 1
246 202 8 31 5 1
277 202 8 26 5 2
303 202 8 20 5 2
323 202 8 14 5 1
337 202 8 13 5 1
206 140 62 72 5 2
278 140 62 65 5 2
343 140 7 7 5 2
343 147 7 7 5 2
343 154 6 7 5 2
343 160 7 7 5 2
343 167 7 7 5 2
343 174 7 7 5 2
343 181 7 7 5 1
343 188 8 7 5 2
343 196 6 7 5 1
129 65 69 65 5 1
129 134 6 34 5 2
163 134 6 32 5 2
195 134 6 32 5 1
227 134 6 28 5 2
255 134 6 22 5 2
277 134 6 21 5 2
298 134 6 18 5 1
316 134 6 14 5 1
330 134 6 11 5 3
341 134 6 9 5 2
194 65 69 65 5 3
259 65 64 63 5 2
259 129 5 18 5 2
277 129 5 14 5 1
291 129 5 13 5 1
304 129 5 10 5 3
314 129 5 8 5 1
322 65 31 28 5 2
322 96 28 28 5 2
322 124 10 17 5 2
339 124 10 11 5 4
130 0 61 68 5 1
130 61 4 17 5 1
147 61 4 14 5 1
161 61 4 12 5 1
173 61 4 11 5 2
184 61 4 7 5 3
191 61 4 7 5 2
198 0 65 61 5 2
259 0 65 77 5 3
336 0 16 14 5 2
336 16 15 14 5 3
336 31 14 14 5 2
336 45 14 14 5 2
336 59 6 9 5 2
345 59 6 5 5 2
0 0 42 40 4 1
0 42 38 36 4 3
0 80 43 41 4 2
0 123 40 41 4 2
0 163 35 41 4 1
0 198 41 41 4 1
0 239 48 41 4 1
0 287 36 41 4 1
0 323 41 41 4 2
0 364 43 41 4 1
0 407 35 41 4 1
0 442 41 36 4 1
0 483 34 37 4 2
0 517 41 37 4 1
0 558 45 41 4 1
0 603 38 36 4 1
0 641 36 36 4 1
0 677 36 36 4 1
0 713 37 36 4 1
0 750 34 36 4 2
0 784 35 36 4 3
0 819 31 36 4 2
0 850 41 36 4 1
0 891 38 36 4 1
0 929 37 36 4 1
0 966 9 19 4 2
19 966 9 12 4 2
31 966 9 5 4 1
36 603 5 5 4 2
36 608 4 5 4 2
36 612 4 5 4 2
36 616 5 5 4 1
36 621 4 5 4 2
36 625 4 5 4 1
36 629 6 5 4 2
36 635 5 5 4 2
36 640 5 5 4 2
36 645 5 5 4 2
36 650 5 5 4 1
36 655 4 5 4 2
36 659 5 5 4 2
36 664 6 5 4 2
36 670 5 5 4 3
36 675 4 5 4 2
36 679 5 5 4 1
36 684 6 5 4 1
36 690 6 5 4 2
36 696 5 5 4 2
36 701 5 5 4 1
36 706 5 5 4 2
36 711 5 5 4 1
36 716 5 5 4 2
36 721 5 5 4 3
36 726 6 5 4 2
36 732 5 5 4 1
36 737 5 5 4 1
36 742 5 5 4 2
36 747 5 5 4 2
36 752 5 5 4 2
36 757 5 5 4 2
36 762 5 5 4 2
36 767 5 5 4 1
36 772 5 5 4 2
36 777 4 5 4 2
36 781 4 5 4 1
36 785 5 5 4 2
36 790 5 5 4 1
36 795 5 5 4 2
36 800 5 5 4 1
36 805 5 5 4 1
36 810 6 5 4 2
36 816 5 5 4 1
36 821 6 5 4 1
36 827 5 5 4 1
36 832 5 5 4 4
36 837 5 5 4 1
36 842 5 5 4 1
36 847 5 5 4 2
36 852 6 5 4 2
36 858 5 5 4 1
36 863 6 5 4 1
36 869 5 5 4 2
36 874 4 5 4 1
36 878 5 5 4 1
36 883 5 5 4 1
36 888 5 5 4 1
36 893 5 5 4 1
36 898 5 5 4 1
36 903 5 5 4 2
36 908 5 5 4 1
36 913 5 5 4 2
36 918 5 5 4 2
36 923 5 5 4 1
36 928 5 5 4 2
36 933 5 5 4 2
36 938 5 5 4 2
36 943 5 5 4 1
36 948 5 5 4 2
36 953 4 5 4 1
36 957 6 5 4 2
36 963 5 5 4 1
36 968 7 5 4 1
37 517 4 4 4 1
37 521 4 4 4 2
37 525 4 4 4 1
37 529 4 4 4 2
37 533 4 4 4 1
37 537 4 4 4 1
37 541 5 4 4 2
37 546 4 4 4 2
37 550 3 4 4 1
37 553 5 4 4 1
37 483 4 4 4 2
37 487 4 4 4 1
37 491 4 4 4 1
37 495 5 4 4 1
37 500 4 4 4 1
37 504 4 4 4 1
37 508 3 4 4 3
37 511 6 4 4 2
36 442 5 5 4 3
36 447 5 5 4 2
36 452 5 5 4 3
36 457 5 5 4 3
36 462 5 5 4 2
36 467 5 5 4 2
36 472 4 5 4 1
36 476 7 5 4 4
41 80 40 42 4 2
41 120 35 37 4 2
41 155 39 33 4 1
41 194 38 35 4 1
41 232 37 35 4 2
41 269 40 35 4 2
41 309 35 35 4 1
41 344 32 35 4 1
41 376 36 35 4 1
41 412 36 35 4 3
41 448 35 35 4 2
41 483 32 35 4 1
41 515 35 35 4 2
41 550 34 35 4 2
41 584 34 35 4 1
41 618 37 35 4 3
41 655 36 35 4 2
41 691 31 35 4 1
41 722 32 35 4 1
41 754 37 35 4 2
41 791 34 35 4 2
41 825 42 35 4 2
41 867 36 35 4 1
41 903 39 35 4 1
41 942 29 35 4 1
41 971 4 12 4 1
53 971 4 9 4 1
62 971 4 8 4 1
70 971 4 6 4 2
76 194 36 36 4 2
76 230 35 39 4 2
76 265 45 39 4 1
76 310 35 39 4 3
76 345 44 39 4 1
76 389 34 39 4 2
76 423 35 35 4 1
76 458 32 35 4 1
76 490 31 35 4 2
76 521 41 35 4 2
76 562 34 35 4 1
76 596 36 35 4 1
76 632 30 35 4 1
76 662 34 35 4 2
76 696 32 35 4 2
76 728 34 35 4 1
76 762 34 35 4 2
76 796 30 35 4 1
76 826 33 35 4 1
76 859 38 35 4 3
76 897 32 35 4 2
76 929 40 35 4 2
76 969 6 14 4 1
90 969 6 11 4 2
101 969 6 10 4 1
111 423 4 4 4 1
111 427 4 4 4 1
111 431 4 4 4 1
111 435 4 4 4 2
111 439 4 4 4 2
111 443 4 4 4 2
111 447 4 4 4 1
111 451 3 4 4 2
111 454 4 4 4 2
111 458 5 4 4 1
111 463 4 4 4 2
111 467 3 4 4 2
111 470 3 4 4 1
111 473 4 4 4 2
111 477 4 4 4 2
111 481 3 4 4 4
111 484 4 4 4 1
111 488 4 4 4 2
111 492 4 4 4 1
111 496 4 4 4 3
111 500 3 4 4 3
111 503 4 4 4 2
111 507 4 4 4 1
111 511 4 4 4 2
111 515 4 4 4 2
111 519 4 4 4 1
111 523 4 4 4 1
111 527 4 4 4 2
111 531 4 4 4 3
111 535 4 4 4 2
111 539 4 4 4 1
111 543 4 4 4 2
111 547 4 4 4 1
111 551 4 4 4 1
111 555 4 4 4 2
111 559 4 4 4 3
111 563 4 4 4 1
111 567 5 4 4 1
111 572 5 4 4 1
111 577 4 4 4 2
111 581 5 4 4 1
111 586 5 4 4 2
111 591 4 4 4 3
111 595 4 4 4 2
111 599 4 4 4 1
111 603 4 4 4 3
111 607 4 4 4 1
111 611 5 4 4 3
111 616 4 4 4 2
111 620 4 4 4 1
111 624 4 4 4 2
111 628 4 4 4 3
111 632 4 4 4 2
111 636 4 4 4 2
111 640 4 4 4 3
111 644 4 4 4 3
111 648 4 4 4 2
111 652 4 4 4 3
111 656 4 4 4 2
111 660 4 4 4 3
111 664 4 4 4 1
111 668 4 4 4 1
111 672 3 4 4 2
111 675 4 4 4 3
111 679 4 4 4 2
111 683 4 4 4 1
111 687 3 4 4 2
111 690 4 4 4 2
111 694 4 4 4 2
111 698 4 4 4 1
111 702 4 4 4 2
111 706 4 4 4 3
111 710 4 4 4 1
111 714 4 4 4 1
111 718 4 4 4 1
111 722 5 4 4 1
111 727 4 4 4 2
111 731 4 4 4 1
111 735 4 4 4 1
111 739 4 4 4 2
111 743 4 4 4 2
111 747 4 4 4 1
111 751 5 4 4 2
111 756 4 4 4 1
111 760 5 4 4 2
111 765 4 4 4 2
111 769 4 4 4 2
111 773 4 4 4 1
111 777 4 4 4 2
111 781 4 4 4 2
111 785 4 4 4 2
111 789 4 4 4 1
111 793 4 4 4 2
111 797 4 4 4 1
111 801 4 4 4 2
111 805 5 4 4 2
111 810 4 4 4 3
111 814 4 4 4 1
111 818 5 4 4 3
111 823 4 4 4 2
111 827 4 4 4 1
111 831 4 4 4 1
111 835 4 4 4 1
111 839 4 4 4 1
111 843 4 4 4 2
111 847 4 4 4 2
111 851 4 4 4 1
111 855 4 4 4 1
111 859 4 4 4 1
111 863 3 4 4 1
111 866 4 4 4 1
111 870 5 4 4 1
111 875 4 4 4 1
111 879 4 4 4 1
111 883 4 4 4 1
111 887 5 4 4 3
111 892 3 4 4 1
111 895 4 4 4 1
111 899 3 4 4 1
111 902 3 4 4 2
111 905 4 4 4 1
111 909 4 4 4 2
111 913 4 4 4 1
111 917 5 4 4 1
111 922 4 4 4 1
111 926 4 4 4 1
111 930 5 4 4 3
111 935 3 4 4 2
111 938 3 4 4 2
111 941 4 4 4 2
111 945 4 4 4 2
111 949 4 4 4 1
111 953 4 4 4 2
111 957 3 4 4 2
111 960 4 4 4 1
111 964 4 4 4 2
111 968 7 4 4 2
115 310 30 35 4 2
115 340 37 35 4 2
115 377 40 35 4 2
115 417 31 35 4 1
115 448 33 35 4 1
115 481 33 35 4 2
115 514 32 35 4 2
115 546 34 35 4 1
115 580 35 35 4 2
115 615 40 35 4 2
115 655 35 35 4 1
115 690 41 35 4 1
115 731 34 35 4 2
115 765 37 35 4 2
115 802 38 35 4 1
115 840 34 35 4 1
115 874 37 35 4 2
115 911 29 35 4 1
115 940 35 35 4 2
115 265 34 35 4 3
115 299 11 21 4 2
136 299 11 14 4 1
115 230 35 35 4 1
112 194 36 38 4 1
74 155 39 41 4 1
115 155 31 35 4 1
115 186 8 17 4 2
132 186 8 13 4 1
145 186 4 5 4 1
145 190 4 5 4 1
78 120 35 39 4 2
117 120 35 33 4 3
83 80 40 36 4 3
119 80 28 31 4 2
119 108 12 19 4 1
138 108 12 12 4 1
36 42 38 39 4 2
75 42 38 41 4 3
116 42 33 34 4 1
116 75 5 12 4 2
128 75 5 11 4 1
139 75 5 7 4 3
146 75 5 4 4 1
40 0 38 40 4 1
40 38 4 22 4 1
62 38 4 18 4 1
80 38 4 17 4 2
97 38 4 14 4 1
111 38 4 12 4 1
123 38 4 11 4 1
134 38 4 8 4 1
142 38 4 8 4 2
80 0 38 35 4 3
115 0 38 35 4 2
0 0 15 15 3 3
0 15 13 14 3 2
0 28 13 14 3 1
0 41 13 14 3 2
0 54 13 14 3 2
0 67 15 14 3 2
0 82 13 14 3 1
0 95 15 14 3 2
0 110 14 14 3 2
0 124 6 9 3 3
9 124 6 5 3 1
14 15 14 13 3 2
14 29 14 13 3 3
14 43 12 13 3 2
14 55 14 13 3 1
14 69 11 13 3 1
14 80 14 13 3 1
14 94 12 13 3 3
14 106 12 13 3 3
14 118 12 13 3 1
27 29 14 16 3 2
27 43 18 16 3 2
27 61 19 16 3 1
27 80 17 16 3 3
27 97 18 16 3 2
27 115 15 16 3 3
43 29 14 15 3 3
43 43 13 15 3 1
43 56 14 15 3 2
43 70 15 15 3 1
43 85 16 15 3 1
43 101 13 15 3 1
43 114 16 15 3 2
58 29 15 14 3 2
58 44 13 14 3 3
58 57 13 14 3 2
58 70 11 14 3 1
58 81 13 14 3 1
58 94 15 14 3 2
58 109 15 14 3 2
58 124 6 10 3 1
68 124 6 4 3 2
72 29 13 13 3 2
72 42 14 14 3 1
72 56 16 14 3 3
72 72 14 14 3 3
72 86 16 14 3 2
72 102 13 14 3 2
72 115 15 14 3 1
86 42 14 14 3 3
86 56 14 13 3 2
86 70 15 15 3 1
86 85 16 15 3 3
86 101 17 15 3 2
86 118 12 15 3 1
101 70 15 14 3 1
101 85 12 14 3 3
101 97 14 14 3 3
101 111 19 14 3 1
115 70 14 12 3 2
115 84 10 12 3 1
115 94 12 12 3 3
115 106 13 12 3 2
115 119 11 12 3 1
127 70 15 17 3 2
127 85 14 15 3 2
127 99 15 15 3 2
127 114 16 15 3 1
142 85 8 8 3 1
142 93 8 8 3 1
142 101 8 8 3 2
142 109 8 8 3 3
142 117 8 8 3 1
142 125 5 8 3 2
144 70 6 6 3 2
144 76 9 6 3 2
99 56 14 14 3 2
113 56 14 15 3 1
128 56 14 13 3 2
141 56 10 9 3 1
141 66 4 9 3 2
100 42 14 15 3 1
115 42 14 14 3 1
129 42 14 13 3 1
142 42 8 8 3 1
142 50 6 8 3 1
85 29 13 14 3 3
99 29 13 15 3 1
114 29 13 14 3 2
128 29 13 14 3 1
142 29 9 8 3 2
142 38 4 8 3 1
27 15 14 15 3 2
42 15 14 15 3 1
57 15 14 13 3 1
70 15 14 15 3 2
85 15 14 16 3 1
101 15 14 14 3 1
115 15 14 14 3 1
129 15 14 15 3 2
144 15 6 6 3 1
144 21 8 6 3 1
15 0 15 13 3 2
28 0 15 14 3 2
42 0 15 17 3 2
59 0 15 14 3 2
73 0 15 13 3 2
86 0 15 14 3 2
100 0 15 13 3 1
113 0 15 16 3 1
129 0 15 14 3 2
143 0 8 7 3 2
143 8 7 7 3 1
0 0 21 21 3 1
0 21 21 21 3 1
0 42 21 21 3 1
0 63 22 21 3 2
0 85 21 21 3 1
0 106 25 21 3 2
0 131 19 21 3 1
0 150 25 21 3 1
0 175 25 21 3 2
0 200 24 21 3 1
0 224 16 21 3 1
21 0 20 19 3 2
21 20 22 20 3 2
21 42 20 20 3 1
21 62 22 20 3 1
21 84 21 20 3 2
21 105 23 20 3 2
21 128 21 20 3 1
21 149 20 20 3 2
21 169 23 20 3 2
21 192 22 20 3 2
21 214 21 20 3 2
21 235 5 10 3 2
31 235 5 10 3 2
41 20 21 21 3 1
41 41 22 21 3 2
41 63 21 21 3 1
41 84 24 21 3 1
41 108 21 21 3 1
41 129 19 21 3 1
41 148 19 21 3 1
41 167 17 21 3 1
41 184 20 21 3 2
41 204 21 21 3 1
41 225 15 21 3 2
62 20 21 19 3 1
62 41 22 19 3 2
62 63 21 19 3 1
62 84 21 19 3 1
62 105 17 19 3 2
62 122 17 19 3 1
62 139 16 19 3 1
62 155 22 19 3 2
62 177 18 19 3 2
62 195 17 19 3 1
62 212 17 19 3 2
62 229 11 19 3 1
81 20 21 21 3 1
81 41 20 21 3 2
81 61 23 21 3 1
81 84 22 21 3 1
81 106 25 21 3 1
81 131 22 21 3 1
81 153 24 21 3 2
81 177 20 21 3 3
81 197 21 21 3 1
81 218 22 21 3 2
102 20 22 23 3 3
102 42 23 23 3 1
102 65 23 23 3 1
102 88 22 23 3 2
102 110 22 19 3 2
102 132 20 19 3 1
102 152 17 19 3 1
102 169 22 19 3 1
102 191 18 19 3 2
102 209 21 19 3 1
102 230 10 13 3 1
115 230 5 6 3 3
115 235 5 6 3 2
121 110 4 4 3 1
121 114 4 4 3 2
121 118 5 4 3 2
121 123 3 4 3 1
121 126 4 4 3 1
121 130 4 4 3 2
121 134 4 4 3 1
121 138 4 4 3 2
121 142 4 4 3 1
121 146 4 4 3 3
121 150 4 4 3 2
121 154 4 4 3 2
121 158 3 4 3 1
121 161 4 4 3 1
121 165 4 4 3 1
121 169 4 4 3 1
121 173 4 4 3 1
121 177 4 4 3 1
121 181 4 4 3 1
121 185 4 4 3 2
121 189 4 4 3 2
121 193 4 4 3 1
121 197 4 4 3 1
121 201 4 4 3 2
121 205 4 4 3 1
121 209 4 4 3 2
121 213 4 4 3 2
121 217 5 4 3 2
121 222 4 4 3 2
121 226 4 4 3 1
121 230 3 4 3 3
121 233 7 4 3 1
125 20 20 22 3 1
125 40 23 20 3 2
125 63 22 22 3 1
125 85 21 18 3 1
125 106 16 18 3 2
125 122 17 18 3 1
125 139 20 18 3 1
125 159 17 18 3 1
125 176 18 18 3 2
125 194 18 18 3 2
125 212 19 18 3 2
125 231 9 13 3 2
138 231 5 5 3 1
138 236 4 5 3 1
143 85 4 4 3 1
143 89 4 4 3 1
143 93 4 4 3 2
143 97 4 4 3 2
143 101 4 4 3 1
143 105 4 4 3 1
143 109 4 4 3 2
143 113 4 4 3 1
143 117 3 4 3 1
143 120 4 4 3 2
143 124 4 4 3 3
143 128 4 4 3 2
143 132 4 4 3 2
143 136 4 4 3 2
143 140 4 4 3 1
143 144 4 4 3 3
143 148 4 4 3 2
143 152 4 4 3 3
143 156 4 4 3 3
143 160 4 4 3 1
143 164 4 4 3 3
143 168 3 4 3 1
143 171 3 4 3 1
143 174 4 4 3 1
143 178 4 4 3 3
143 182 4 4 3 2
143 186 4 4 3 1
143 190 5 4 3 2
143 195 4 4 3 2
143 199 4 4 3 2
143 203 4 4 3 2
143 207 3 4 3 1
143 210 4 4 3 2
143 214 3 4 3 1
143 217 5 4 3 2
143 222 4 4 3 1
143 226 4 4 3 1
143 230 4 4 3 2
143 234 6 4 3 2
147 63 21 18 3 2
147 84 22 22 3 2
147 106 24 21 3 3
147 130 22 23 3 2
147 152 21 19 3 2
147 173 19 19 3 2
147 192 19 19 3 3
147 211 20 19 3 2
147 231 9 13 3 3
160 231 9 6 3 2
166 152 9 9 3 1
166 161 9 9 3 3
166 170 7 9 3 2
166 177 9 9 3 1
166 186 10 9 3 1
166 196 9 9 3 2
166 205 10 9 3 4
166 215 8 9 3 1
166 223 9 9 3 2
166 232 8 9 3 1
170 130 5 5 3 2
170 135 4 5 3 2
170 139 5 5 3 1
170 144 8 5 3 1
168 106 6 7 3 1
168 112 7 7 3 3
168 119 7 7 3 1
168 126 4 7 3 1
169 84 6 6 3 2
169 90 6 6 3 1
169 96 10 6 3 1
165 63 9 10 3 1
165 72 12 10 3 2
145 40 17 20 3 2
145 57 6 10 3 1
155 57 6 10 3 1
165 40 11 10 3 1
165 51 12 10 3 2
147 20 20 22 3 1
169 20 6 6 3 2
169 26 6 6 3 1
169 32 8 6 3 2
40 0 20 22 3 1
62 0 20 20 3 2
82 0 20 22 3 2
104 0 20 21 3 2
125 0 20 22 3 1
147 0 20 21 3 1
168 0 7 7 3 1
168 7 7 7 3 2
168 14 6 7 3 1
0 0 18 18 2 2
0 18 19 18 2 1
0 37 18 19 2 2
0 55 20 20 2 1
0 75 22 20 2 1
0 97 21 20 2 1
0 118 19 20 2 3
0 137 18 20 2 2
0 155 21 20 2 2
0 176 19 20 2 2
20 55 19 17 2 2
20 74 20 20 2 2
20 94 19 17 2 1
20 113 14 17 2 2
20 127 17 17 2 2
20 144 16 17 2 1
20 160 18 17 2 1
20 178 17 17 2 2
37 94 19 20 2 2
37 113 18 18 2 1
37 131 20 18 2 1
37 151 18 18 2 1
37 169 19 18 2 1
37 188 7 12 2 2
49 188 7 6 2 1
55 113 20 18 2 1
55 133 19 18 2 1
55 152 17 18 2 1
55 169 16 18 2 1
55 185 10 14 2 1
69 185 4 4 2 1
69 189 6 4 2 1
73 113 17 17 2 1
73 130 19 17 2 1
73 149 15 17 2 1
73 164 17 17 2 1
73 181 14 17 2 1
90 113 20 20 2 1
90 133 21 20 2 1
90 154 20 20 2 1
90 174 21 20 2 1
110 113 19 18 2 2
110 132 20 18 2 2
110 152 17 18 2 1
110 169 19 18 2 1
110 188 7 11 2 4
121 188 7 7 2 1
128 132 19 16 2 1
128 151 19 17 2 1
128 170 17 19 2 2
128 187 8 19 2 2
147 187 8 15 2 1
162 187 8 13 2 2
147 170 17 18 2 2
165 170 12 10 2 2
165 182 5 10 2 1
145 151 19 19 2 1
164 151 12 11 2 1
164 163 7 11 2 1
144 132 19 17 2 1
161 132 13 14 2 2
161 145 6 9 2 1
170 145 6 5 2 1
128 113 19 19 2 3
147 113 19 17 2 1
164 113 11 11 2 2
164 124 8 11 2 1
57 94 19 20 2 2
77 94 19 19 2 2
96 94 19 19 2 2
115 94 19 18 2 3
133 94 19 19 2 1
152 94 19 19 2 3
171 94 5 4 2 1
171 99 4 4 2 1
171 103 4 4 2 2
171 107 6 4 2 1
40 74 16 20 2 1
40 90 4 10 2 2
50 90 4 10 2 1
60 74 20 17 2 2
77 74 20 18 2 3
95 74 20 19 2 1
114 74 20 19 2 1
133 74 20 18 2 1
151 74 20 20 2 2
171 74 4 4 2 2
171 78 4 4 2 1
171 82 4 4 2 2
171 86 4 4 2 2
171 90 4 4 2 1
37 55 19 19 2 2
56 55 19 18 2 1
74 55 19 19 2 2
93 55 19 18 2 1
111 55 19 18 2 2
129 55 19 19 2 2
148 55 19 16 2 1
164 55 11 11 2 1
164 66 8 11 2 1
19 37 18 20 2 1
39 37 18 20 2 2
59 37 18 19 2 2
78 37 18 19 2 1
97 37 18 22 2 2
119 37 18 18 2 1
137 37 18 17 2 2
154 37 18 21 2 2
18 18 19 18 2 1
36 18 19 18 2 2
54 18 19 20 2 2
74 18 19 17 2 1
91 18 19 19 2 2
110 18 19 19 2 2
129 18 19 19 2 1
148 18 19 20 2 2
168 18 6 7 2 2
168 24 8 7 2 2
168 32 5 7 2 1
18 0 18 18 2 1
36 0 18 20 2 1
56 0 18 19 2 2
75 0 18 19 2 1
94 0 18 18 2 2
112 0 18 18 2 1
130 0 18 18 2 3
148 0 18 19 2 1
167 0 7 8 2 1
167 7 7 8 2 2
167 14 4 8 2 1
0 0 8 7 1 1
0 8 7 7 1 2
0 15 7 7 1 3
0 22 7 7 1 2
0 29 7 7 1 1
0 36 7 7 1 2
0 43 7 7 1 1
0 50 7 7 1 1
0 57 8 7 1 3
0 65 7 7 1 2
0 72 7 7 1 1
0 79 7 7 1 2
0 86 7 7 1 1
0 93 7 7 1 1
7 8 7 7 1 1
7 15 8 7 1 2
7 23 6 7 1 1
7 29 8 7 1 1
7 37 7 7 1 1
7 44 6 7 1 1
7 50 7 7 1 3
7 57 7 7 1 1
7 64 6 7 1 2
7 70 7 7 1 1
7 77 8 7 1 1
7 85 6 7 1 1
7 91 9 7 1 2
14 8 6 7 1 1
14 14 7 7 1 1
14 21 7 7 1 2
14 28 7 7 1 1
14 35 6 7 1 1
14 41 6 7 1 4
14 47 8 7 1 1
14 55 7 7 1 2
14 62 6 7 1 2
14 68 8 7 1 1
14 76 7 7 1 1
14 83 6 7 1 1
14 89 7 7 1 2
14 96 4 7 1 1
21 8 7 7 1 1
21 15 7 7 1 2
21 22 7 7 1 2
21 29 8 7 1 1
21 37 6 7 1 1
21 43 6 7 1 2
21 49 7 7 1 2
21 56 7 7 1 1
21 63 8 7 1 3
21 71 6 7 1 2
21 77 7 7 1 1
21 84 6 7 1 2
21 90 6 7 1 1
21 96 4 7 1 3
28 22 7 7 1 2
28 29 8 8 1 1
28 37 6 7 1 1
28 43 6 7 1 2
28 49 7 8 1 1
28 56 7 7 1 1
28 63 8 7 1 1
28 71 6 7 1 2
28 77 7 7 1 2
28 84 8 7 1 1
28 92 8 7 1 2
35 56 7 7 1 1
35 63 7 8 1 2
35 70 8 8 1 2
35 78 7 8 1 1
35 85 8 8 1 1
35 93 7 8 1 2
43 63 8 7 1 1
43 71 6 7 1 1
43 77 7 7 1 1
43 84 7 7 1 2
43 91 9 7 1 1
42 56 7 8 1 3
36 49 7 7 1 1
43 49 7 7 1 1
35 43 6 8 1 2
43 43 6 7 1 3
35 37 6 6 1 2
41 37 6 9 1 1
36 29 8 7 1 2
43 29 8 7 1 2
35 22 7 7 1 1
42 22 7 8 1 1
28 15 7 7 1 2
35 15 7 7 1 2
42 15 7 8 1 2
28 8 7 7 1 1
35 8 7 7 1 2
42 8 7 8 1 1
7 0 8 7 1 1
14 0 8 8 1 1
22 0 8 7 1 1
29 0 8 8 1 2
37 0 8 7 1 1
44 0 8 6 1 2
0 0 15 13 1 2
0 15 14 15 1 2
0 29 13 15 1 1
0 42 16 15 1 1
0 58 15 15 1 2
0 73 15 15 1 1
0 88 12 15 1 2
15 15 14 16 1 2
15 29 16 16 1 2
15 45 16 16 1 2
15 61 17 16 1 2
15 78 16 16 1 2
15 94 6 10 1 2
25 94 6 6 1 2
31 29 14 15 1 1
31 43 14 15 1 2
31 57 14 15 1 3
31 71 16 15 1 3
31 87 13 15 1 1
46 57 15 16 1 2
46 72 14 16 1 1
46 86 14 16 1 3
62 57 15 15 1 2
62 72 14 15 1 2
62 86 14 13 1 1
75 86 14 15 1 2
90 86 14 15 1 2
105 86 14 15 1 2
120 86 14 16 1 1
136 86 14 14 1 2
150 86 14 14 1 1
164 86 14 16 1 2
180 86 14 16 1 1
196 86 14 14 1 2
77 72 14 14 1 1
91 72 14 17 1 2
108 72 14 16 1 3
124 72 14 17 1 1
141 72 14 17 1 1
158 72 14 17 1 1
175 72 14 14 1 1
189 72 14 15 1 1
204 72 6 6 1 1
204 78 8 6 1 1
77 57 15 14 1 1
91 57 15 16 1 1
107 57 15 15 1 2
122 57 15 15 1 1
137 57 15 17 1 1
154 57 15 16 1 1
170 57 15 14 1 1
184 57 15 15 1 1
199 57 11 11 1 1
199 68 4 6 1 1
205 68 4 5 1 2
46 43 14 17 1 2
63 43 14 15 1 3
78 43 14 14 1 2
92 43 14 16 1 1
108 43 14 16 1 1
124 43 14 13 1 2
137 43 14 14 1 1
151 43 14 15 1 2
166 43 14 14 1 1
180 43 14 14 1 2
194 43 14 16 1 2
46 29 14 14 1 1
60 29 14 15 1 3
75 29 14 15 1 1
90 29 14 13 1 1
103 29 14 14 1 2
117 29 14 15 1 2
132 29 14 16 1 3
148 29 14 17 1 1
165 29 14 16 1 1
181 29 14 17 1 2
198 29 14 12 1 1
31 15 14 14 1 1
45 15 14 15 1 3
60 15 14 15 1 1
75 15 14 15 1 2
90 15 14 17 1 1
107 15 14 15 1 4
122 15 14 16 1 2
138 15 14 16 1 2
154 15 14 15 1 1
169 15 14 15 1 3
184 15 14 15 1 2
199 15 10 11 1 2
199 25 4 7 1 1
206 25 4 4 1 2
13 0 15 16 1 2
29 0 15 14 1 2
43 0 15 15 1 2
58 0 15 16 1 2
74 0 15 16 1 1
90 0 15 14 1 3
104 0 15 16 1 3
120 0 15 16 1 1
136 0 15 17 1 1
153 0 15 15 1 2
168 0 15 15 1 1
183 0 15 16 1 3
199 0 11 11 1 2
199 11 4 7 1 1
206 11 4 4 1 2
0 0 21 23 0 3
0 21 23 23 0 2
0 44 20 23 0 2
0 64 23 23 0 2
0 87 24 23 0 1
0 111 20 23 0 1
0 131 24 23 0 2
0 155 22 23 0 2
0 177 24 23 0 1
0 201 24 23 0 1
0 225 23 23 0 2
0 248 23 23 0 1
0 271 20 23 0 1
0 291 9 15 0 2
15 291 9 8 0 1
23 0 22 20 0 2
23 22 21 23 0 1
23 43 22 26 0 2
23 65 24 21 0 2
23 89 21 21 0 2
23 110 22 21 0 2
23 132 20 21 0 1
23 152 24 21 0 3
23 176 23 21 0 2
23 199 19 21 0 1
23 218 19 21 0 2
23 237 21 21 0 3
23 258 21 21 0 2
23 279 21 21 0 1
44 65 22 20 0 1
44 87 17 20 0 1
44 104 20 20 0 2
44 124 19 20 0 1
44 143 20 20 0 1
44 163 22 20 0 3
44 185 17 20 0 2
44 202 21 20 0 2
44 223 17 20 0 2
44 240 19 20 0 2
44 259 22 20 0 1
44 281 19 20 0 2
64 65 23 20 0 1
64 88 19 20 0 2
64 107 19 20 0 1
64 126 21 20 0 1
64 147 20 20 0 1
64 167 22 20 0 1
64 189 23 20 0 1
64 212 22 20 0 1
64 234 19 20 0 1
64 253 17 20 0 2
64 270 17 20 0 3
64 287 13 16 0 1
80 287 4 4 0 3
80 291 4 4 0 1
80 295 5 4 0 3
84 65 24 20 0 2
84 89 23 23 0 1
84 112 20 21 0 3
84 132 20 21 0 1
84 152 21 21 0 2
84 173 18 21 0 3
84 191 18 21 0 1
84 209 18 21 0 2
84 227 20 21 0 2
84 247 23 21 0 1
84 270 22 21 0 2
84 292 8 13 0 2
97 292 8 8 0 1
105 112 23 23 0 1
105 135 21 23 0 3
105 156 22 23 0 2
105 178 20 23 0 2
105 198 22 23 0 2
105 220 25 23 0 1
105 245 23 23 0 3
105 268 22 23 0 3
105 290 10 16 0 2
121 290 10 7 0 1
128 112 22 25 0 3
128 134 22 22 0 2
128 156 21 24 0 2
128 177 23 23 0 1
128 200 23 23 0 2
128 223 21 19 0 2
128 244 19 19 0 2
128 263 18 19 0 2
128 281 19 19 0 2
147 223 4 4 0 1
147 227 4 4 0 1
147 231 4 4 0 2
147 235 4 4 0 1
147 239 4 4 0 1
147 243 4 4 0 1
147 247 4 4 0 2
147 251 4 4 0 3
147 255 4 4 0 1
147 259 3 4 0 1
147 262 4 4 0 1
147 266 4 4 0 2
147 270 3 4 0 2
147 273 4 4 0 2
147 277 4 4 0 1
147 281 4 4 0 1
147 285 4 4 0 2
147 289 4 4 0 1
147 293 7 4 0 1
151 177 9 9 0 3
151 186 9 9 0 1
151 195 9 9 0 2
151 204 10 9 0 1
151 214 9 9 0 2
151 223 9 9 0 1
151 232 9 9 0 1
151 241 8 9 0 2
151 249 9 9 0 2
151 258 9 9 0 2
151 267 10 9 0 2
151 277 10 9 0 1
151 287 9 9 0 1
151 296 4 9 0 1
152 156 8 8 0 1
152 164 9 8 0 1
152 173 4 8 0 2
150 134 10 10 0 1
150 144 12 10 0 3
153 112 7 7 0 2
153 119 8 7 0 1
153 127 7 7 0 2
107 89 23 22 0 1
129 89 23 23 0 1
152 89 7 8 0 2
152 96 9 8 0 1
152 105 7 8 0 1
104 65 24 21 0 1
125 65 24 22 0 2
147 65 12 13 0 2
147 77 12 13 0 3
49 43 22 22 0 1
71 43 22 22 0 1
93 43 22 22 0 2
115 43 22 22 0 3
137 43 22 23 0 1
46 22 21 23 0 2
69 22 21 21 0 1
90 22 21 23 0 1
113 22 21 24 0 1
137 22 21 23 0 2
43 0 22 24 0 1
67 0 22 19 0 1
86 0 22 21 0 1
107 0 22 25 0 1
132 0 22 23 0 1
155 0 6 5 0 2
155 6 5 5 0 1
155 11 5 5 0 1
155 16 6 5 0 1
