600 400 8
5
600 430 4
610 370 3
285 240 2
330 130 1
240 260 0.5
608
0 0 157 43 4 2
0 157 168 64 4 3
0 325 215 54 4 3
0 540 60 26 4 2
26 540 46 28 4 2
26 586 14 13 4 1
39 586 14 8 4 2
47 586 14 7 4 2
54 325 203 51 4 2
54 528 72 19 4 2
73 528 72 281 4 3
354 528 33 76 4 3
354 561 39 33 4 2
387 561 39 19 4 2
406 561 39 24 4 2
105 325 138 46 4 1
105 463 65 21 4 2
126 463 23 25 4 2
126 486 10 25 4 2
126 496 20 25 4 2
126 516 12 25 4 3
151 325 42 279 4 2
151 367 161 106 4 2
257 367 43 41 4 4
257 410 15 41 4 1
257 425 60 23 4 1
257 485 3 23 4 1
257 488 40 15 4 2
272 488 5 8 4 2
272 493 27 8 4 3
272 520 8 8 4 1
280 425 6 18 4 3
280 431 5 18 4 3
280 436 3 18 4 2
280 439 6 18 4 2
280 445 9 18 4 1
280 454 53 18 4 2
280 507 21 18 4 1
298 367 41 40 4 4
298 408 4 40 4 4
298 412 91 40 4 2
298 503 6 40 4 3
298 509 19 35 4 3
333 509 1 5 4 2
333 510 18 5 4 2
338 367 161 66 4 2
404 367 72 20 4 1
404 439 46 26 4 2
404 485 43 17 4 2
421 485 31 9 4 2
421 516 3 9 4 1
421 519 9 5 4 2
426 519 9 4 4 2
424 367 14 6 4 2
424 381 10 6 4 2
424 391 4 6 4 3
424 395 11 6 4 2
424 406 15 6 4 3
424 421 18 6 4 3
64 157 131 147 4 3
64 288 37 47 4 2
111 288 37 20 4 3
131 288 37 45 4 3
176 288 37 64 4 3
240 288 37 47 4 3
287 288 37 21 4 2
308 288 37 31 4 1
339 288 37 29 4 2
368 288 37 24 4 2
392 288 37 21 4 2
413 288 31 17 4 2
413 319 6 8 4 1
421 319 6 4 4 2
425 319 1 5 4 3
425 320 5 5 4 2
211 157 83 219 4 2
211 240 48 18 4 2
229 240 21 138 4 3
229 261 27 22 4 2
251 261 27 28 4 2
279 261 27 39 4 2
318 261 27 20 4 2
338 261 27 21 4 2
359 261 13 71 4 2
359 274 14 22 4 2
381 274 14 13 4 2
394 274 14 36 4 2
367 240 21 53 4 2
420 240 21 10 4 1
43 0 37 76 4 1
43 37 120 35 4 1
78 37 40 32 4 2
78 77 25 41 4 2
78 102 55 29 4 1
107 102 2 12 4 2
107 104 31 12 4 3
107 135 22 8 4 3
115 135 1 4 4 2
115 136 5 4 4 3
115 141 11 4 4 2
115 152 5 4 4 2
110 37 3 9 4 2
110 40 2 9 4 1
110 42 20 9 4 2
110 62 15 9 4 3
119 0 12 112 4 1
119 12 125 36 4 2
119 137 20 23 4 2
142 137 20 23 4 2
165 137 8 66 4 2
165 145 12 19 4 1
184 145 5 47 4 2
184 150 7 10 4 3
194 150 7 8 4 2
202 150 7 9 4 3
211 150 7 7 4 3
218 150 7 5 4 2
223 150 7 4 4 1
227 150 7 4 4 1
155 12 8 76 4 3
155 20 117 61 4 1
216 20 34 15 4 2
216 54 2 15 4 1
216 56 16 15 4 3
216 72 41 15 4 2
216 113 24 15 4 2
231 0 92 100 4 2
231 92 65 38 4 2
269 92 65 35 4 3
304 92 22 27 4 3
304 114 43 18 4 1
322 114 14 9 4 3
322 128 6 9 4 2
322 134 17 9 4 2
322 151 6 4 4 2
326 151 6 5 4 2
331 0 45 66 4 3
331 45 19 99 4 3
331 64 41 81 4 3
331 105 42 31 4 1
331 147 10 16 4 1
347 147 10 18 4 3
365 147 10 13 4 2
378 147 6 52 4 3
378 153 4 20 4 2
398 153 4 16 4 2
414 153 4 4 4 2
418 153 4 12 4 3
362 105 42 20 4 3
382 105 11 48 4 2
382 116 31 22 4 2
404 116 31 26 4 1
412 64 4 18 4 3
412 68 37 18 4 2
397 0 23 33 4 2
397 23 22 33 4 2
0 0 300 76 3 3
0 300 17 76 3 2
0 317 61 76 3 2
0 378 17 76 3 2
0 395 82 22 3 2
0 477 28 22 3 2
0 505 48 22 3 2
0 553 9 22 3 2
0 562 7 22 3 2
0 569 8 22 3 2
0 577 33 18 3 1
18 577 5 4 3 3
18 582 7 4 3 3
18 589 4 4 3 2
18 593 9 4 3 2
18 602 1 4 3 3
18 603 7 4 3 2
22 395 6 54 3 3
22 401 40 28 3 3
22 441 25 46 3 2
22 466 68 25 3 3
22 534 57 25 3 2
22 591 19 16 3 3
38 591 19 9 3 2
47 466 4 29 3 2
47 470 71 20 3 2
47 541 69 23 3 2
70 541 23 6 3 2
70 564 4 6 3 3
70 568 1 6 3 2
70 569 21 6 3 2
70 590 20 6 3 2
67 470 25 9 3 1
67 495 9 9 3 2
67 504 32 9 3 2
67 536 5 3 3 2
70 536 5 6 3 2
68 441 7 8 3 3
68 448 18 8 3 2
50 401 3 26 3 1
50 404 37 26 3 3
76 0 225 97 3 4
76 225 33 53 3 1
76 258 169 48 3 2
76 427 55 53 3 2
76 482 118 30 3 1
76 600 10 14 3 2
90 600 10 7 3 2
97 600 10 5 3 2
102 600 10 4 3 2
106 482 34 23 3 3
106 516 94 23 3 1
124 258 18 5 3 2
124 276 1 5 3 1
124 277 18 5 3 2
124 295 17 5 3 2
124 312 1 5 3 2
124 313 16 5 3 3
124 329 4 5 3 3
124 333 7 5 3 2
124 340 15 5 3 2
124 355 5 5 3 3
124 360 1 5 3 2
124 361 18 5 3 2
124 379 16 5 3 2
124 395 19 5 3 1
124 414 1 5 3 2
124 415 12 5 3 2
129 225 11 44 3 1
129 236 36 44 3 2
129 272 174 44 3 3
129 446 9 44 3 2
129 455 109 44 3 2
129 564 46 25 3 2
154 564 9 19 3 2
154 573 37 14 3 3
168 573 19 5 3 2
168 592 5 5 3 1
168 597 13 5 3 1
173 0 224 81 3 2
173 224 87 22 3 2
173 311 2 22 3 2
173 313 68 22 3 2
173 381 63 22 3 3
173 444 74 22 3 2
173 518 6 22 3 2
173 524 69 22 3 3
173 593 17 22 3 1
195 224 223 100 3 2
195 447 163 62 3 3
257 447 120 38 3 2
257 567 43 19 3 2
276 567 43 19 3 3
295 224 167 75 3 3
295 391 71 75 3 1
295 462 13 75 3 3
295 475 93 29 3 2
295 568 42 26 3 1
321 568 42 17 3 4
338 568 13 32 3 2
338 581 29 19 3 2
357 581 29 13 3 1
324 475 93 28 3 3
352 475 7 18 3 2
352 482 2 18 3 1
352 484 24 18 3 1
352 508 21 18 3 2
352 529 14 18 3 2
352 543 4 18 3 2
352 547 21 11 3 2
363 547 1 7 3 2
363 548 20 7 3 2
254 0 124 116 3 2
254 124 68 116 3 3
254 192 32 17 3 2
271 192 32 37 3 2
308 192 32 20 3 3
328 192 32 20 3 2
348 192 2 22 3 1
348 194 30 22 3 1
0 0 68 19 2 2
0 68 31 11 2 2
0 99 76 19 2 2
0 175 57 19 2 2
0 232 14 19 2 3
0 246 22 19 2 2
0 268 3 19 2 2
0 271 14 8 2 2
8 271 14 11 2 3
11 68 31 8 2 3
19 0 42 14 2 3
19 42 39 14 2 2
19 81 49 14 2 2
19 130 56 14 2 2
19 186 52 14 2 2
19 238 19 14 2 2
19 257 3 14 2 1
19 260 25 14 2 3
33 0 141 41 2 3
33 141 92 33 2 3
33 233 35 11 2 2
33 268 5 11 2 2
33 273 12 11 2 2
44 233 33 11 2 3
44 266 19 9 2 2
53 266 19 9 2 2
62 266 5 4 2 1
62 271 4 4 2 1
62 275 4 4 2 2
62 279 2 4 2 2
62 281 4 4 2 2
55 233 1 11 2 3
55 234 23 11 2 2
55 257 9 11 2 2
66 141 32 8 2 2
66 173 3 8 2 2
66 176 32 8 2 2
66 208 27 8 2 2
66 235 28 8 2 3
66 263 22 8 2 2
74 0 97 55 2 2
74 97 117 56 2 3
74 214 71 32 2 2
106 214 55 16 2 2
106 269 16 16 2 2
122 214 1 8 2 2
122 215 21 8 2 2
122 236 3 8 2 3
122 239 3 8 2 2
122 242 31 8 2 3
122 273 12 8 2 2
130 97 66 27 2 4
130 163 42 89 2 2
130 205 80 37 2 3
167 205 37 19 2 1
167 242 5 52 2 2
167 247 13 27 2 1
167 260 25 16 2 1
183 260 1 11 2 2
183 261 13 11 2 2
183 274 11 6 2 2
189 274 5 5 2 4
189 279 6 5 2 2
194 247 38 13 2 2
207 247 2 12 2 2
207 249 21 12 2 2
207 270 15 7 2 2
214 270 15 5 2 2
186 205 37 15 2 1
201 205 2 18 2 2
201 207 35 18 2 2
219 163 64 16 2 2
219 227 38 11 2 4
219 265 20 11 2 3
230 265 8 10 2 2
230 273 1 10 2 2
230 274 11 10 2 1
230 227 1 10 2 2
230 228 13 10 2 3
230 241 24 10 2 2
235 163 1 5 2 2
235 164 13 5 2 2
235 177 1 5 2 2
235 178 11 5 2 3
235 189 3 5 2 1
235 192 9 5 2 1
235 201 1 5 2 1
235 202 20 5 2 2
235 222 5 5 2 1
157 97 40 18 2 3
157 137 26 19 2 1
176 137 16 24 2 2
176 153 10 26 2 1
202 153 10 10 2 2
212 153 10 10 2 1
222 153 3 18 2 2
222 156 3 18 2 2
222 159 4 5 2 2
227 159 4 4 2 2
231 159 4 9 2 3
200 137 16 14 2 2
214 137 3 26 2 1
214 140 13 26 2 3
175 97 6 65 2 1
175 103 34 21 2 2
196 103 34 9 2 3
205 103 34 13 2 2
218 103 34 10 2 3
228 103 24 12 2 2
228 127 10 8 2 3
236 127 10 4 2 3
129 0 97 31 2 3
160 0 10 80 2 2
160 10 87 27 2 2
187 10 57 22 2 2
187 67 30 16 2 2
203 67 16 6 2 2
203 83 14 6 2 3
209 10 5 31 2 2
209 15 33 19 2 1
209 48 4 19 2 2
209 52 41 11 2 2
209 93 4 5 2 1
214 93 4 5 2 1
219 93 4 9 2 1
220 52 32 8 2 3
220 84 9 4 2 2
224 84 9 4 2 2
228 15 29 12 2 3
228 44 2 12 2 3
228 46 25 12 2 4
228 71 26 12 2 2
0 0 27 26 1 2
0 27 127 32 1 3
0 154 41 24 1 2
0 195 54 32 1 2
0 249 3 32 1 2
0 252 9 26 1 3
0 261 38 11 1 1
0 299 31 11 1 2
11 261 19 15 1 2
11 280 50 15 1 2
26 252 23 6 1 2
26 275 24 6 1 1
26 299 13 6 1 3
26 312 18 6 1 1
24 154 15 8 1 2
24 169 26 8 1 2
32 27 128 34 1 3
32 155 54 54 1 2
32 209 62 16 1 4
32 271 19 16 1 2
32 290 31 8 1 2
32 321 9 8 1 2
40 290 2 8 1 2
40 292 31 8 1 1
40 323 7 8 1 2
48 209 26 38 1 2
48 235 35 10 1 2
48 270 15 38 1 1
48 285 36 12 1 1
48 321 9 13 1 2
61 321 9 25 1 3
60 285 28 9 1 1
60 313 8 9 1 2
69 313 8 6 1 2
75 313 8 11 1 1
69 285 28 8 1 1
77 285 23 9 1 1
77 308 5 5 1 1
82 308 5 4 1 3
58 235 35 13 1 3
71 235 35 10 1 3
81 235 15 5 1 3
81 250 16 5 1 2
81 266 4 5 1 2
86 155 84 21 1 2
86 239 35 33 1 2
86 274 56 20 1 3
106 274 32 9 1 4
106 306 24 16 1 2
122 306 24 8 1 2
115 274 32 8 1 3
123 274 6 7 1 2
123 280 19 7 1 2
123 299 7 7 1 3
119 239 35 11 1 3
107 155 43 18 1 2
107 198 41 18 1 2
125 198 16 5 1 2
125 214 9 5 1 1
125 223 7 5 1 3
125 230 9 5 1 2
125 155 7 5 1 2
125 162 7 5 1 2
125 169 3 5 1 1
125 172 15 5 1 2
125 187 0 5 1 2
125 187 2 5 1 3
125 189 9 5 1 2
66 27 33 9 1 2
66 60 3 9 1 2
66 63 36 9 1 2
66 99 35 9 1 1
66 134 7 9 1 1
66 141 14 9 1 2
75 27 43 21 1 2
75 70 13 16 1 2
75 83 16 16 1 3
75 99 2 16 1 1
75 101 6 16 1 2
75 107 39 16 1 2
75 146 2 16 1 3
75 148 7 6 1 3
81 148 7 10 1 3
91 70 5 5 1 2
91 75 6 5 1 2
91 81 1 5 1 1
91 82 7 5 1 1
91 89 17 5 1 1
91 106 18 5 1 3
91 124 1 5 1 2
91 125 4 5 1 4
91 129 0 5 1 2
91 129 16 5 1 2
91 145 10 5 1 2
96 27 116 34 1 3
96 143 12 10 1 2
106 143 12 9 1 2
115 143 12 11 1 2
126 143 1 4 1 2
126 144 7 4 1 2
126 151 4 4 1 3
26 0 21 51 1 2
26 21 6 9 1 3
35 21 6 12 1 2
47 21 6 20 1 2
67 21 6 13 1 4
80 21 6 15 1 3
95 21 6 9 1 2
104 21 6 6 1 3
110 21 6 6 1 2
116 21 6 7 1 2
123 21 6 7 1 2
77 0 21 15 1 2
92 0 21 9 1 2
101 0 21 9 1 2
110 0 2 20 1 2
110 2 15 20 1 2
110 17 4 5 1 1
115 17 4 11 1 2
126 17 4 4 1 2
0 0 12 118 0 1
0 12 156 39 0 2
0 168 51 16 0 3
0 219 9 16 0 2
0 228 2 16 0 2
0 230 2 16 0 2
0 232 8 9 0 2
9 232 8 7 0 1
16 168 32 17 0 2
16 200 12 23 0 2
16 212 28 16 0 2
32 212 28 7 0 2
33 168 7 6 0 2
33 175 25 6 0 1
39 12 55 79 0 2
39 67 152 38 0 1
39 219 21 28 0 2
67 219 21 23 0 2
90 219 21 11 0 2
101 219 21 17 0 1
77 67 52 13 0 2
77 119 100 31 0 2
108 119 3 10 0 3
108 122 34 10 0 2
108 156 10 10 0 1
108 166 8 10 0 2
108 174 12 10 0 2
108 186 11 10 0 2
108 197 22 10 0 2
90 67 3 28 0 2
90 70 3 28 0 2
90 73 36 28 0 2
90 109 10 8 0 1
98 109 10 20 0 2
118 0 19 78 0 2
118 19 99 62 0 2
118 118 122 40 0 2
158 118 26 22 0 2
158 144 40 22 0 2
158 184 50 22 0 1
158 234 6 14 0 2
172 234 1 8 0 2
172 235 5 3 0 2
175 235 5 5 0 1
180 19 62 16 0 2
180 81 43 11 0 2
180 124 6 16 0 2
180 130 56 16 0 2
180 186 32 16 0 2
180 218 6 16 0 2
180 224 16 16 0 2
191 81 6 5 0 1
191 87 20 5 0 2
191 107 17 5 0 2
196 0 126 34 0 2
196 126 96 24 0 2
196 222 18 9 0 2
205 222 18 15 0 1
220 126 13 10 0 2
220 139 8 10 0 1
220 147 21 10 0 2
220 168 40 10 0 1
220 208 20 10 0 3
220 228 12 10 0 2
230 0 4 30 0 2
230 4 6 30 0 1
230 10 57 30 0 3
230 67 35 30 0 2
230 102 83 21 0 2
230 185 14 30 0 2
230 199 24 15 0 1
230 223 9 15 0 3
230 232 8 11 0 2
241 232 4 4 0 2
241 236 4 4 0 2
245 199 41 15 0 2
251 102 9 9 0 1
251 111 36 9 0 4
251 147 29 9 0 1
251 176 9 9 0 2
