200 400 5
6
200 400 3
400 160 1.5
80 160 2
160 80 1.5
120 80 1
240 80 0.5
112
0 0 200 179 3 4
179 0 200 136 3 4
315 0 42 85 3 3
315 42 72 85 3 4
315 114 52 85 3 2
315 166 34 46 3 2
361 166 34 27 3 1
388 166 11 12 3 3
388 177 6 12 3 1
388 183 12 12 3 2
388 195 5 12 3 2
0 0 171 112 1 2
0 171 147 105 1 3
0 318 82 72 1 3
72 318 59 33 1 4
72 377 23 24 1 4
96 377 12 9 1 1
96 389 11 9 1 3
105 171 13 7 1 3
105 184 14 7 1 2
105 198 7 7 1 2
105 205 8 7 1 4
105 213 9 7 1 3
105 222 12 7 1 3
105 234 8 7 1 1
105 242 6 7 1 1
105 248 13 7 1 3
105 261 4 7 1 4
105 265 9 7 1 2
105 274 14 7 1 4
105 288 13 7 1 1
105 301 12 7 1 4
105 313 9 7 1 4
105 322 14 7 1 3
105 336 10 7 1 1
105 346 13 7 1 3
105 359 12 7 1 4
105 371 9 7 1 3
105 380 10 7 1 4
105 390 10 7 1 4
112 0 58 48 1 3
112 58 26 48 1 4
112 84 32 48 1 2
112 116 90 48 1 4
112 206 89 48 1 2
112 295 88 48 1 1
112 383 17 40 1 1
152 383 4 8 1 3
152 387 13 8 1 3
0 0 80 62 2 1
62 0 42 83 2 1
62 42 38 80 2 3
142 42 28 18 2 2
142 70 10 11 2 3
153 70 4 7 2 4
153 74 6 7 2 1
145 0 18 15 2 4
145 18 24 15 2 4
0 0 84 76 1 2
0 84 76 53 1 4
53 84 48 27 1 1
53 132 28 27 1 1
76 0 2 4 1 1
76 2 3 4 1 3
76 5 8 4 1 2
76 13 8 4 1 3
76 21 3 4 1 1
76 24 2 4 1 2
76 26 6 4 1 4
76 32 7 4 1 2
76 39 8 4 1 1
76 47 5 4 1 2
76 52 5 4 1 3
76 57 4 4 1 3
76 61 3 4 1 3
76 64 5 4 1 3
76 69 4 4 1 3
76 73 7 4 1 1
76 80 4 4 1 1
0 0 76 38 1 4
0 76 44 37 1 1
37 76 44 31 1 2
68 76 8 12 1 2
68 84 23 12 1 1
68 107 8 12 1 1
68 115 5 6 1 1
74 115 5 6 1 3
38 0 67 36 1 4
38 67 9 14 1 3
52 67 9 15 1 1
67 67 9 13 1 4
74 0 4 6 1 2
74 4 6 6 1 1
74 10 3 6 1 1
74 13 9 6 1 2
74 22 10 6 1 4
74 32 5 6 1 4
74 37 12 6 1 2
74 49 6 6 1 1
74 55 12 6 1 1
0 0 69 80 0 1
0 69 80 49 0 1
0 149 91 49 0 1
49 69 16 31 0 3
49 85 16 31 0 4
49 101 44 31 0 3
49 145 35 31 0 4
49 180 22 31 0 3
49 202 19 31 0 4
49 221 19 21 0 1
70 221 11 10 0 4
70 232 8 10 0 4
