200 200 5
4
200 100 4
200 120 3
70 120 2
130 240 1
42
0 0 168 56 4 3
0 168 32 28 4 2
28 168 32 22 4 3
50 168 17 6 4 2
50 185 3 6 4 3
50 188 5 6 4 3
50 193 7 6 4 2
56 0 16 44 4 4
56 16 90 44 4 3
56 106 86 44 4 2
56 192 8 12 4 4
68 192 8 26 4 2
94 192 8 6 4 2
0 0 46 120 3 4
0 46 125 44 3 3
0 171 29 44 3 1
44 46 154 61 3 2
105 46 38 15 3 3
105 84 4 15 3 4
105 88 45 15 3 2
105 133 25 15 3 3
105 158 42 15 3 3
0 0 70 38 2 2
38 0 63 30 2 3
38 63 7 30 2 4
68 0 70 40 2 3
108 0 10 12 2 4
108 10 30 12 2 2
108 40 3 12 2 2
108 43 14 12 2 3
108 57 13 12 2 4
0 0 130 61 1 4
61 0 130 73 1 2
134 0 130 49 1 3
183 0 17 57 1 2
183 17 70 57 1 4
183 87 43 29 1 3
212 87 43 22 1 1
234 87 17 6 1 4
234 104 15 6 1 4
234 119 4 6 1 3
234 123 7 6 1 2
