700 1000 15
3
700 1800 4
700 1350 3
1050 1250 2
1780
0 0 154 36 4 1
36 0 154 38 4 1
74 0 29 140 4 3
74 29 69 36 4 2
74 98 28 140 4 1
74 126 28 32 4 1
106 126 28 47 4 2
153 126 28 61 4 1
110 29 69 41 4 3
151 29 13 63 4 1
151 42 25 63 4 2
151 67 31 63 4 2
214 0 40 74 4 3
214 40 114 46 4 2
260 40 67 28 4 1
260 107 27 28 4 1
260 134 20 28 4 3
288 0 47 63 4 1
288 47 24 107 4 3
288 71 83 37 4 1
325 71 83 41 4 1
366 71 83 29 4 2
395 47 107 32 4 2
427 47 42 90 4 3
427 89 28 139 4 1
427 117 37 49 4 1
476 117 37 38 4 2
514 117 37 34 4 2
548 117 37 49 4 1
597 117 37 30 4 2
627 117 37 47 4 3
674 117 37 75 4 2
749 117 37 50 4 1
799 117 37 42 4 3
841 117 37 32 4 3
873 117 37 19 4 2
566 89 28 113 4 3
679 89 28 38 4 2
717 89 28 36 4 1
753 89 28 38 4 2
791 89 28 60 4 2
851 89 28 41 4 3
517 47 42 36 4 1
553 47 42 118 4 3
671 47 42 125 4 2
796 47 42 96 4 1
351 0 47 48 4 2
399 0 47 51 4 1
450 0 47 49 4 1
499 0 47 47 4 2
546 0 47 31 4 2
577 0 47 81 4 3
658 0 28 106 4 3
658 28 19 106 4 3
764 0 47 128 4 2
0 154 64 53 4 2
0 218 91 53 4 3
53 154 24 115 4 2
53 178 27 109 4 3
53 205 104 49 4 1
102 205 104 60 4 3
162 178 68 61 4 2
162 246 63 32 4 1
194 246 63 61 4 1
255 246 63 37 4 2
292 246 63 37 4 3
329 246 30 85 4 3
329 276 33 36 4 1
365 276 33 72 4 2
437 276 33 59 4 3
496 276 33 29 4 3
525 276 33 38 4 3
563 276 33 38 4 1
601 276 33 48 4 2
649 276 33 36 4 1
685 276 33 207 4 1
414 246 30 59 4 2
473 246 30 39 4 1
512 246 30 42 4 2
554 246 30 113 4 2
667 246 30 102 4 3
769 246 30 37 4 3
806 246 30 86 4 1
223 178 68 55 4 1
278 178 44 66 4 2
278 222 24 37 4 3
315 222 24 63 4 3
378 222 24 42 4 1
420 222 24 36 4 3
456 222 24 31 4 1
487 222 24 45 4 2
532 222 24 54 4 3
586 222 24 52 4 3
638 222 24 41 4 3
679 222 24 137 4 3
816 222 24 28 4 3
844 222 24 20 4 1
864 222 24 28 4 3
344 178 44 31 4 3
375 178 44 58 4 3
433 178 44 30 4 3
463 178 44 61 4 3
524 178 44 42 4 2
566 178 44 37 4 1
603 178 44 42 4 1
645 178 44 66 4 2
711 178 44 57 4 2
768 178 44 45 4 3
813 178 44 30 4 3
843 178 44 49 4 3
168 154 24 105 4 2
273 154 24 88 4 1
361 154 24 81 4 3
442 154 24 88 4 2
530 154 24 36 4 3
566 154 24 141 4 3
707 154 24 29 4 1
736 154 24 64 4 2
800 154 24 44 4 3
844 154 24 48 4 2
892 0 89 46 4 3
892 89 36 46 4 2
892 125 32 46 4 2
892 157 101 46 4 1
892 258 51 46 4 3
938 0 82 49 4 1
938 82 103 49 4 2
938 185 124 49 4 3
987 0 35 100 4 2
987 35 23 111 4 2
987 58 62 50 4 3
987 120 50 52 4 1
987 170 14 52 4 2
987 184 125 29 4 3
1016 184 65 23 4 2
1016 249 6 23 4 3
1016 255 9 23 4 2
1016 264 45 23 4 3
1039 120 87 59 4 2
1039 207 102 59 4 1
1037 58 62 61 4 3
1098 35 76 42 4 2
1098 111 42 62 4 3
1098 153 33 62 4 2
1098 186 123 38 4 1
1136 186 57 24 4 1
1136 243 38 24 4 2
1136 281 28 24 4 3
1160 111 103 36 4 3
1160 214 22 36 4 1
1160 236 45 36 4 1
1160 281 28 20 4 3
1180 281 28 16 4 3
1196 111 64 65 4 1
1196 175 46 86 4 2
1196 221 88 30 4 2
1226 221 88 56 4 1
1282 175 72 36 4 3
1282 247 62 30 4 1
1312 247 7 34 4 3
1312 254 55 34 4 1
1318 175 72 28 4 1
1261 111 64 32 4 2
1293 111 64 31 4 1
1324 111 8 22 4 3
1324 119 56 22 4 2
1140 35 34 106 4 1
1140 69 42 47 4 2
1187 69 42 59 4 2
1246 35 76 62 4 3
1308 35 8 38 4 3
1308 43 68 38 4 2
1087 0 35 52 4 2
1139 0 35 84 4 3
1223 0 35 35 4 3
1258 0 35 55 4 3
1313 0 7 33 4 1
1313 7 28 33 4 3
1346 0 91 36 4 3
1346 91 104 36 4 3
1346 195 114 36 4 1
1382 0 67 42 4 2
1382 67 72 53 4 3
1382 139 83 53 4 3
1382 222 23 53 4 3
1382 245 64 35 4 2
1417 245 64 18 4 3
1435 67 84 43 4 3
1435 151 99 43 4 3
1435 250 25 43 4 1
1435 275 34 25 4 2
1460 275 6 18 4 3
1460 281 28 18 4 2
1478 67 75 35 4 3
1478 142 105 35 4 2
1478 247 7 35 4 3
1478 254 55 35 4 2
1513 67 56 46 4 3
1513 123 52 52 4 3
1513 175 60 52 4 1
1513 235 74 52 4 1
1565 123 93 31 4 3
1565 216 93 31 4 2
1596 123 105 38 4 2
1596 228 28 38 4 3
1596 256 53 38 4 2
1634 123 77 53 4 2
1634 200 57 45 4 3
1634 257 34 80 4 3
1634 291 18 34 4 3
1668 291 18 31 4 1
1699 291 18 33 4 1
1732 291 18 26 4 3
1758 291 11 42 4 1
1758 302 7 24 4 1
1782 302 7 18 4 3
1714 257 22 86 4 2
1714 279 12 21 4 1
1735 279 12 17 4 2
1752 279 12 28 4 1
1780 279 12 20 4 1
1679 200 57 37 4 2
1716 200 57 32 4 3
1748 200 57 52 4 1
1687 123 77 31 4 1
1718 123 77 33 4 1
1751 123 15 49 4 3
1751 138 62 49 4 1
1559 67 56 37 4 3
1596 67 26 105 4 1
1596 93 30 105 4 2
1701 67 56 37 4 1
1738 67 56 62 4 3
1424 0 67 86 4 1
1510 0 67 39 4 1
1549 0 67 31 4 2
1580 0 67 40 4 1
1620 0 29 96 4 1
1620 29 38 35 4 1
1655 29 38 86 4 2
1741 29 13 59 4 2
1741 42 25 24 4 3
1765 42 25 21 4 2
1786 42 7 14 4 3
1786 49 18 14 4 3
1716 0 29 44 4 3
1760 0 29 40 4 2
892 309 24 112 4 2
892 333 85 32 4 2
892 418 86 32 4 3
924 333 18 80 4 3
924 351 75 48 4 1
924 426 19 48 4 1
924 445 59 29 4 2
953 445 10 19 4 3
953 455 49 19 4 2
972 351 96 32 4 1
972 447 57 32 4 1
1004 309 96 35 4 2
1004 405 24 35 4 2
1004 429 23 35 4 1
1004 452 7 35 4 2
1004 459 21 35 4 1
1004 480 14 35 4 2
1004 494 10 12 4 1
1016 494 10 9 4 1
1025 494 4 14 4 2
1025 498 6 5 4 1
1030 498 6 5 4 3
1035 498 1 4 4 3
1035 499 3 4 4 1
1035 502 2 2 4 3
1037 502 2 2 4 3
1039 309 85 48 4 1
1039 394 110 38 4 2
1077 394 110 44 4 2
1121 394 110 30 4 3
1151 394 55 63 4 3
1151 449 13 63 4 3
1151 462 20 63 4 2
1151 482 22 36 4 1
1187 482 22 15 4 3
1202 482 3 12 4 3
1202 485 19 12 4 2
1214 394 110 38 4 3
1252 394 110 34 4 3
1286 394 33 80 4 3
1286 427 32 127 4 3
1286 459 45 40 4 2
1326 459 45 36 4 1
1362 459 45 51 4 3
1413 427 77 35 4 1
1448 427 77 41 4 2
1489 427 77 39 4 2
1528 427 77 50 4 1
1578 427 77 39 4 2
1617 427 77 32 4 3
1649 427 33 86 4 3
1649 460 44 78 4 1
1727 460 44 30 4 2
1757 460 44 27 4 1
1784 460 14 16 4 2
1784 474 30 16 4 3
1735 427 33 35 4 2
1770 427 33 30 4 2
1366 394 33 61 4 3
1427 394 33 40 4 3
1467 394 33 45 4 2
1512 394 33 36 4 1
1548 394 33 32 4 1
1580 394 33 52 4 2
1632 394 33 38 4 3
1670 394 33 130 4 2
1087 309 85 54 4 3
1141 309 85 39 4 2
1180 309 85 34 4 3
1214 309 40 77 4 1
1214 349 45 31 4 2
1245 349 45 46 4 3
1291 309 38 102 4 3
1291 347 31 102 4 1
1291 378 16 102 4 1
1393 309 27 137 4 2
1393 336 58 38 4 2
1431 336 58 32 4 3
1463 336 26 122 4 3
1463 362 32 45 4 1
1508 362 32 77 4 1
1585 336 58 37 4 3
1622 336 58 64 4 3
1686 336 58 114 4 1
1530 309 27 66 4 3
1596 309 27 36 4 1
1632 309 27 40 4 1
1672 309 27 66 4 2
1738 309 27 62 4 2
892 504 96 39 4 1
892 600 100 39 4 1
931 504 82 35 4 1
931 586 114 35 4 2
966 504 96 40 4 2
966 600 100 30 4 3
996 600 100 45 4 3
1041 600 100 30 4 1
1071 600 65 60 4 2
1071 665 35 32 4 3
1103 665 35 28 4 3
1131 600 35 94 4 3
1131 635 19 94 4 1
1131 654 46 61 4 1
1192 654 46 33 4 2
1225 600 100 30 4 2
1255 600 100 35 4 3
1290 600 38 83 4 1
1290 638 62 33 4 3
1323 638 62 50 4 2
1373 600 100 53 4 2
1426 600 65 54 4 2
1426 665 35 30 4 2
1456 665 35 85 4 1
1541 665 35 131 4 1
1672 665 35 54 4 2
1726 665 35 34 4 2
1760 665 35 23 4 2
1783 665 35 17 4 2
1480 600 35 119 4 3
1480 635 30 38 4 2
1518 635 30 81 4 1
1599 600 42 62 4 2
1599 642 23 37 4 2
1636 642 23 43 4 2
1679 642 23 31 4 1
1710 642 23 54 4 1
1764 642 10 36 4 1
1764 652 13 19 4 2
1783 652 13 17 4 1
1661 600 42 43 4 1
1704 600 42 62 4 1
1766 600 42 22 4 2
1788 600 25 12 4 2
1788 625 17 12 4 3
1006 504 46 82 4 1
1006 550 50 37 4 1
1043 550 50 29 4 1
1072 550 6 16 4 1
1072 556 24 16 4 2
1072 580 20 16 4 3
1088 504 96 36 4 3
1124 504 35 118 4 3
1124 539 61 30 4 3
1154 539 61 40 4 2
1194 539 61 48 4 3
1242 504 96 48 4 3
1290 504 96 30 4 3
1320 504 96 36 4 1
1356 504 96 39 4 3
1395 504 36 106 4 3
1395 540 60 31 4 2
1426 540 60 75 4 2
1501 504 96 37 4 2
1538 504 24 113 4 1
1538 528 72 41 4 3
1579 528 72 47 4 3
1626 528 9 25 4 1
1626 537 63 25 4 2
1651 504 39 149 4 2
1651 543 35 73 4 3
1651 578 22 31 4 1
1682 578 22 34 4 1
1716 578 22 84 4 2
1724 543 35 43 4 2
1767 543 35 33 4 2
0 309 107 38 4 1
0 416 60 65 4 1
0 476 107 39 4 3
0 583 33 87 4 1
0 616 22 87 4 3
0 638 62 34 4 3
34 638 62 33 4 1
67 638 10 20 4 2
67 648 20 20 4 3
67 668 14 20 4 3
67 682 18 12 4 2
79 682 3 8 4 3
79 685 7 8 4 3
79 692 8 5 4 2
84 692 4 3 4 1
84 696 4 3 4 1
87 583 117 40 4 3
127 583 117 37 4 3
164 583 53 71 4 1
164 636 64 33 4 2
197 636 24 116 4 2
197 660 24 108 4 2
197 684 16 59 4 1
256 684 16 18 4 3
274 684 16 31 4 1
305 660 40 141 4 2
313 636 24 133 4 2
235 583 53 52 4 1
287 583 53 33 4 3
320 583 53 50 4 2
370 583 53 29 4 1
399 583 16 47 4 3
399 599 37 28 4 2
427 599 37 19 4 1
39 476 107 36 4 2
75 476 107 31 4 3
106 476 27 127 4 3
106 503 80 39 4 1
145 503 80 50 4 2
195 503 34 86 4 2
195 537 46 35 4 1
230 537 29 94 4 2
230 566 17 104 4 3
334 566 17 55 4 1
389 566 17 21 4 2
410 566 11 36 4 2
410 577 6 9 4 2
419 577 6 8 4 3
427 577 6 7 4 2
434 577 6 5 4 3
439 577 6 7 4 1
324 537 29 122 4 2
281 503 34 34 4 2
315 503 34 37 4 1
352 503 34 31 4 3
383 503 34 30 4 2
413 503 34 33 4 3
233 476 27 32 4 3
265 476 27 40 4 2
305 476 27 141 4 1
65 416 60 69 4 1
134 416 60 79 4 1
213 416 60 68 4 2
281 416 32 105 4 2
281 448 28 105 4 1
386 416 60 34 4 1
420 416 26 26 4 1
420 442 34 26 4 3
38 309 107 47 4 3
85 309 107 39 4 3
124 309 107 36 4 2
160 309 29 119 4 1
160 338 78 40 4 1
200 338 78 37 4 1
237 338 78 37 4 3
274 338 78 53 4 1
327 338 27 119 4 1
327 365 51 39 4 1
366 365 51 41 4 3
407 365 13 39 4 2
407 378 38 24 4 3
431 378 21 15 4 3
431 399 5 15 4 1
431 404 12 15 4 3
279 309 29 30 4 1
309 309 29 34 4 3
343 309 29 46 4 1
389 309 14 57 4 1
389 323 15 57 4 3
446 309 54 76 4 1
446 363 111 37 4 2
446 474 104 37 4 1
446 578 122 37 4 1
483 363 117 39 4 3
483 480 26 39 4 1
483 506 110 39 4 3
483 616 8 39 4 1
483 624 14 39 4 2
483 638 8 39 4 1
483 646 54 39 4 1
522 309 64 43 4 2
522 373 103 43 4 3
522 476 58 43 4 2
522 534 72 43 4 2
522 606 22 43 4 1
522 628 13 43 4 1
522 641 59 43 4 1
565 309 29 126 4 3
565 338 41 97 4 1
565 379 63 64 4 1
565 442 107 38 4 3
565 549 151 38 4 3
603 549 82 39 4 3
603 631 69 37 4 1
640 631 69 39 4 3
679 631 69 45 4 3
724 631 39 168 4 1
724 670 30 43 4 3
767 670 30 29 4 2
796 670 30 59 4 3
855 670 30 21 4 2
876 670 4 16 4 1
876 674 26 16 4 1
642 549 33 107 4 2
642 582 49 69 4 2
711 582 19 38 4 2
711 601 11 38 4 1
711 612 19 18 4 2
729 612 19 11 4 3
740 612 3 9 4 2
740 615 16 9 4 2
749 549 82 61 4 2
810 549 82 82 4 3
603 442 107 36 4 2
639 442 68 62 4 2
639 510 18 62 4 3
639 528 12 62 4 1
639 540 9 20 4 2
659 540 9 19 4 1
678 540 9 10 4 1
688 540 9 8 4 3
696 540 2 5 4 2
696 542 7 5 4 3
701 442 52 80 4 2
701 494 55 30 4 1
731 494 20 50 4 3
731 514 35 50 4 2
781 442 107 42 4 2
823 442 16 69 4 1
823 458 91 31 4 3
854 458 91 38 4 1
629 379 41 90 4 1
629 420 22 33 4 2
662 420 22 21 4 3
683 420 22 36 4 2
719 379 63 66 4 3
785 379 63 38 4 2
823 379 16 69 4 1
823 395 24 69 4 1
823 419 23 35 4 1
858 419 23 34 4 1
662 338 41 46 4 1
708 338 41 73 4 1
781 338 41 31 4 3
812 338 41 33 4 1
845 338 15 47 4 3
845 353 26 47 4 1
691 309 29 32 4 3
723 309 29 48 4 1
771 309 29 49 4 2
820 309 29 31 4 1
851 309 29 21 4 3
872 309 29 20 4 1
0 0 91 34 3 3
0 91 95 34 3 3
34 0 70 35 3 1
34 70 116 35 3 2
69 0 68 29 3 2
69 68 23 92 3 1
69 91 95 32 3 2
101 91 95 31 3 1
132 91 95 29 3 2
161 68 26 109 3 1
161 94 28 109 3 1
161 122 64 109 3 1
270 94 92 27 3 1
297 94 92 31 3 3
328 94 51 38 3 3
328 145 41 32 3 1
360 145 41 32 3 1
392 145 41 32 3 2
424 145 41 38 3 3
462 145 41 32 3 3
494 145 41 36 3 1
530 145 41 31 3 3
561 145 41 26 3 1
587 145 41 31 3 2
618 145 41 28 3 3
646 145 41 23 3 3
669 145 41 16 3 3
366 94 51 28 3 2
394 94 51 32 3 2
426 94 51 37 3 3
463 94 51 53 3 2
516 94 51 27 3 1
543 94 51 49 3 1
592 94 51 37 3 3
629 94 51 27 3 1
656 94 9 29 3 1
656 103 22 29 3 1
656 125 20 29 3 2
270 68 26 28 3 1
298 68 26 30 3 1
328 68 26 112 3 2
440 68 26 33 3 1
473 68 26 66 3 3
539 68 26 32 3 3
571 68 26 32 3 2
603 68 26 27 3 2
630 68 26 31 3 3
661 68 26 24 3 2
98 0 26 92 3 2
98 26 42 37 3 2
135 26 42 25 3 3
160 26 42 48 3 2
208 26 42 33 3 1
241 26 42 29 3 3
270 26 42 32 3 1
302 26 42 62 3 1
364 26 42 33 3 2
397 26 42 68 3 2
465 26 42 32 3 1
497 26 42 42 3 1
539 26 42 29 3 2
568 26 42 25 3 2
593 26 42 26 3 3
619 26 42 66 3 2
190 0 26 32 3 3
222 0 26 34 3 3
256 0 26 34 3 2
290 0 26 35 3 2
325 0 26 38 3 3
363 0 26 57 3 1
420 0 26 45 3 2
465 0 26 35 3 1
500 0 26 34 3 1
534 0 26 91 3 3
625 0 26 60 3 1
0 186 41 53 3 2
0 227 25 120 3 3
0 252 79 27 3 1
0 331 42 27 3 2
27 252 65 49 3 1
27 317 56 49 3 3
76 252 22 44 3 3
76 274 99 44 3 2
120 227 67 46 3 2
120 294 79 46 3 2
166 227 57 54 3 1
166 284 89 31 3 3
197 284 34 23 3 2
197 318 12 23 3 1
197 330 15 23 3 1
197 345 28 15 3 2
212 345 2 8 3 2
212 347 26 8 3 1
220 227 31 73 3 1
220 258 68 29 3 3
220 326 16 29 3 2
220 342 31 29 3 2
249 258 12 44 3 3
249 270 61 44 3 3
249 331 19 44 3 3
249 350 23 18 3 1
267 350 8 26 3 2
267 358 15 26 3 1
293 227 38 77 3 1
293 265 108 31 3 3
324 265 50 46 3 2
324 315 58 26 3 1
350 315 58 20 3 3
370 227 83 29 3 3
370 310 13 29 3 1
370 323 50 29 3 3
399 227 20 95 3 2
399 247 50 39 3 3
399 297 76 27 3 2
426 297 21 104 3 2
426 318 26 104 3 1
426 344 29 44 3 2
470 344 29 24 3 3
494 344 29 36 3 1
530 297 23 103 3 1
530 320 53 32 3 1
562 320 53 33 3 2
595 320 26 38 3 3
595 346 27 38 3 1
633 297 12 52 3 2
633 309 64 28 3 2
661 309 64 24 3 2
438 247 21 89 3 3
438 268 29 42 3 2
480 268 29 29 3 1
509 268 7 18 3 3
509 275 9 18 3 3
509 284 13 9 3 3
518 284 3 9 3 1
518 287 10 9 3 2
527 247 50 33 3 2
560 247 50 27 3 2
587 247 50 62 3 3
649 247 50 36 3 2
494 227 20 59 3 1
553 227 20 48 3 3
601 227 20 31 3 1
632 227 20 19 3 1
651 227 20 34 3 2
53 186 41 32 3 1
85 186 41 27 3 1
112 186 41 33 3 2
145 186 22 97 3 2
145 208 19 99 3 3
244 208 19 101 3 3
345 208 19 41 3 2
386 208 19 108 3 3
494 208 19 29 3 3
523 208 19 37 3 1
560 208 19 28 3 2
588 208 19 28 3 3
616 208 19 69 3 1
242 186 22 92 3 3
334 186 22 47 3 2
381 186 22 52 3 2
433 186 22 36 3 1
469 186 22 32 3 1
501 186 22 36 3 2
537 186 22 47 3 2
584 186 22 34 3 2
618 186 22 30 3 2
648 186 14 37 3 2
648 200 8 11 3 2
659 200 8 15 3 3
674 200 4 11 3 1
674 204 4 4 3 1
678 204 2 7 3 3
678 206 2 2 3 3
680 206 1 5 3 1
680 207 1 1 3 3
681 207 1 2 3 2
683 207 1 1 3 1
684 207 1 1 3 2
685 0 61 43 3 2
685 61 9 43 3 2
685 70 49 43 3 2
685 119 49 43 3 2
685 168 81 43 3 3
685 249 56 43 3 1
685 305 33 43 3 1
685 338 9 43 3 3
685 347 26 20 3 3
705 347 26 23 3 1
728 0 21 102 3 3
728 21 61 37 3 3
728 82 104 37 3 1
728 186 21 37 3 3
728 207 50 37 3 3
728 257 11 37 3 2
728 268 24 37 3 2
728 292 81 37 3 1
765 21 56 46 3 3
765 77 135 46 3 2
765 212 104 46 3 3
765 316 57 46 3 3
811 21 81 29 3 3
811 102 33 29 3 3
811 135 6 29 3 2
811 141 87 29 3 1
811 228 10 29 3 2
811 238 46 29 3 2
811 284 89 29 3 3
840 21 76 39 3 1
840 97 101 39 3 3
840 198 55 39 3 2
840 253 120 39 3 3
879 21 62 48 3 2
879 83 43 71 3 1
879 126 57 33 3 1
879 183 36 33 3 3
879 219 89 33 3 3
879 308 12 33 3 2
879 320 53 33 3 3
912 126 79 38 3 2
912 205 21 105 3 3
912 226 78 26 3 1
912 304 69 35 3 1
947 304 69 70 3 3
938 226 78 27 3 1
965 226 78 52 3 2
950 126 79 36 3 1
986 126 79 31 3 3
950 83 43 39 3 1
989 83 43 28 3 2
927 21 62 51 3 2
978 21 14 39 3 3
978 35 8 39 3 1
978 43 12 39 3 1
978 55 28 24 3 1
1002 55 28 15 3 1
830 0 21 79 3 1
909 0 21 108 3 3
1017 0 68 47 3 1
1017 68 57 47 3 1
1017 125 82 29 3 1
1017 207 74 26 3 1
1017 281 8 26 3 3
1017 289 5 26 3 3
1017 294 79 26 3 2
1043 207 5 21 3 2
1043 212 10 21 3 3
1043 222 60 21 3 1
1043 282 91 21 3 1
1046 125 54 18 3 1
1046 179 28 18 3 1
1064 0 57 53 3 3
1064 57 57 56 3 3
1064 114 13 56 3 3
1064 127 54 36 3 1
1064 181 57 56 3 1
1064 238 77 27 3 1
1064 315 58 56 3 2
1091 238 77 29 3 3
1100 127 24 20 3 1
1100 151 4 20 3 2
1100 155 4 20 3 3
1100 159 22 20 3 2
1120 57 77 26 3 3
1120 134 6 26 3 1
1120 140 6 26 3 1
1120 146 22 26 3 1
1120 168 14 26 3 2
1120 182 75 26 3 2
1120 257 57 26 3 2
1120 314 18 26 3 3
1120 332 41 26 3 3
1146 57 85 32 3 3
1146 142 38 32 3 3
1146 180 93 32 3 1
1146 273 34 32 3 2
1146 307 66 32 3 1
1178 57 78 38 3 2
1178 135 35 64 3 1
1178 170 65 34 3 3
1178 235 37 34 3 1
1178 272 8 34 3 2
1178 280 26 34 3 3
1178 306 12 34 3 1
1178 318 55 34 3 2
1212 170 8 30 3 2
1212 178 79 30 3 1
1212 257 13 30 3 1
1212 270 53 30 3 3
1212 323 28 30 3 3
1212 351 22 15 3 1
1227 351 22 15 3 2
1242 135 81 28 3 2
1242 216 48 41 3 1
1242 264 72 41 3 3
1242 336 14 41 3 3
1242 350 23 18 3 3
1260 350 5 23 3 2
1260 355 18 23 3 3
1283 216 51 43 3 2
1283 267 52 43 3 3
1283 319 31 43 3 2
1283 350 23 23 3 2
1306 350 23 13 3 1
1319 350 23 7 3 1
1326 216 21 24 3 1
1326 237 9 24 3 2
1326 246 72 24 3 1
1326 318 55 24 3 2
1270 135 46 47 3 2
1270 181 35 47 3 1
1317 135 43 33 3 1
1317 178 38 33 3 3
1216 57 78 44 3 1
1260 57 78 32 3 2
1292 57 50 58 3 3
1292 107 28 29 3 1
1321 107 28 17 3 3
1338 107 28 12 3 2
1117 0 25 114 3 1
1117 25 32 73 3 1
1190 25 32 41 3 3
1231 0 57 25 3 1
1256 0 57 35 3 3
1291 0 57 31 3 2
1322 0 9 28 3 3
1322 9 48 28 3 3
685 373 78 32 3 3
685 451 85 32 3 3
717 373 86 37 3 3
717 459 77 37 3 1
754 373 71 44 3 3
754 444 28 79 3 3
754 472 28 105 3 1
754 500 36 42 3 2
796 500 36 63 3 3
859 472 64 28 3 1
887 472 64 28 3 2
915 472 34 71 3 2
915 506 30 25 3 1
940 506 9 46 3 1
940 515 21 46 3 3
986 472 64 45 3 3
1031 472 29 71 3 3
1031 501 35 30 3 3
1061 501 35 36 3 2
1097 501 35 27 3 2
1124 501 23 81 3 3
1124 524 12 24 3 2
1148 524 12 16 3 2
1164 524 12 14 3 1
1178 524 12 11 3 2
1189 524 12 16 3 3
1205 501 35 33 3 2
1238 501 35 54 3 3
1292 501 35 27 3 2
1319 501 35 31 3 2
1102 472 29 34 3 2
1136 472 29 39 3 1
1175 472 29 30 3 3
1205 472 29 27 3 3
1232 472 29 60 3 3
1292 472 29 28 3 2
1320 472 29 30 3 3
833 444 28 37 3 1
870 444 28 62 3 2
932 444 28 30 3 3
962 444 28 45 3 3
1007 444 28 66 3 2
1073 444 28 76 3 3
1149 444 28 29 3 3
1178 444 28 30 3 1
1208 444 28 61 3 2
1269 444 28 52 3 2
1321 444 7 29 3 1
1321 451 21 15 3 1
1336 451 21 14 3 3
798 373 71 33 3 3
831 373 71 61 3 2
892 373 71 28 3 2
920 373 71 60 3 3
980 373 71 33 3 1
1013 373 43 51 3 1
1013 416 28 107 3 3
1120 416 28 37 3 2
1157 416 28 38 3 1
1195 416 28 28 3 3
1223 416 28 32 3 3
1255 416 28 62 3 1
1317 416 7 33 3 2
1317 423 21 18 3 1
1335 423 11 15 3 1
1335 434 10 9 3 3
1344 434 10 6 3 2
1064 373 43 51 3 1
1115 373 43 62 3 3
1177 373 43 28 3 1
1205 373 43 30 3 3
1235 373 24 115 3 2
1235 397 19 32 3 2
1267 397 19 25 3 3
1292 397 19 21 3 3
1313 397 10 37 3 1
1313 407 9 11 3 3
1324 407 9 26 3 2
685 536 72 26 3 3
685 608 7 26 3 3
685 615 85 26 3 3
711 536 34 68 3 1
711 570 14 68 3 2
711 584 116 32 3 2
743 584 62 36 3 1
743 646 54 36 3 2
779 536 75 27 3 1
779 611 89 27 3 1
806 536 88 30 3 3
806 624 43 58 3 3
806 667 33 27 3 3
833 667 33 18 3 3
851 667 33 13 3 1
864 624 76 53 3 2
917 624 76 33 3 3
950 624 76 35 3 1
985 624 30 62 3 3
985 654 46 51 3 1
1036 654 26 120 3 1
1036 680 20 30 3 2
1066 680 20 90 3 1
1156 654 46 39 3 1
1195 654 46 29 3 2
1224 654 46 40 3 2
1264 654 46 86 3 1
1047 624 30 31 3 3
1078 624 30 45 3 2
1123 624 30 33 3 2
1156 624 30 49 3 1
1205 624 30 26 3 3
1231 624 30 41 3 3
1272 624 30 34 3 2
1306 624 30 44 3 2
836 536 88 30 3 1
866 536 33 68 3 2
866 569 25 92 3 3
866 594 30 53 3 1
919 594 30 42 3 3
961 594 30 27 3 3
988 594 30 49 3 1
1037 594 30 27 3 3
1064 594 30 36 3 1
1100 594 30 33 3 1
1133 594 30 37 3 1
1170 594 30 35 3 1
1205 594 30 145 3 3
958 569 25 26 3 2
984 569 25 34 3 2
1018 569 25 40 3 1
1058 569 25 96 3 3
1154 569 25 27 3 1
1181 569 25 112 3 1
1293 569 25 57 3 2
934 536 33 60 3 2
994 536 33 27 3 3
1021 536 33 58 3 3
1079 536 33 34 3 3
1113 536 33 46 3 2
1159 536 33 28 3 1
1187 536 33 66 3 1
1253 536 33 61 3 1
1314 536 10 36 3 3
1314 546 23 36 3 1
0 373 25 125 3 1
0 398 32 63 3 1
0 430 13 63 3 1
0 443 68 63 3 1
0 511 37 63 3 1
0 548 56 38 3 1
0 604 31 38 3 1
0 635 65 38 3 1
38 548 48 25 3 2
38 596 10 25 3 1
38 606 24 25 3 2
38 630 12 25 3 1
38 642 58 25 3 1
63 398 30 62 3 3
63 428 85 31 3 3
63 513 21 31 3 1
63 534 7 31 3 1
63 541 11 31 3 2
63 552 93 31 3 1
63 645 14 31 3 2
63 659 41 31 3 2
94 428 91 31 3 1
94 519 14 31 3 3
94 533 40 31 3 1
94 573 46 31 3 1
94 619 81 31 3 1
125 373 24 115 3 1
125 397 34 92 3 2
125 431 64 30 3 1
125 495 88 33 3 1
125 583 66 33 3 3
125 649 51 33 3 1
158 495 44 59 3 1
158 539 161 59 3 3
155 431 64 40 3 1
195 431 64 22 3 2
217 397 59 51 3 3
217 456 11 51 3 1
217 467 75 26 3 3
217 542 83 51 3 3
217 625 75 27 3 3
244 625 6 24 3 2
244 631 16 24 3 1
244 647 53 24 3 2
243 467 7 25 3 2
243 474 6 25 3 2
243 480 26 25 3 2
243 506 6 25 3 1
243 512 30 16 3 3
259 512 3 9 3 2
259 515 2 9 3 3
259 517 7 9 3 1
259 524 7 9 3 2
259 531 2 9 3 1
259 533 2 9 3 2
259 535 7 5 3 3
264 535 1 4 3 2
264 536 6 4 3 1
268 397 72 37 3 2
268 469 19 74 3 2
268 488 78 33 3 2
268 566 35 33 3 3
268 601 62 33 3 1
268 663 37 21 3 1
289 663 37 12 3 3
301 488 99 41 3 3
301 587 38 41 3 3
301 625 75 41 3 2
305 397 72 37 3 2
240 373 24 31 3 2
271 373 24 71 3 2
342 373 34 69 3 2
342 407 90 30 3 2
342 497 66 30 3 1
342 563 90 30 3 2
342 653 47 30 3 1
372 407 69 29 3 1
372 476 20 29 3 3
372 496 33 29 3 3
372 529 49 29 3 2
372 578 21 29 3 2
372 599 101 29 3 2
401 407 54 39 3 2
401 461 29 97 3 1
401 490 84 30 3 2
401 574 77 40 3 3
401 651 49 51 3 3
452 651 49 89 3 1
541 651 49 31 3 2
572 651 49 34 3 2
606 651 49 79 3 2
441 574 77 31 3 1
472 574 77 32 3 1
504 574 77 41 3 1
545 574 51 62 3 1
545 625 26 53 3 2
598 625 26 87 3 1
607 574 51 35 3 2
642 574 51 43 3 3
431 490 40 77 3 3
431 530 44 33 3 1
464 530 28 80 3 3
464 558 16 28 3 2
492 558 16 45 3 1
537 558 16 25 3 1
562 558 16 63 3 2
625 558 16 24 3 3
649 558 16 17 3 2
666 558 16 12 3 3
678 558 16 7 3 1
544 530 28 25 3 3
569 530 28 31 3 3
600 530 28 43 3 2
643 530 28 21 3 1
664 530 28 21 3 1
508 490 40 29 3 3
537 490 40 28 3 2
565 490 40 31 3 2
596 490 40 27 3 2
623 490 40 29 3 1
652 490 8 33 3 1
652 498 32 19 3 3
671 498 32 14 3 3
498 461 29 48 3 1
546 461 29 29 3 1
575 461 29 110 3 2
440 407 29 89 3 2
440 436 25 36 3 2
476 436 25 53 3 2
529 407 34 70 3 3
529 441 20 34 3 3
563 441 20 32 3 1
595 441 20 45 3 3
640 441 20 27 3 3
667 441 4 18 3 1
667 445 16 18 3 3
599 407 34 55 3 3
654 407 34 19 3 2
673 407 19 12 3 3
673 426 15 12 3 2
411 373 34 42 3 2
453 373 34 30 3 3
483 373 34 59 3 2
542 373 34 31 3 3
573 373 34 36 3 2
609 373 34 27 3 3
636 373 34 49 3 2
0 0 102 42 2 2
0 102 88 30 2 2
0 190 62 33 2 3
33 190 62 32 2 1
65 190 62 62 2 3
127 190 62 36 2 2
163 190 62 68 2 3
231 190 62 55 2 2
286 190 32 135 2 3
286 222 30 33 2 3
319 222 30 53 2 1
372 222 30 39 2 3
411 222 30 47 2 2
458 222 30 48 2 1
506 222 30 30 2 3
536 222 30 26 2 2
562 222 10 43 2 2
562 232 20 23 2 1
585 232 20 20 2 3
421 190 32 114 2 3
535 190 32 27 2 2
562 190 32 43 2 2
30 102 88 48 2 2
78 102 30 143 2 2
78 132 58 37 2 2
115 132 58 61 2 1
176 132 58 45 2 2
221 102 88 37 2 1
258 102 25 120 2 1
258 127 26 120 2 1
258 153 37 69 2 2
327 153 37 51 2 2
378 102 88 40 2 1
418 102 88 40 2 2
458 102 58 75 2 1
458 160 30 52 2 2
510 160 30 48 2 2
558 160 30 22 2 3
580 160 30 25 2 3
533 102 58 31 2 3
564 102 58 41 2 3
42 0 102 44 2 3
86 0 33 127 2 2
86 33 69 56 2 3
142 33 69 48 2 3
190 33 69 36 2 3
226 33 69 38 2 3
264 33 69 71 2 3
335 33 69 35 2 2
370 33 69 47 2 1
417 33 69 56 2 3
473 33 69 54 2 1
527 33 69 34 2 2
561 33 69 44 2 3
213 0 33 36 2 2
249 0 33 114 2 2
363 0 33 66 2 1
429 0 33 44 2 1
473 0 33 37 2 1
510 0 33 35 2 2
545 0 33 60 2 2
0 252 37 106 2 3
0 289 72 60 2 3
0 361 143 34 2 3
34 361 85 36 2 1
34 446 30 135 2 3
34 476 28 81 2 1
115 476 28 34 2 3
149 476 28 20 2 2
169 446 58 50 2 3
219 446 27 116 2 2
219 473 31 34 2 1
253 473 31 37 2 3
290 473 31 32 2 3
322 473 31 38 2 2
360 473 31 34 2 3
394 473 31 46 2 1
440 473 31 44 2 2
484 473 31 121 2 1
335 446 27 42 2 1
377 446 27 35 2 2
412 446 27 108 2 2
520 446 27 34 2 3
554 446 27 29 2 1
583 446 27 22 2 2
70 361 85 40 2 3
110 361 85 40 2 1
150 361 32 83 2 3
150 393 53 31 2 3
181 393 14 52 2 2
181 407 39 34 2 1
215 407 4 18 2 3
215 411 35 18 2 3
233 361 85 52 2 2
285 361 34 126 2 1
285 395 51 46 2 1
331 395 20 80 2 1
331 415 31 32 2 1
363 415 31 48 2 2
411 361 45 60 2 3
411 406 40 30 2 3
441 406 8 30 2 2
441 414 32 30 2 3
471 361 47 80 2 3
471 408 38 134 2 1
551 361 47 54 2 3
60 289 72 31 2 3
91 289 72 30 2 2
121 289 72 35 2 3
156 289 72 34 2 2
190 289 26 104 2 1
190 315 46 36 2 3
226 315 46 68 2 2
294 289 23 115 2 3
294 312 49 80 2 3
374 312 49 60 2 1
434 312 49 63 2 2
497 312 49 39 2 2
536 312 49 31 2 1
567 312 8 38 2 2
567 320 41 23 2 2
590 320 41 15 2 3
409 289 23 73 2 2
482 289 23 30 2 3
512 289 23 28 2 3
540 289 23 65 2 1
106 252 23 116 2 1
106 275 14 29 2 3
135 275 14 45 2 1
180 275 9 42 2 2
180 284 5 11 2 3
191 284 5 13 2 3
204 284 5 18 2 1
222 252 37 32 2 3
254 252 37 124 2 2
378 252 37 53 2 1
431 252 37 54 2 2
485 252 37 120 2 2
605 0 44 86 2 2
605 44 26 86 2 3
605 70 61 52 2 1
605 131 55 52 2 2
605 186 140 52 2 1
605 326 92 52 2 2
605 418 86 52 2 3
657 70 80 34 2 3
657 150 39 34 2 2
657 189 77 34 2 2
657 266 101 34 2 2
657 367 31 34 2 1
657 398 31 34 2 1
657 429 75 34 2 3
691 0 88 30 2 2
691 88 12 30 2 2
691 100 33 30 2 2
691 133 7 30 2 3
691 140 52 30 2 3
691 192 88 30 2 3
691 280 87 30 2 2
691 367 90 30 2 3
691 457 10 30 2 2
691 467 8 30 2 2
691 475 29 30 2 2
721 0 97 38 2 2
721 97 62 65 2 3
721 159 34 92 2 1
721 193 92 40 2 2
721 285 116 40 2 1
721 401 103 40 2 3
761 193 89 31 2 3
761 282 105 35 2 1
761 387 8 35 2 1
761 395 63 35 2 3
761 458 46 35 2 3
796 282 84 50 2 1
796 366 52 50 2 1
796 418 86 50 2 1
846 282 23 81 2 2
846 305 59 49 2 2
846 364 140 49 2 3
895 305 85 32 2 1
895 390 24 32 2 2
895 414 90 32 2 1
792 193 89 42 2 2
834 193 41 93 2 1
834 234 48 37 2 1
871 234 15 56 2 2
871 249 13 56 2 1
871 262 20 21 2 1
892 262 20 16 2 2
908 262 5 19 2 3
908 267 15 11 2 3
919 267 2 8 2 3
919 269 13 8 2 3
813 159 34 114 2 3
786 97 30 141 2 1
786 127 32 31 2 2
817 127 32 48 2 3
865 127 20 62 2 2
865 147 12 21 2 3
886 147 12 14 2 2
900 147 6 27 2 3
900 153 6 7 2 2
907 153 6 10 2 3
917 153 6 10 2 2
759 0 51 52 2 2
759 51 46 82 2 1
841 51 22 86 2 1
841 73 24 26 2 1
867 73 24 60 2 1
811 0 51 75 2 2
886 0 18 41 2 3
886 18 9 41 2 3
886 27 12 41 2 3
886 39 12 14 2 1
900 39 12 27 2 3
927 0 84 35 2 1
927 84 95 38 2 2
927 179 25 108 2 3
927 204 73 37 2 2
927 277 89 47 2 3
927 366 73 108 2 3
927 439 65 108 2 1
974 277 18 61 2 2
974 295 13 61 2 2
974 308 58 61 2 1
964 204 48 71 2 2
964 252 25 26 2 3
990 252 25 20 2 1
1010 252 25 15 2 2
1025 252 25 10 2 3
1035 179 98 40 2 2
1035 277 72 59 2 1
1035 349 86 35 2 1
1035 435 69 35 2 3
1070 349 20 24 2 1
1070 369 53 24 2 2
1070 422 5 24 2 2
1070 427 77 24 2 1
1094 277 105 42 2 1
1094 382 77 40 2 3
1094 459 45 49 2 1
1143 459 45 38 2 3
1181 459 45 69 2 1
1134 382 77 37 2 3
1171 382 77 52 2 1
1223 382 77 27 2 3
1136 277 105 37 2 2
1173 277 34 77 2 1
1173 311 26 77 2 3
1173 337 18 77 2 2
1173 355 27 27 2 1
1200 355 27 23 2 3
1223 355 27 27 2 1
1075 179 98 35 2 3
1110 179 98 38 2 1
1148 179 21 102 2 2
1148 200 50 52 2 2
1148 250 27 40 2 2
1188 250 27 62 2 2
1200 200 50 50 2 3
965 84 95 39 2 1
1004 84 59 69 2 2
1004 143 36 31 2 1
1035 143 36 94 2 1
1129 143 36 121 2 2
1073 84 28 101 2 1
1073 112 31 51 2 1
1124 112 31 50 2 3
1174 84 59 76 2 1
962 0 84 39 2 3
1001 0 84 40 2 3
1041 0 84 36 2 1
1077 0 47 91 2 3
1077 47 37 30 2 3
1107 47 37 43 2 2
1150 47 37 100 2 3
1168 0 47 37 2 3
1205 0 47 45 2 2
605 504 112 38 2 2
605 616 27 117 2 1
605 643 134 35 2 2
640 643 134 33 2 2
673 643 72 38 2 2
673 715 62 38 2 1
711 715 62 38 2 3
749 715 62 74 2 3
823 715 30 101 2 1
823 745 32 47 2 3
870 745 16 54 2 2
870 761 16 28 2 3
898 761 16 13 2 2
911 761 16 13 2 3
924 715 62 77 2 1
1001 715 29 104 2 1
1001 744 33 33 2 2
1034 744 33 71 2 2
1105 715 62 49 2 2
1154 715 23 96 2 2
1154 738 39 35 2 1
1189 738 39 61 2 1
711 643 72 46 2 1
757 643 72 45 2 1
802 643 72 36 2 1
838 643 72 32 2 2
870 643 72 40 2 1
910 643 72 39 2 2
949 643 72 38 2 3
987 643 72 34 2 1
1021 643 72 51 2 3
1072 643 72 51 2 2
1123 643 72 73 2 3
1196 643 72 54 2 2
722 616 27 43 2 1
765 616 27 98 2 3
863 616 27 52 2 1
915 616 27 36 2 3
951 616 27 36 2 1
987 616 27 36 2 2
1023 616 27 50 2 3
1073 616 27 45 2 1
1118 616 27 34 2 1
1152 616 27 31 2 2
1183 616 27 30 2 1
1213 616 27 37 2 1
643 504 47 75 2 3
643 551 65 36 2 1
679 551 65 35 2 3
714 551 65 33 2 1
747 551 65 42 2 3
789 551 26 125 2 1
789 577 39 78 2 2
867 577 39 28 2 1
895 577 4 19 2 3
895 581 35 19 2 2
914 551 65 39 2 3
953 551 65 33 2 3
986 551 65 59 2 2
1045 551 24 112 2 2
1045 575 41 42 2 3
1087 575 41 163 2 2
1157 551 24 27 2 3
1184 551 15 66 2 2
1184 566 9 20 2 1
1204 566 9 46 2 2
718 504 47 46 2 1
764 504 23 115 2 1
764 527 24 52 2 3
816 527 24 58 2 2
874 527 24 38 2 2
912 527 24 35 2 3
947 527 24 92 2 2
1039 527 24 91 2 1
1130 527 24 31 2 2
1161 527 24 31 2 2
1192 527 24 26 2 3
1218 527 24 17 2 1
1235 527 24 15 2 3
879 504 23 71 2 2
950 504 23 38 2 3
988 504 23 46 2 3
1034 504 23 47 2 3
1081 504 23 62 2 2
1143 504 23 29 2 2
1172 504 23 78 2 2
605 777 56 49 2 1
605 833 104 36 2 3
605 937 113 36 2 2
641 833 105 36 2 2
641 938 51 76 2 3
641 989 61 43 2 1
684 989 61 33 2 1
717 989 61 43 2 3
760 989 61 59 2 3
819 989 61 35 2 3
854 989 61 43 2 2
897 989 61 31 2 1
928 989 27 102 2 3
928 1016 34 102 2 3
1030 989 61 38 2 2
1068 989 61 30 2 1
1098 989 61 73 2 1
1171 989 61 79 2 3
717 938 51 111 2 2
828 938 51 43 2 1
871 938 51 37 2 2
908 938 51 65 2 2
973 938 51 107 2 2
1080 938 51 41 2 1
1121 938 32 129 2 3
1121 970 19 45 2 3
1166 970 19 23 2 1
1189 970 19 24 2 1
1213 970 8 37 2 3
1213 978 11 13 2 3
1226 978 7 24 2 3
1226 985 4 11 2 1
1237 985 4 6 2 3
1243 985 4 4 2 3
1247 985 4 3 2 3
677 833 105 39 2 1
716 833 66 40 2 3
716 899 39 24 2 1
740 899 3 16 2 1
740 902 36 16 2 2
756 833 105 40 2 3
796 833 105 36 2 1
832 833 66 41 2 2
832 899 39 31 2 1
863 899 39 38 2 1
901 899 39 59 2 2
960 899 39 112 2 2
1072 899 39 38 2 3
1110 899 39 36 2 3
1146 899 39 104 2 2
873 833 66 37 2 3
910 833 66 55 2 2
965 833 66 40 2 2
1005 833 30 87 2 1
1005 863 36 81 2 1
1086 863 36 32 2 3
1118 863 36 39 2 1
1157 863 36 36 2 1
1193 863 36 28 2 3
1221 863 36 29 2 1
1092 833 30 30 2 2
1122 833 30 31 2 1
1153 833 30 30 2 3
1183 833 30 67 2 3
654 777 56 47 2 2
701 777 56 46 2 2
747 777 56 43 2 2
790 777 56 41 2 3
831 777 56 54 2 1
885 777 56 47 2 2
932 777 56 38 2 2
970 777 56 37 2 3
1007 777 56 52 2 2
1059 777 56 30 2 2
1089 777 30 90 2 2
1089 807 26 31 2 1
1120 807 26 23 2 1
1143 807 26 36 2 3
1179 777 56 41 2 3
1220 777 29 30 2 2
1220 806 27 30 2 3
0 504 37 74 2 1
0 541 74 39 2 1
0 615 77 48 2 2
0 692 142 48 2 3
0 834 125 48 2 1
0 959 42 48 2 1
0 1001 49 48 2 1
48 615 5 26 2 2
48 620 41 26 2 1
48 661 7 26 2 2
48 668 75 26 2 1
48 743 37 26 2 1
48 780 44 26 2 2
48 824 17 26 2 1
48 841 7 26 2 1
48 848 77 26 2 3
48 925 7 26 2 2
48 932 7 26 2 1
48 939 23 26 2 3
48 962 18 26 2 3
48 980 70 26 2 3
39 541 74 35 2 2
74 504 94 43 2 2
74 598 115 43 2 2
74 713 129 43 2 3
74 842 126 43 2 3
74 968 31 43 2 3
74 999 27 43 2 2
74 1026 24 43 2 1
117 504 75 51 2 2
117 579 61 51 2 1
117 640 25 51 2 3
117 665 151 51 2 3
117 816 70 51 2 1
117 886 164 51 2 2
168 504 56 62 2 1
168 560 89 31 2 3
168 649 90 31 2 1
168 739 31 31 2 3
168 770 29 31 2 3
168 799 77 31 2 3
168 876 15 31 2 3
168 891 22 31 2 1
168 913 22 31 2 3
168 935 115 31 2 3
199 560 13 31 2 3
199 573 37 31 2 2
199 610 15 31 2 3
199 625 22 31 2 1
199 647 10 31 2 1
199 657 22 31 2 2
199 679 90 31 2 1
199 769 66 31 2 2
199 835 83 31 2 3
199 918 34 31 2 1
199 952 98 31 2 3
230 504 98 33 2 1
230 602 17 33 2 3
230 619 36 33 2 2
230 655 93 33 2 1
230 748 79 33 2 3
230 827 26 33 2 2
230 853 83 33 2 1
230 936 114 33 2 2
263 504 14 39 2 3
263 518 113 39 2 3
263 631 115 39 2 3
263 746 51 39 2 2
263 797 26 39 2 1
263 823 112 39 2 1
263 935 9 39 2 2
263 944 62 39 2 2
263 1006 44 39 2 3
302 504 58 75 2 3
302 562 93 40 2 3
302 655 43 75 2 1
302 698 104 38 2 1
302 802 67 75 2 3
302 869 55 75 2 3
302 924 126 32 2 1
334 924 126 43 2 3
340 698 7 37 2 3
340 705 47 37 2 1
340 752 9 37 2 1
340 761 41 24 2 1
364 761 41 13 2 2
342 562 9 35 2 3
342 571 84 35 2 1
377 504 75 41 2 3
377 579 30 41 2 2
377 609 8 41 2 3
377 617 65 41 2 2
377 682 111 41 2 1
377 793 123 41 2 3
377 916 134 41 2 1
418 504 108 39 2 3
418 612 49 53 2 1
418 661 44 64 2 1
418 705 14 64 2 3
418 719 109 64 2 3
418 828 77 41 2 3
418 905 31 64 2 2
418 936 114 39 2 2
457 936 11 25 2 2
457 947 13 25 2 1
457 960 46 25 2 2
457 1006 5 25 2 1
457 1011 39 25 2 1
459 828 8 23 2 2
459 836 17 23 2 1
459 853 52 23 2 1
482 661 53 75 2 1
482 714 82 75 2 3
482 796 20 75 2 1
482 816 85 75 2 3
482 901 16 75 2 1
482 917 84 35 2 2
482 1001 49 35 2 2
517 917 8 40 2 1
517 925 17 40 2 3
517 942 71 40 2 3
517 1013 10 40 2 1
517 1023 27 40 2 3
557 661 133 48 2 3
557 794 26 48 2 2
557 820 23 48 2 1
557 843 129 48 2 1
557 972 78 48 2 1
471 612 49 134 2 1
457 504 108 40 2 3
497 504 45 108 2 3
497 549 63 67 2 1
564 549 63 41 2 3
