300 200 5
7
90 250 4
70 250 3
180 250 1.5
180 130 2
120 120 1.5
120 110 1
120 140 0.5
77
0 0 83 86 4 4
0 83 7 26 4 3
26 83 7 16 4 2
42 83 7 12 4 4
54 83 7 14 4 4
68 83 7 12 4 5
80 83 7 6 4 4
86 0 90 76 4 5
162 0 90 56 4 4
218 0 78 32 4 4
218 78 12 14 4 4
232 78 12 13 4 4
245 78 12 5 4 5
0 0 70 65 3 5
65 0 70 62 3 5
127 0 70 68 3 3
195 0 70 43 3 5
238 0 33 12 3 4
238 33 9 12 3 4
238 42 20 12 3 4
238 62 8 7 3 5
245 62 8 5 3 5
0 0 112 187 1 3
0 112 68 100 1 2
100 112 68 70 1 4
170 112 68 80 1 4
187 0 112 57 1 3
244 0 9 6 1 3
244 9 11 6 1 3
244 20 7 6 1 5
244 27 16 6 1 2
244 43 13 6 1 4
244 56 13 6 1 5
244 69 15 6 1 4
244 84 10 6 1 3
244 94 7 6 1 3
244 101 7 6 1 2
244 108 4 6 1 5
0 0 154 74 2 4
0 154 26 39 2 5
39 154 26 51 2 5
90 154 26 20 2 4
110 154 26 15 2 4
125 154 9 5 2 4
125 163 6 5 2 4
125 169 11 5 2 5
74 0 118 56 2 2
74 118 36 32 2 4
106 118 19 24 2 4
106 137 17 16 2 4
122 137 9 8 2 5
122 146 8 8 2 3
0 0 75 92 1 5
0 75 45 67 1 5
67 75 45 53 1 4
92 0 60 28 1 4
92 60 15 20 1 4
112 60 15 8 1 4
0 0 61 75 1 3
0 61 59 48 1 3
48 61 55 62 1 5
48 116 4 14 1 3
62 116 4 10 1 4
72 116 4 10 1 4
82 116 4 13 1 4
95 116 4 5 1 5
100 116 4 6 1 4
106 116 4 4 1 4
75 0 50 35 1 4
75 50 11 13 1 5
88 50 11 10 1 5
98 50 11 12 1 4
0 0 45 140 0 4
0 45 75 67 0 3
67 45 75 47 0 5
114 45 43 26 0 4
114 88 32 26 0 4
