300 200 5
7
180 250 4
200 80 3
120 240 1.5
90 100 2
50 80 1.5
40 30 1
80 90 0.5
126
0 0 107 51 4 2
0 107 73 40 4 5
40 107 21 11 4 5
40 128 26 11 4 2
40 154 11 11 4 3
40 165 15 11 4 4
51 0 102 82 4 3
51 102 52 103 4 1
51 154 26 41 4 4
92 154 26 143 4 3
235 154 3 15 4 2
235 157 23 15 4 1
154 102 52 52 4 1
206 102 52 30 4 4
236 102 6 14 4 3
236 108 4 14 4 5
236 112 14 14 4 3
236 126 28 14 4 4
133 0 102 51 4 4
184 0 45 66 4 1
184 45 57 35 4 3
219 45 16 31 4 2
219 61 8 31 4 4
219 69 22 31 4 1
219 91 11 19 4 3
238 91 4 12 4 4
238 95 7 7 4 4
245 95 7 5 4 3
0 0 114 46 3 4
0 114 58 32 3 2
0 172 28 24 3 3
24 172 4 8 3 2
24 176 12 8 3 4
24 188 12 8 3 2
32 114 86 31 3 5
63 114 29 17 3 2
63 143 51 17 3 1
63 194 6 12 3 3
75 194 6 5 3 2
46 0 75 34 3 1
46 75 17 34 3 4
46 92 22 17 3 1
63 92 22 11 3 3
74 92 2 6 3 3
74 94 16 6 3 2
74 110 4 6 3 5
0 0 120 49 1 2
49 0 120 50 1 3
99 0 114 49 1 3
99 114 6 11 1 4
110 114 6 26 1 3
136 114 6 7 1 2
143 114 6 5 1 4
148 0 71 92 1 2
148 71 49 44 1 3
192 71 49 33 1 5
225 71 42 15 1 3
225 113 7 9 1 4
234 113 7 6 1 4
0 0 24 57 2 4
0 24 66 27 2 5
27 24 66 24 2 3
51 24 17 6 2 4
51 41 5 6 2 2
51 46 8 6 2 4
51 54 11 6 2 3
51 65 11 6 2 1
51 76 14 6 2 4
57 0 32 38 2 3
57 32 51 32 2 5
57 83 7 9 2 3
66 83 7 7 2 2
73 83 7 6 2 4
79 83 7 5 2 2
84 83 7 5 2 1
89 32 15 6 2 1
89 47 16 6 2 4
89 63 18 6 2 1
89 81 2 6 2 1
89 83 7 6 2 2
95 0 13 5 2 4
95 13 7 5 2 4
95 20 15 5 2 4
95 35 8 5 2 2
95 43 11 5 2 2
95 54 1 5 2 4
95 55 15 5 2 2
95 70 1 5 2 2
95 71 9 5 2 1
95 80 10 5 2 2
0 0 24 39 1 3
0 24 26 14 1 2
14 24 26 15 1 4
29 24 26 18 1 3
47 24 26 14 1 1
61 24 26 13 1 3
74 24 10 6 1 2
74 34 3 6 1 5
74 37 8 6 1 1
74 45 5 6 1 5
39 0 24 14 1 3
53 0 24 16 1 4
69 0 24 11 1 3
0 0 22 9 1 3
0 22 9 30 1 4
0 31 9 10 1 3
10 31 9 11 1 4
21 31 9 9 1 5
9 0 22 11 1 3
20 0 22 10 1 1
0 0 60 24 0 3
0 60 20 13 0 4
13 60 5 11 0 4
13 65 15 11 0 3
24 0 32 39 0 4
24 32 48 23 0 5
47 32 36 16 0 2
47 68 12 10 0 4
57 68 12 6 0 2
63 0 20 27 0 2
63 20 51 17 0 2
63 71 9 18 0 4
81 71 9 9 0 5
80 20 2 10 0 3
80 22 27 10 0 5
80 49 22 10 0 2
