700 700 10
4
700 1270 4
490 640 3
420 290 2
420 380 1
2042
0 0 61 50 4 1
0 61 48 177 4 2
0 109 118 73 4 2
0 227 92 46 4 1
0 319 91 46 4 2
0 410 132 46 4 2
0 542 22 46 4 2
0 564 99 46 4 3
0 663 37 25 4 1
25 663 37 21 4 2
46 227 46 27 4 1
46 273 60 27 4 1
46 333 46 27 4 2
46 379 69 27 4 2
46 448 60 27 4 1
46 508 62 27 4 1
46 570 68 27 4 1
46 638 57 27 4 1
46 695 5 22 4 1
68 695 5 5 4 2
73 109 162 55 4 2
73 271 161 54 4 2
73 432 100 88 4 1
73 532 18 88 4 2
73 550 43 88 4 2
73 593 19 88 4 1
73 612 88 32 4 1
105 612 82 39 4 1
105 694 6 13 4 2
118 694 6 12 4 1
130 694 6 12 4 2
142 694 6 7 4 2
149 694 6 12 4 1
144 612 4 17 4 1
144 616 4 17 4 1
144 620 50 17 4 3
144 670 11 17 4 2
144 681 13 17 4 1
161 432 88 33 4 2
161 520 125 44 4 1
161 645 55 37 4 2
198 645 5 7 4 2
198 650 3 7 4 2
198 653 13 7 4 1
198 666 2 7 4 3
198 668 14 7 4 2
198 682 13 7 4 1
198 695 5 3 4 1
201 695 1 4 4 1
201 696 4 4 4 2
205 520 111 80 4 2
205 631 42 209 4 2
205 673 27 80 4 1
285 673 27 41 4 2
326 673 27 33 4 2
359 673 27 22 4 1
381 673 27 18 4 3
399 673 19 15 4 1
399 692 8 15 4 2
414 631 69 35 4 1
449 631 69 50 4 3
499 631 60 146 4 2
499 691 9 59 4 1
558 691 9 54 4 3
612 691 9 17 4 1
629 691 9 7 4 3
636 691 9 9 4 2
645 631 69 119 4 1
764 631 69 67 4 1
831 631 55 72 4 1
831 686 14 54 4 1
885 686 7 18 4 1
885 693 7 18 4 2
903 631 69 39 4 3
942 631 28 113 4 2
942 659 41 134 4 1
1076 659 41 49 4 2
1125 659 41 37 4 1
1162 659 30 98 4 2
1162 689 11 21 4 1
1183 689 11 19 4 2
1202 689 11 18 4 1
1220 689 11 19 4 2
1239 689 11 11 4 2
1250 689 11 11 4 1
1261 689 2 9 4 1
1261 691 9 9 4 1
1260 659 22 10 4 2
1260 681 8 10 4 1
1055 631 28 116 4 1
1171 631 28 43 4 1
1214 631 28 36 4 2
1250 631 5 20 4 1
1250 636 23 20 4 1
285 520 111 44 4 1
329 520 111 55 4 2
384 520 59 143 4 1
384 579 52 48 4 1
432 579 52 35 4 2
467 579 52 40 4 1
507 579 41 20 4 1
507 620 11 14 4 2
521 620 11 6 4 1
527 520 57 147 4 1
527 577 54 44 4 2
571 577 30 103 4 1
571 607 24 79 4 2
650 607 24 18 4 1
668 607 1 6 4 1
668 608 1 6 4 2
668 609 10 6 4 2
668 619 1 6 4 1
668 620 1 6 4 2
668 621 10 6 4 2
674 520 94 55 4 2
674 614 17 34 4 2
708 614 17 95 4 1
803 614 17 104 4 2
907 614 17 43 4 1
950 614 17 39 4 2
989 614 17 79 4 1
1068 614 17 32 4 2
1100 614 17 82 4 1
1182 614 17 52 4 2
1234 614 17 18 4 1
1252 614 17 11 4 2
1263 614 17 7 4 2
729 520 42 191 4 1
729 562 52 62 4 2
791 562 52 133 4 2
924 562 52 54 4 2
978 562 52 69 4 1
1047 562 52 58 4 1
1105 562 52 35 4 3
1140 562 52 88 4 1
1228 562 27 42 4 3
1228 589 16 42 4 1
1228 605 9 27 4 2
1255 605 9 9 4 2
1264 605 1 6 4 2
1264 606 8 6 4 1
920 520 42 32 4 3
952 520 32 114 4 1
952 552 10 22 4 2
974 552 10 24 4 1
998 552 10 16 4 2
1014 552 10 22 4 2
1036 552 6 30 4 1
1036 558 4 23 4 3
1059 558 4 7 4 2
1066 520 42 49 4 2
1115 520 42 47 4 2
1162 520 42 47 4 1
1209 520 42 32 4 3
1241 520 23 29 4 1
1241 543 19 17 4 2
1258 543 19 12 4 2
194 432 88 50 4 1
244 432 88 73 4 2
317 432 88 68 4 1
385 432 88 36 4 3
421 432 88 34 4 2
455 432 88 41 4 2
496 432 88 78 4 2
574 432 42 72 4 1
574 474 26 117 4 2
574 500 20 29 4 2
603 500 20 26 4 1
629 500 13 62 4 1
629 513 7 12 4 1
641 513 7 39 4 1
680 513 7 6 4 3
686 513 7 5 4 1
691 474 46 58 4 2
749 474 46 57 4 2
806 474 46 40 4 2
846 474 46 39 4 2
885 474 46 53 4 1
938 474 46 54 4 1
992 474 46 34 4 1
1026 474 46 52 4 2
1078 474 38 192 4 1
1078 512 8 25 4 1
1103 512 8 38 4 1
1141 512 8 32 4 2
1173 512 8 17 4 1
1190 512 8 15 4 1
1205 512 8 14 4 3
1219 512 8 14 4 1
1233 512 8 10 4 1
1243 512 8 27 4 2
646 432 42 43 4 2
689 432 42 56 4 1
745 432 42 53 4 1
798 432 42 65 4 2
863 432 42 200 4 1
1063 432 42 122 4 1
1185 432 31 85 4 1
1185 463 11 28 4 2
1213 463 11 19 4 1
1232 463 11 38 4 1
127 271 92 34 4 2
127 363 69 30 4 1
157 363 1 4 4 1
157 364 4 4 4 1
157 368 2 4 4 2
157 370 8 4 4 2
157 378 9 4 4 1
157 387 4 4 4 1
157 391 5 4 4 2
157 396 1 4 4 2
157 397 7 4 4 1
157 404 10 4 4 2
157 414 12 4 4 2
157 426 6 4 4 1
161 271 118 46 4 2
161 389 43 81 4 3
242 389 43 38 4 1
280 389 43 43 4 1
323 389 43 69 4 1
392 389 43 199 4 3
591 389 43 40 4 2
631 389 43 44 4 1
675 389 43 59 4 2
734 389 43 43 4 1
777 389 35 96 4 1
777 424 8 34 4 2
811 424 8 13 4 2
824 424 8 13 4 1
837 424 8 12 4 2
849 424 8 12 4 3
861 424 8 6 4 2
867 424 2 6 4 2
867 426 6 6 4 3
873 389 43 34 4 3
907 389 43 71 4 3
978 389 43 47 4 1
1025 389 43 85 4 2
1110 389 43 48 4 1
1158 389 43 47 4 2
1205 389 43 35 4 1
1240 389 7 30 4 1
1240 396 10 30 4 1
1240 406 26 17 4 1
1257 406 26 13 4 1
207 271 62 76 4 2
207 333 56 52 4 2
259 333 41 24 4 3
259 374 15 19 4 2
278 374 15 5 4 2
283 271 82 60 4 1
283 353 36 86 4 1
369 353 36 202 4 1
571 353 36 81 4 1
652 353 36 97 4 2
749 353 36 64 4 1
813 353 36 140 4 1
953 353 29 140 4 2
953 382 7 28 4 1
981 382 7 26 4 1
1007 382 7 28 4 2
1035 382 7 34 4 1
1069 382 7 28 4 1
1097 382 7 26 4 2
1123 382 7 53 4 2
1176 382 7 20 4 1
1196 382 7 14 4 1
1210 382 7 31 4 2
1241 382 7 13 4 1
1254 382 7 12 4 2
1266 382 3 4 4 2
1266 385 4 4 4 1
1093 353 29 50 4 2
1143 353 29 33 4 2
1176 353 29 32 4 2
1208 353 29 26 4 1
1234 353 29 30 4 1
1264 353 7 6 4 2
1264 360 9 6 4 2
1264 369 1 6 4 1
1264 370 1 6 4 1
1264 371 11 6 4 2
343 271 82 78 4 1
421 271 82 37 4 1
458 271 49 83 4 1
458 320 33 38 4 2
496 320 33 45 4 1
541 271 82 75 4 1
616 271 82 79 4 1
695 271 45 197 4 2
695 316 37 43 4 3
738 316 37 52 4 1
790 316 37 188 4 1
978 316 30 150 4 3
978 346 7 58 4 1
1036 346 7 31 4 1
1067 346 7 19 4 1
1086 346 7 37 4 2
1123 346 7 5 4 1
1128 316 37 40 4 2
1168 316 37 39 4 1
1207 316 37 36 4 1
1243 316 37 18 4 2
1261 316 25 9 4 1
1261 341 12 9 4 2
892 271 45 69 4 2
961 271 45 71 4 1
1032 271 45 40 4 2
1072 271 45 38 4 1
1110 271 45 66 4 1
1176 271 45 37 4 2
1213 271 45 30 4 1
1243 271 45 27 4 1
128 109 85 93 4 1
128 194 77 49 4 1
177 194 46 157 4 2
177 240 31 46 4 2
223 240 31 35 4 1
258 240 26 76 4 1
258 266 5 24 4 1
282 266 5 9 4 1
291 266 5 9 4 1
300 266 5 27 4 2
327 266 5 7 4 3
334 194 53 65 4 3
334 247 24 65 4 1
399 194 77 63 4 2
462 194 77 64 4 1
526 194 77 47 4 1
573 194 77 61 4 1
634 194 36 125 4 2
634 230 26 117 4 1
634 256 15 46 4 2
680 256 15 52 4 2
732 256 15 15 4 4
747 256 11 4 4 1
747 267 4 4 4 1
751 230 24 8 4 2
751 254 17 8 4 1
759 194 77 60 4 2
819 194 77 70 4 1
889 194 77 47 4 1
936 194 77 32 4 2
968 194 30 106 4 1
968 224 47 74 4 1
1042 224 25 32 4 2
1042 249 22 32 4 2
1074 194 77 37 4 1
1111 194 62 113 4 2
1111 256 15 40 4 1
1151 256 15 24 4 1
1175 256 15 22 4 2
1197 256 15 35 4 1
1232 256 8 38 4 2
1232 264 7 17 4 1
1249 264 7 11 4 2
1260 264 7 5 4 1
1265 264 2 5 4 2
1265 266 5 5 4 1
1224 194 15 46 4 1
1224 209 47 46 4 2
221 109 85 61 4 2
282 109 50 84 4 2
282 159 35 32 4 3
314 159 35 27 4 2
341 159 6 25 4 2
341 165 23 25 4 1
341 188 6 8 4 2
349 188 6 17 4 2
366 109 35 169 4 2
366 144 33 155 4 1
366 177 17 70 4 2
436 177 17 29 4 2
465 177 11 56 4 1
465 188 6 15 4 1
480 188 6 9 4 1
489 188 6 8 4 2
497 188 6 7 4 4
504 188 6 17 4 3
521 144 50 44 4 1
565 144 50 45 4 2
610 144 50 40 4 2
650 144 50 119 4 2
769 144 50 37 4 3
806 144 50 69 4 1
875 144 50 53 4 1
928 144 32 124 4 1
928 176 18 66 4 1
994 176 18 19 4 1
1013 176 18 20 4 1
1033 176 7 19 4 3
1033 183 11 10 4 2
1043 183 3 9 4 1
1043 186 8 5 4 1
1048 186 8 4 4 2
1052 144 50 67 4 2
1119 144 50 35 4 2
1154 144 50 51 4 2
1205 144 27 65 4 1
1205 171 23 24 4 2
1229 171 23 18 4 2
1247 171 5 23 4 1
1247 176 5 23 4 2
1247 181 13 14 4 2
1261 181 13 9 4 1
535 109 35 34 4 1
569 109 35 53 4 1
622 109 35 32 4 2
654 109 35 101 4 1
755 109 35 50 4 1
805 109 35 43 4 2
848 109 35 33 4 2
881 109 35 103 4 2
984 109 35 69 4 2
1053 109 35 55 4 1
1108 109 35 64 4 1
1172 109 35 47 4 1
1219 109 23 51 4 1
1219 132 12 44 4 2
1263 132 12 7 4 1
177 61 48 79 4 1
256 61 48 45 4 2
301 61 48 46 4 1
347 61 48 96 4 3
443 61 48 36 4 1
479 61 48 81 4 2
560 61 48 73 4 1
633 61 48 32 4 1
665 61 43 194 4 1
665 104 5 22 4 2
687 104 5 42 4 1
729 104 5 27 4 1
756 104 5 24 4 2
780 104 5 12 4 1
792 104 5 14 4 2
806 104 5 16 4 1
822 104 5 8 4 2
830 104 5 10 4 1
840 104 5 6 4 2
846 104 5 13 4 2
859 61 48 51 4 1
910 61 48 53 4 1
963 61 48 53 4 1
1016 61 48 75 4 3
1091 61 48 40 4 1
1131 61 48 38 4 1
1169 61 44 77 4 1
1169 105 4 12 4 2
1181 105 4 12 4 2
1193 105 4 11 4 1
1204 105 4 9 4 1
1213 105 4 9 4 2
1222 105 4 10 4 1
1232 105 4 9 4 1
1241 105 4 7 4 1
1248 105 4 6 4 1
1254 105 4 9 4 2
1263 105 4 7 4 1
1246 61 5 24 4 1
1246 66 39 18 4 1
1264 66 1 6 4 3
1264 67 5 6 4 2
1264 72 18 6 4 2
1264 90 2 6 4 3
1264 92 3 6 4 2
1264 95 10 6 4 2
50 0 61 64 4 2
114 0 61 68 4 2
182 0 61 51 4 1
233 0 61 62 4 1
295 0 61 45 4 1
340 0 61 42 4 2
382 0 61 49 4 1
431 0 61 41 4 1
472 0 61 32 4 2
504 0 53 152 4 3
504 53 8 40 4 2
544 53 8 39 4 2
583 53 8 32 4 1
615 53 8 39 4 1
654 53 8 50 4 1
704 53 8 34 4 2
738 53 8 52 4 2
790 53 8 49 4 2
839 53 8 85 4 1
924 53 8 47 4 1
971 53 8 63 4 1
1034 53 8 27 4 1
1061 53 8 60 4 1
1121 53 8 21 4 1
1142 53 8 72 4 1
1214 53 8 14 4 3
1228 53 8 35 4 2
1263 53 8 7 4 1
656 0 53 36 4 2
692 0 53 54 4 3
746 0 53 42 4 3
788 0 53 59 4 2
847 0 53 40 4 2
887 0 53 47 4 1
934 0 53 46 4 2
980 0 53 58 4 3
1038 0 42 105 4 1
1038 42 11 22 4 3
1060 42 11 27 4 2
1087 42 11 21 4 3
1108 42 11 23 4 1
1131 42 11 7 4 2
1138 42 1 5 4 1
1138 43 4 5 4 2
1138 47 6 5 4 2
1143 0 25 127 4 2
1143 25 28 56 4 1
1199 25 28 48 4 2
1247 25 28 16 4 2
1263 25 7 7 4 1
1263 32 21 7 4 2
0 0 84 37 3 2
0 84 64 24 3 2
0 148 56 19 3 1
0 204 53 24 3 2
0 257 23 24 3 1
0 280 10 24 3 2
0 290 39 24 3 1
0 329 59 24 3 1
0 388 57 19 3 2
0 445 38 24 3 1
0 483 7 8 3 2
8 483 7 10 3 1
18 483 7 6 3 1
19 388 15 5 3 1
19 403 7 5 3 2
19 410 2 5 3 3
19 412 1 5 3 1
19 413 1 5 3 1
19 414 1 5 3 1
19 415 1 5 3 2
19 416 8 5 3 1
19 424 15 5 3 1
19 439 1 5 3 1
19 440 5 5 3 1
19 148 1 5 3 1
19 149 1 5 3 1
19 150 12 5 3 2
19 162 1 5 3 3
19 163 13 5 3 2
19 176 3 5 3 1
19 179 1 5 3 2
19 180 11 5 3 2
19 191 1 5 3 1
19 192 3 5 3 2
19 195 9 5 3 2
24 84 23 13 3 1
24 107 28 13 3 2
24 135 16 13 3 2
24 151 39 13 3 2
24 190 11 13 3 3
24 201 3 13 3 2
24 204 8 13 3 2
24 212 13 13 3 1
24 225 4 13 3 1
24 229 17 13 3 2
24 246 27 13 3 1
24 273 6 13 3 2
24 279 36 13 3 3
24 315 15 13 3 1
24 330 3 13 3 1
24 333 15 13 3 1
24 348 10 13 3 2
24 358 28 13 3 3
24 386 34 13 3 1
24 420 10 13 3 2
24 430 4 13 3 2
24 434 9 13 3 3
24 443 39 13 3 1
24 482 8 7 3 2
31 482 8 6 3 1
37 0 78 40 3 1
37 78 25 125 3 2
37 103 45 43 3 1
37 148 46 25 3 1
37 194 18 43 3 2
37 212 59 21 3 1
37 271 37 43 3 3
37 308 85 30 3 1
37 393 56 19 3 1
37 449 8 19 3 1
37 457 33 19 3 2
56 393 2 11 3 2
56 395 33 11 3 1
56 428 23 11 3 1
56 451 21 11 3 2
56 472 18 11 3 1
67 308 29 13 3 2
67 337 24 13 3 2
67 361 36 13 3 1
67 397 32 13 3 3
67 429 27 13 3 2
67 456 6 13 3 1
67 462 20 13 3 2
67 482 8 8 3 1
75 482 8 5 3 1
58 212 59 22 3 2
62 148 28 18 3 1
62 176 18 13 3 1
75 176 14 5 3 2
75 190 4 5 3 1
80 103 86 31 3 2
80 189 47 57 3 2
80 236 90 34 3 2
80 326 96 32 3 4
80 422 46 28 3 2
80 468 22 17 3 1
97 468 4 11 3 2
97 472 18 11 3 1
108 422 12 4 3 2
108 434 2 4 3 1
108 436 1 4 3 3
108 437 12 4 3 1
108 449 11 4 3 2
108 460 5 4 3 2
108 465 6 4 3 2
108 471 7 4 3 1
108 478 3 4 3 1
108 481 5 4 3 1
108 486 4 4 3 2
112 326 37 54 3 1
112 363 17 70 3 3
112 380 43 29 3 1
112 423 27 40 3 1
112 450 40 31 3 1
143 450 17 9 3 1
143 467 8 9 3 2
143 475 2 9 3 1
143 477 13 9 3 2
152 423 67 30 3 1
141 380 34 41 3 3
141 414 9 27 3 2
168 414 3 14 3 1
168 417 6 7 3 1
175 417 6 7 3 1
182 363 67 38 3 3
182 430 60 23 3 2
205 430 39 29 3 1
205 469 21 25 3 1
230 469 1 4 3 2
230 470 5 4 3 2
230 475 1 4 3 2
230 476 10 4 3 2
230 486 4 4 3 1
234 430 31 43 3 3
234 461 29 52 3 1
286 461 29 21 3 2
307 461 29 31 3 1
338 461 29 22 3 1
360 461 29 39 3 3
399 461 29 34 3 3
433 461 29 101 3 3
534 461 29 35 3 2
569 461 29 19 3 1
588 461 29 20 3 1
608 461 29 19 3 2
627 461 10 13 3 2
627 471 14 13 3 1
627 485 5 7 3 1
634 485 5 6 3 1
277 430 31 43 3 1
320 430 22 65 3 2
320 452 9 42 3 1
362 452 9 43 3 2
405 452 9 29 3 2
434 452 9 20 3 2
454 452 9 60 3 1
514 452 9 73 3 2
587 452 9 13 3 2
600 452 9 13 3 1
613 452 9 10 3 2
623 452 3 17 3 1
623 455 6 6 3 2
629 455 6 11 3 2
385 430 22 75 3 1
460 430 22 57 3 1
517 430 22 27 3 1
544 430 22 25 3 2
569 430 22 26 3 2
595 430 22 33 3 1
628 430 22 12 3 1
220 363 67 28 3 1
248 363 58 22 3 2
248 421 9 91 3 1
339 421 9 20 3 2
359 421 9 57 3 2
416 421 9 27 3 1
443 421 9 63 3 2
506 421 9 20 3 1
526 421 9 67 3 1
593 421 9 20 3 1
613 421 9 13 3 1
626 421 5 14 3 2
626 426 4 5 3 1
631 426 4 4 3 2
635 426 4 5 3 1
270 363 58 26 3 2
296 363 58 32 3 3
328 363 58 23 3 2
351 363 58 27 3 2
378 363 58 21 3 2
399 363 31 100 3 1
399 394 27 34 3 2
433 394 27 25 3 1
458 394 27 53 3 1
511 394 27 48 3 1
559 394 21 54 3 1
559 415 6 20 3 1
579 415 6 16 3 2
595 415 6 30 3 2
625 415 6 6 3 1
631 415 6 9 3 2
613 394 21 17 3 1
630 394 8 10 3 2
630 402 13 10 3 2
499 363 31 26 3 1
525 363 31 56 3 1
581 363 31 23 3 1
604 363 31 21 3 2
625 363 18 15 3 2
625 381 13 15 3 2
166 326 37 20 3 1
186 326 37 56 3 3
242 326 37 31 3 1
273 326 37 23 3 2
296 326 37 29 3 2
325 326 37 58 3 2
383 326 37 63 3 2
446 326 32 62 3 3
446 358 5 40 3 2
486 358 5 43 3 2
529 358 5 18 3 1
547 358 5 21 3 2
568 358 5 41 3 2
609 358 5 7 3 3
616 358 5 6 3 1
622 358 5 14 3 1
636 358 5 4 3 1
508 326 32 22 3 3
530 326 32 30 3 1
560 326 32 25 3 3
585 326 32 42 3 2
627 326 26 13 3 2
627 352 6 7 3 2
634 352 6 6 3 1
114 236 53 26 3 2
114 289 37 18 3 1
132 289 5 8 3 1
132 294 20 8 3 2
132 314 12 8 3 1
140 236 57 25 3 2
140 293 33 45 3 2
185 293 33 35 3 1
220 293 20 101 3 2
220 313 13 59 3 1
279 313 13 25 3 1
304 313 13 49 3 1
353 313 13 31 3 1
384 313 13 25 3 3
409 313 13 51 3 1
460 313 13 26 3 2
486 313 13 22 3 1
508 313 13 26 3 1
534 313 13 67 3 1
601 313 13 15 3 2
616 313 13 11 3 1
627 313 13 8 3 1
635 313 5 5 3 1
635 318 8 5 3 2
321 293 20 23 3 2
344 293 20 40 3 1
384 293 20 30 3 1
414 293 20 25 3 2
439 293 20 33 3 1
472 293 20 109 3 2
581 293 20 28 3 3
609 293 20 27 3 3
636 293 2 4 3 1
636 295 8 4 3 1
636 303 5 4 3 1
636 308 5 4 3 1
165 236 46 68 3 1
165 282 11 19 3 1
184 282 11 15 3 1
199 282 11 14 3 1
213 282 7 20 3 2
213 289 4 6 3 2
219 289 4 14 3 1
233 236 29 48 3 2
233 265 28 34 3 2
267 265 4 14 3 2
267 269 18 14 3 1
267 287 6 7 3 2
274 287 6 7 3 2
281 236 50 54 3 1
281 286 7 26 3 1
307 286 7 34 3 2
341 286 7 24 3 2
365 286 7 21 3 1
386 286 7 21 3 2
407 286 7 34 3 2
441 286 7 56 3 2
497 286 7 69 3 1
566 286 7 35 3 1
601 286 7 12 3 1
613 286 7 9 3 1
622 286 7 12 3 2
634 286 7 6 3 3
335 236 27 85 3 1
335 263 23 29 3 3
364 263 23 46 3 2
410 263 18 10 3 1
410 281 5 5 3 2
415 281 5 5 3 2
420 236 30 79 3 2
420 266 20 24 3 2
444 266 13 55 3 3
444 279 7 18 3 1
462 279 7 11 3 1
473 279 7 12 3 2
485 279 7 6 3 2
491 279 7 8 3 2
499 236 50 28 3 3
527 236 50 34 3 1
561 236 50 24 3 1
585 236 11 55 3 2
585 247 39 27 3 1
612 247 39 19 3 2
631 247 22 9 3 2
631 269 17 9 3 2
137 189 47 53 3 1
190 189 34 89 3 2
190 223 13 31 3 1
221 223 13 66 3 1
287 223 13 35 3 2
322 223 13 44 3 2
366 223 13 24 3 1
390 223 13 29 3 1
419 223 13 24 3 1
443 223 13 24 3 1
467 223 13 28 3 1
495 223 13 36 3 1
531 223 13 19 3 1
550 223 13 72 3 1
622 223 13 10 3 1
632 223 4 8 3 2
632 227 9 8 3 1
279 189 34 44 3 1
323 189 34 78 3 1
401 189 34 32 3 2
433 189 34 45 3 3
478 189 21 71 3 1
478 210 13 53 3 1
531 210 13 9 3 1
540 210 13 9 3 1
549 189 34 46 3 2
595 189 34 21 3 1
616 189 34 24 3 2
111 103 63 22 3 2
111 166 23 30 3 3
141 166 23 39 3 1
180 166 23 23 3 2
203 166 23 31 3 2
234 166 23 31 3 1
265 166 23 42 3 2
307 166 23 58 3 1
365 166 23 36 3 3
401 166 23 23 3 2
424 166 23 65 3 2
489 166 23 74 3 2
563 166 16 77 3 2
563 182 7 15 3 2
578 182 7 44 3 1
622 182 7 9 3 3
631 182 7 9 3 2
133 103 57 20 3 1
133 160 6 20 3 4
153 103 42 55 3 2
153 145 21 20 3 1
173 145 21 21 3 4
194 145 21 28 3 1
222 145 21 79 3 1
301 145 21 26 3 2
327 145 21 109 3 1
436 145 21 24 3 2
460 145 21 25 3 1
485 145 21 45 3 3
530 145 21 24 3 1
554 145 21 23 3 1
577 145 17 63 3 2
577 162 4 33 3 1
610 162 4 7 3 1
617 162 4 6 3 1
623 162 4 5 3 1
628 162 4 12 3 2
208 103 42 66 3 3
274 103 42 51 3 2
325 103 22 105 3 1
325 125 20 25 3 2
350 125 20 30 3 3
380 125 20 35 3 1
415 125 20 35 3 3
450 125 20 44 3 1
494 125 20 51 3 2
545 125 20 20 3 2
565 125 20 31 3 2
596 125 20 17 3 1
613 125 20 16 3 3
629 125 3 11 3 1
629 128 2 11 3 1
629 130 5 11 3 1
629 135 4 11 3 2
629 139 2 11 3 2
629 141 4 7 3 1
636 141 4 4 3 1
430 103 22 62 3 1
492 103 22 38 3 1
530 103 22 40 3 1
570 103 22 45 3 2
615 103 5 25 3 1
615 108 17 25 3 1
162 78 25 27 3 1
189 78 25 60 3 2
249 78 25 77 3 1
326 78 25 30 3 2
356 78 25 33 3 2
389 78 25 35 3 1
424 78 25 29 3 4
453 78 25 38 3 3
491 78 25 35 3 3
526 78 25 24 3 1
550 78 25 21 3 1
571 78 16 65 3 1
571 94 9 19 3 1
590 94 9 39 3 2
629 94 9 6 3 3
635 94 9 5 3 2
636 78 6 4 3 2
636 84 1 4 3 3
636 85 9 4 3 2
77 0 30 52 3 2
77 30 48 29 3 1
106 30 17 23 3 1
106 47 10 23 3 2
106 57 21 13 3 1
119 57 21 10 3 1
129 0 61 33 3 1
129 61 17 20 3 1
149 61 17 13 3 1
162 0 34 30 3 2
162 34 6 30 3 1
162 40 26 30 3 1
162 66 12 11 3 2
173 66 12 13 3 1
186 66 2 6 3 2
186 68 1 6 3 2
186 69 9 6 3 1
192 0 43 30 3 1
192 43 35 27 3 2
219 43 35 32 3 2
251 43 21 98 3 1
251 64 14 44 3 1
295 64 14 16 3 2
311 64 14 23 3 1
334 64 14 11 3 2
345 64 1 4 3 2
345 65 2 4 3 2
345 67 11 4 3 1
349 43 23 44 3 2
349 66 12 24 3 1
373 66 12 37 3 2
410 66 12 51 3 1
461 66 12 20 3 2
481 66 12 42 3 1
523 66 12 72 3 1
595 66 12 14 3 1
609 66 12 12 3 1
621 66 12 11 3 2
632 66 12 8 3 1
393 43 23 35 3 1
428 43 23 32 3 1
460 43 23 32 3 2
492 43 23 65 3 2
557 43 23 20 3 3
577 43 18 63 3 1
577 61 5 14 3 2
591 61 5 13 3 1
604 61 5 29 3 2
633 61 5 7 3 2
222 0 43 27 3 2
249 0 28 45 3 1
249 28 15 24 3 1
273 28 8 21 3 2
273 36 7 21 3 1
294 0 21 87 3 1
294 21 22 26 3 1
320 21 22 30 3 1
350 21 22 31 3 3
381 21 22 22 3 2
403 21 22 20 3 1
423 21 22 34 3 1
457 21 22 40 3 2
497 21 22 35 3 1
532 21 22 81 3 2
613 21 22 15 3 2
628 21 3 12 3 1
628 24 19 12 3 1
381 0 21 86 3 1
467 0 21 83 3 1
550 0 21 44 3 2
594 0 21 21 3 1
615 0 21 13 3 2
628 0 21 12 3 2
0 0 27 39 2 2
0 27 55 21 2 1
0 82 20 21 2 2
0 102 63 21 2 1
0 165 5 21 2 1
0 170 29 15 2 1
0 199 37 15 2 1
0 236 38 15 2 1
0 274 41 15 2 1
0 315 16 15 2 2
0 331 4 15 2 3
0 335 12 15 2 1
0 347 10 15 2 1
0 357 3 15 2 2
0 360 45 15 2 2
0 405 15 15 2 2
15 170 2 6 2 2
15 172 5 6 2 1
15 177 7 6 2 2
15 184 9 6 2 2
15 193 2 6 2 1
15 195 5 6 2 2
15 200 3 6 2 2
15 203 8 6 2 1
15 211 17 6 2 1
15 228 9 6 2 1
15 237 5 6 2 1
15 242 18 6 2 3
15 260 5 6 2 3
15 265 2 6 2 1
15 267 6 6 2 2
15 273 7 6 2 2
15 280 17 6 2 1
15 297 6 6 2 2
15 303 16 6 2 1
15 319 8 6 2 2
15 327 3 6 2 2
15 330 3 6 2 1
15 333 2 6 2 2
15 335 18 6 2 3
15 353 14 6 2 1
15 367 8 6 2 1
15 375 17 6 2 2
15 392 5 6 2 3
15 397 2 6 2 2
15 399 2 6 2 2
15 401 7 6 2 4
15 408 8 6 2 2
15 416 4 6 2 2
21 27 19 18 2 1
21 46 4 18 2 2
21 50 11 18 2 2
21 61 38 13 2 2
21 99 4 13 2 2
21 103 3 13 2 2
21 106 9 13 2 1
21 115 37 13 2 2
21 152 39 13 2 1
21 191 36 13 2 2
21 227 9 13 2 2
21 236 20 13 2 3
21 256 31 13 2 3
21 287 4 13 2 2
21 291 12 13 2 1
21 303 16 13 2 2
21 319 3 13 2 2
21 322 3 13 2 1
21 325 19 13 2 2
21 344 15 13 2 2
21 359 30 13 2 2
21 389 31 13 2 1
34 61 8 5 2 2
34 69 12 5 2 1
34 81 11 5 2 2
34 92 15 5 2 1
34 107 12 5 2 1
34 119 1 5 2 1
34 120 7 5 2 1
34 127 8 5 2 2
34 135 3 5 2 2
34 138 3 5 2 1
34 141 5 5 2 1
34 146 5 5 2 2
34 151 12 5 2 3
34 163 14 5 2 1
34 177 10 5 2 1
34 187 6 5 2 1
34 193 5 5 2 1
34 198 14 5 2 1
34 212 15 5 2 1
34 227 11 5 2 2
34 238 13 5 2 1
34 251 1 5 2 1
34 252 3 5 2 4
34 255 4 5 2 1
34 259 7 5 2 1
34 266 1 5 2 2
34 267 2 5 2 1
34 269 15 5 2 2
34 284 1 5 2 2
34 285 15 5 2 1
34 300 15 5 2 1
34 315 5 5 2 1
34 320 12 5 2 2
34 332 6 5 2 1
34 338 3 5 2 1
34 341 4 5 2 1
34 345 1 5 2 2
34 346 4 5 2 2
34 350 10 5 2 2
34 360 4 5 2 2
34 364 8 5 2 1
34 372 14 5 2 2
34 386 15 5 2 2
34 401 6 5 2 1
34 407 7 5 2 2
34 414 6 5 2 1
39 0 22 53 2 2
39 22 14 40 2 1
39 36 8 40 2 1
39 44 54 21 2 2
39 98 30 21 2 2
39 128 6 21 2 1
39 134 22 21 2 2
39 156 41 14 2 1
39 197 3 14 2 1
39 200 24 14 2 3
39 224 6 14 2 1
39 230 40 14 2 2
39 270 30 14 2 1
39 300 42 14 2 1
39 342 42 14 2 1
39 384 36 14 2 1
53 156 20 7 2 3
53 176 2 7 2 1
53 178 16 7 2 2
53 194 16 7 2 2
53 210 2 7 2 3
53 212 14 7 2 1
53 226 20 7 2 1
53 246 10 7 2 1
53 256 5 7 2 2
53 261 7 7 2 2
53 268 20 7 2 2
53 288 11 7 2 1
53 299 4 7 2 3
53 303 20 7 2 1
53 323 21 7 2 2
53 344 17 7 2 2
53 361 21 7 2 3
53 382 19 7 2 2
53 401 14 7 2 3
53 415 5 7 2 1
60 44 49 19 2 1
60 93 18 19 2 1
60 111 14 19 2 1
60 125 19 19 2 1
60 144 21 19 2 1
60 165 13 19 2 2
60 178 45 19 2 2
60 223 4 19 2 2
60 227 52 19 2 1
60 279 16 19 2 1
60 295 48 19 2 3
60 343 15 19 2 1
60 358 49 19 2 2
60 407 13 14 2 2
74 407 13 5 2 2
79 22 26 13 2 2
79 48 22 13 2 1
79 70 12 13 2 1
79 82 39 13 2 2
79 121 27 13 2 1
79 148 30 13 2 1
79 178 34 13 2 3
79 212 38 13 2 4
79 250 32 13 2 1
79 282 32 13 2 2
79 314 15 13 2 2
79 329 12 13 2 2
79 341 21 13 2 3
79 362 23 13 2 2
79 385 29 13 2 1
79 414 6 13 2 1
92 0 45 15 2 2
92 45 40 15 2 2
92 85 5 15 2 2
92 90 10 15 2 2
92 100 42 15 2 3
92 142 45 15 2 2
92 187 41 15 2 2
92 228 37 15 2 2
92 265 4 15 2 1
92 269 32 15 2 1
92 301 44 15 2 2
92 345 17 15 2 1
92 362 23 15 2 1
92 385 3 15 2 2
92 388 32 15 2 1
107 0 58 22 2 2
107 58 5 22 2 1
107 63 6 22 2 2
107 69 47 16 2 2
107 116 48 22 2 2
107 164 7 22 2 1
107 171 61 22 2 3
107 232 36 12 2 2
107 268 19 12 2 1
107 287 8 12 2 1
107 295 3 12 2 2
107 298 20 12 2 1
107 318 36 12 2 2
107 354 8 12 2 2
107 362 35 12 2 1
107 397 23 12 2 3
119 232 21 10 2 2
119 253 9 10 2 2
119 262 30 10 2 1
119 292 18 10 2 3
119 310 14 10 2 1
119 324 12 10 2 1
119 336 7 10 2 2
119 343 3 10 2 2
119 346 30 10 2 1
119 376 6 10 2 2
119 382 28 10 2 1
119 410 2 10 2 2
119 412 8 10 2 2
123 69 3 6 2 2
123 72 17 6 2 1
123 89 4 6 2 1
123 93 17 6 2 2
123 110 6 6 2 3
129 0 57 21 2 3
129 57 41 21 2 3
129 98 9 21 2 1
129 107 19 21 2 2
129 126 14 21 2 2
129 140 13 21 2 3
129 153 35 12 2 1
129 188 38 21 2 1
129 226 9 21 2 1
129 235 5 21 2 2
129 240 5 21 2 2
129 245 4 21 2 2
129 249 5 21 2 1
129 254 31 14 2 2
129 285 26 14 2 1
129 311 36 14 2 2
129 347 42 14 2 2
129 389 19 14 2 1
129 408 12 8 2 2
137 408 2 6 2 1
137 410 5 6 2 1
137 415 5 6 2 3
143 254 2 7 2 2
143 256 20 7 2 1
143 276 7 7 2 2
143 283 3 7 2 1
143 286 14 7 2 1
143 300 21 7 2 3
143 321 1 7 2 2
143 322 2 7 2 1
143 324 9 7 2 2
143 333 20 7 2 2
143 353 21 7 2 2
143 374 2 7 2 1
143 376 19 7 2 1
143 395 16 7 2 2
143 411 9 7 2 1
141 153 21 9 2 3
141 174 14 9 2 1
150 0 34 15 2 1
150 34 34 15 2 1
150 68 33 15 2 2
150 101 3 15 2 2
150 104 41 15 2 3
150 145 26 15 2 1
150 171 38 15 2 2
150 209 32 15 2 1
150 241 12 15 2 1
150 253 38 15 2 1
150 291 17 15 2 2
150 308 30 15 2 3
150 338 44 15 2 1
150 382 22 15 2 1
150 404 16 11 2 3
161 404 12 4 2 1
161 416 4 4 2 1
165 0 25 25 2 2
165 25 53 21 2 1
165 78 28 21 2 2
165 106 13 21 2 1
165 119 42 21 2 1
165 161 14 21 2 1
165 175 62 21 2 2
165 237 5 21 2 2
165 242 18 21 2 2
165 260 10 21 2 1
165 270 49 17 2 1
165 319 4 17 2 2
165 323 34 17 2 1
165 357 4 17 2 1
165 361 48 17 2 2
165 409 11 8 2 1
173 409 3 9 2 2
173 412 8 9 2 3
182 270 3 4 2 1
182 273 1 4 2 2
182 274 1 4 2 2
182 275 1 4 2 2
182 276 10 4 2 1
182 286 12 4 2 1
182 298 2 4 2 2
182 300 1 4 2 2
182 301 10 4 2 1
182 311 9 4 2 2
182 320 1 4 2 2
182 321 6 4 2 2
182 327 11 4 2 2
182 338 3 4 2 1
182 341 12 4 2 1
182 353 4 4 2 3
182 357 1 4 2 1
182 358 1 4 2 2
182 359 11 4 2 2
182 370 1 4 2 1
182 371 1 4 2 2
182 372 8 4 2 2
182 380 11 4 2 1
182 391 5 4 2 2
182 396 7 4 2 1
182 403 7 4 2 1
182 410 5 4 2 1
182 415 5 4 2 1
186 25 25 38 2 2
186 50 32 15 2 1
186 82 5 15 2 2
186 87 3 15 2 3
186 90 43 15 2 1
186 133 3 15 2 1
186 136 33 15 2 2
186 169 12 15 2 1
186 181 9 15 2 2
186 190 45 15 2 1
186 235 8 15 2 3
186 243 32 15 2 1
186 275 44 15 2 2
186 319 42 15 2 2
186 361 9 15 2 3
186 370 13 15 2 1
186 383 3 15 2 2
186 386 4 15 2 1
186 390 30 15 2 2
201 50 5 23 2 1
201 55 5 23 2 2
201 60 42 23 2 1
201 102 17 23 2 3
201 119 7 23 2 2
201 126 23 23 2 1
201 149 39 13 2 1
201 188 20 13 2 2
201 208 26 13 2 2
201 234 3 13 2 2
201 237 21 13 2 2
201 258 39 13 2 1
201 297 11 13 2 1
201 308 17 13 2 1
201 325 34 13 2 1
201 359 36 13 2 1
201 395 16 13 2 2
201 411 9 8 2 2
209 411 1 5 2 1
209 412 1 5 2 1
209 413 7 5 2 1
214 149 2 10 2 2
214 151 30 10 2 1
214 181 28 10 2 2
214 209 13 10 2 2
214 222 8 10 2 1
214 230 30 10 2 2
214 260 20 10 2 3
214 280 24 10 2 3
214 304 19 10 2 1
214 323 8 10 2 2
214 331 2 10 2 1
214 333 6 10 2 1
214 339 19 10 2 1
214 358 26 10 2 1
214 384 28 10 2 2
214 412 4 10 2 1
214 416 4 4 2 1
218 416 4 6 2 2
224 25 59 21 2 2
224 84 31 14 2 1
224 115 4 14 2 1
224 119 3 14 2 2
224 122 7 14 2 2
224 129 6 14 2 2
224 135 8 14 2 1
224 143 27 14 2 1
224 170 35 14 2 1
224 205 10 14 2 1
224 215 14 14 2 2
224 229 18 14 2 1
224 247 31 14 2 2
224 278 5 14 2 1
224 283 16 14 2 3
224 299 8 14 2 1
224 307 26 14 2 2
224 333 6 14 2 1
224 339 26 14 2 2
224 365 12 14 2 2
224 377 43 14 2 1
238 84 16 7 2 1
238 100 18 7 2 3
238 118 12 7 2 1
238 130 2 7 2 2
238 132 8 7 2 1
238 140 15 7 2 1
238 155 11 7 2 1
238 166 7 7 2 1
238 173 20 7 2 2
238 193 11 7 2 1
238 204 21 7 2 2
238 225 3 7 2 2
238 228 2 7 2 2
238 230 9 7 2 1
238 239 14 7 2 1
238 253 21 7 2 2
238 274 13 7 2 1
238 287 3 7 2 2
238 290 3 7 2 1
238 293 20 7 2 1
238 313 7 7 2 1
238 320 16 7 2 1
238 336 2 7 2 2
238 338 18 7 2 1
238 356 5 7 2 1
238 361 21 7 2 2
238 382 3 7 2 2
238 385 13 7 2 1
238 398 22 7 2 2
245 25 44 20 2 1
245 69 54 20 2 1
245 123 4 20 2 2
245 127 4 20 2 1
245 131 17 20 2 2
245 148 36 15 2 2
245 184 11 20 2 1
245 195 43 20 2 1
245 238 27 20 2 1
245 265 59 20 2 2
245 324 38 20 2 1
245 362 34 20 2 2
245 396 20 20 2 1
245 416 4 6 2 2
251 416 4 6 2 1
257 416 4 8 2 1
260 148 11 5 2 2
260 159 1 5 2 1
260 160 6 5 2 1
260 166 12 5 2 1
260 178 6 5 2 1
265 25 35 25 2 2
265 60 6 25 2 2
265 66 29 25 2 2
265 95 41 21 2 2
265 136 6 21 2 2
265 142 27 21 2 1
265 169 35 13 2 2
265 204 37 14 2 1
265 241 25 14 2 3
265 266 6 14 2 2
265 272 3 14 2 1
265 275 3 14 2 2
265 278 3 14 2 1
265 281 41 14 2 1
265 322 12 14 2 1
265 334 4 14 2 1
265 338 6 14 2 2
265 344 40 14 2 1
265 384 23 14 2 2
265 407 13 14 2 2
279 204 2 7 2 2
279 206 1 7 2 1
279 207 19 7 2 2
279 226 3 7 2 2
279 229 2 7 2 2
279 231 10 7 2 2
279 241 7 7 2 2
279 248 12 7 2 1
279 260 8 7 2 1
279 268 20 7 2 1
279 288 4 7 2 1
279 292 5 7 2 2
279 297 6 7 2 1
279 303 2 7 2 1
279 305 13 7 2 1
279 318 18 7 2 2
279 336 5 7 2 1
279 341 17 7 2 2
279 358 2 7 2 3
279 360 9 7 2 1
279 369 7 7 2 2
279 376 9 7 2 2
279 385 9 7 2 1
279 394 21 7 2 2
279 415 5 3 2 1
282 415 5 4 2 1
278 169 9 8 2 2
278 178 2 8 2 2
278 180 4 8 2 1
278 184 2 8 2 1
278 186 18 8 2 2
286 95 4 4 2 1
286 99 12 4 2 1
286 111 10 4 2 1
286 121 2 4 2 1
286 123 11 4 2 2
286 134 3 4 2 1
286 137 1 4 2 1
286 138 3 4 2 2
286 141 1 4 2 2
286 142 1 4 2 2
286 143 1 4 2 1
286 144 3 4 2 1
286 147 5 4 2 2
286 152 5 4 2 2
286 157 2 4 2 2
286 159 12 4 2 2
286 171 11 4 2 1
286 182 1 4 2 2
286 183 5 4 2 2
286 188 8 4 2 1
286 196 1 4 2 2
286 197 3 4 2 2
286 200 11 4 2 1
286 211 12 4 2 1
286 223 7 4 2 1
286 230 3 4 2 2
286 233 12 4 2 2
286 245 3 4 2 1
286 248 1 4 2 2
286 249 12 4 2 2
286 261 5 4 2 2
286 266 1 4 2 2
286 267 6 4 2 2
286 273 12 4 2 1
286 285 3 4 2 1
286 288 5 4 2 2
286 293 2 4 2 2
286 295 12 4 2 2
286 307 1 4 2 2
286 308 3 4 2 1
286 311 10 4 2 2
286 321 8 4 2 1
286 329 5 4 2 2
286 334 1 4 2 2
286 335 12 4 2 2
286 347 4 4 2 1
286 351 1 4 2 2
286 352 4 4 2 1
286 356 10 4 2 2
286 366 3 4 2 1
286 369 3 4 2 2
286 372 10 4 2 2
286 382 7 4 2 3
286 389 3 4 2 2
286 392 5 4 2 1
286 397 12 4 2 1
286 409 2 4 2 2
286 411 1 4 2 2
286 412 8 4 2 2
190 0 25 54 2 3
244 0 25 19 2 2
263 0 8 27 2 3
263 8 17 20 2 1
283 8 3 7 2 2
283 11 14 7 2 1
0 0 65 25 1 1
0 65 37 29 1 3
0 102 38 29 1 2
0 140 28 29 1 1
0 168 6 29 1 1
0 174 8 29 1 3
0 182 32 25 1 1
0 214 57 20 1 1
0 271 36 18 1 2
0 307 38 18 1 2
0 345 59 23 1 1
0 404 16 23 1 2
23 345 1 6 1 2
23 346 11 6 1 1
23 357 6 6 1 3
23 363 17 6 1 2
23 380 1 6 1 2
23 381 2 6 1 2
23 383 14 6 1 2
23 397 18 6 1 2
23 415 5 6 1 2
18 307 20 11 1 2
18 327 6 11 1 1
18 333 12 7 1 2
25 333 12 4 1 2
18 271 26 11 1 1
18 297 10 7 1 2
25 297 5 4 1 2
25 302 1 4 1 1
25 303 4 4 1 1
20 214 8 9 1 1
20 222 8 9 1 2
20 230 10 9 1 2
20 240 5 9 1 2
20 245 3 9 1 2
20 248 4 9 1 2
20 252 19 9 1 1
25 182 4 4 1 1
25 186 8 4 1 1
25 194 6 4 1 2
25 200 9 4 1 2
25 209 5 4 1 2
29 65 30 19 1 1
29 95 26 55 1 2
29 121 35 32 1 1
29 156 33 16 1 1
29 189 35 16 1 2
29 224 18 16 1 2
29 242 13 16 1 1
29 255 25 16 1 2
29 280 9 16 1 2
29 289 47 16 1 3
29 336 6 16 1 2
29 342 6 16 1 1
29 348 17 16 1 1
29 365 43 16 1 1
29 408 12 12 1 2
41 408 12 4 1 1
45 156 28 16 1 1
45 184 47 16 1 2
45 231 29 16 1 2
45 260 10 16 1 2
45 270 44 16 1 1
45 314 30 16 1 1
45 344 44 16 1 1
45 388 21 16 1 1
45 409 11 16 1 1
61 121 60 23 1 1
61 181 18 23 1 3
61 199 35 15 1 1
61 234 5 15 1 1
61 239 9 15 1 2
61 248 35 15 1 2
61 283 19 15 1 1
61 302 45 15 1 1
61 347 8 15 1 2
61 355 11 15 1 1
61 366 28 15 1 1
61 394 10 15 1 2
61 404 16 15 1 1
76 199 22 8 1 1
76 221 2 8 1 2
76 223 3 8 1 1
76 226 20 8 1 1
76 246 24 8 1 1
76 270 2 8 1 3
76 272 8 8 1 1
76 280 17 8 1 2
76 297 7 8 1 1
76 304 18 8 1 1
76 322 6 8 1 1
76 328 7 8 1 2
76 335 2 8 1 2
76 337 3 8 1 2
76 340 23 8 1 1
76 363 9 8 1 1
76 372 12 8 1 3
76 384 14 8 1 1
76 398 6 8 1 3
76 404 16 8 1 1
84 95 48 32 1 2
84 143 69 23 1 1
84 212 24 57 1 2
84 236 26 57 1 1
84 262 22 57 1 2
84 284 14 57 1 2
84 298 10 52 1 2
84 308 45 16 1 2
84 353 31 16 1 2
84 384 26 16 1 2
84 410 10 12 1 2
96 410 2 4 1 4
96 412 8 4 1 2
100 308 7 36 1 1
100 315 11 36 1 1
100 326 23 23 1 3
100 349 57 23 1 1
100 406 14 13 1 2
113 406 14 10 1 2
123 326 19 13 1 2
123 345 20 13 1 2
123 365 35 13 1 2
123 400 13 13 1 1
123 413 3 13 1 1
123 416 4 5 1 2
128 416 4 4 1 1
132 416 4 4 1 2
136 298 11 5 1 1
136 309 14 5 1 2
136 323 7 5 1 1
136 330 6 5 1 1
136 336 4 5 1 1
136 340 1 5 1 2
136 341 2 5 1 2
136 343 14 5 1 1
136 357 2 5 1 1
136 359 13 5 1 1
136 372 2 5 1 1
136 374 4 5 1 2
136 378 15 5 1 1
136 393 2 5 1 1
136 395 13 5 1 1
136 408 12 5 1 1
141 212 69 23 1 2
141 281 32 18 1 2
141 313 52 18 1 3
141 365 39 18 1 2
141 404 16 11 1 2
152 404 16 7 1 2
159 281 14 68 1 1
159 295 53 18 1 2
159 348 42 15 1 1
159 390 30 22 1 2
181 390 30 24 1 2
205 390 9 22 1 2
205 399 21 17 1 1
222 399 12 5 1 2
222 411 2 5 1 1
222 413 7 5 1 3
174 348 11 53 1 1
174 359 31 36 1 4
210 359 7 17 1 2
210 366 5 17 1 1
210 371 19 17 1 1
177 295 29 23 1 1
177 324 24 16 1 1
193 324 7 7 1 2
193 331 4 7 1 1
193 335 1 7 1 2
193 336 12 7 1 2
200 295 41 16 1 2
200 336 12 10 1 3
210 336 12 17 1 1
216 295 21 11 1 1
216 316 20 11 1 1
227 281 66 23 1 1
227 347 19 29 1 2
227 366 15 35 1 1
227 381 33 18 1 1
227 414 6 13 1 1
240 414 6 8 1 2
248 414 6 14 1 2
245 381 33 17 1 2
262 366 40 36 1 1
262 406 14 75 1 2
337 406 10 43 1 1
337 416 4 8 1 1
345 416 4 10 1 2
355 416 4 7 1 1
362 416 4 5 1 1
367 416 4 5 1 2
372 416 4 3 1 1
375 416 4 5 1 1
298 366 30 46 1 3
298 396 10 38 1 1
336 396 10 37 1 2
373 396 3 7 1 1
373 399 3 7 1 3
373 402 4 7 1 2
344 366 30 18 1 1
362 366 30 14 1 2
376 366 6 4 1 2
376 372 9 4 1 2
376 381 5 4 1 2
376 386 10 4 1 1
256 347 19 23 1 1
279 347 19 29 1 1
308 347 19 22 1 2
330 347 19 18 1 2
348 347 19 20 1 1
368 347 19 12 1 2
250 281 28 39 1 1
250 309 38 21 1 1
271 309 38 14 1 2
285 309 11 4 1 1
285 320 11 4 1 2
285 331 3 4 1 1
285 334 9 4 1 2
285 343 4 4 1 1
289 281 19 83 1 2
289 300 47 35 1 1
324 300 42 25 1 1
324 342 5 10 1 1
334 342 5 11 1 2
345 342 5 12 1 1
357 342 5 5 1 1
362 342 5 4 1 1
366 342 5 6 1 1
349 300 42 14 1 2
363 300 15 9 1 3
363 315 27 9 1 2
372 281 2 8 1 1
372 283 21 8 1 1
372 304 23 8 1 1
372 327 8 8 1 1
372 335 12 8 1 2
164 212 43 29 1 1
164 255 26 18 1 2
182 255 26 11 1 1
193 212 41 24 1 3
193 253 28 38 1 2
231 253 28 43 1 1
274 253 28 21 1 1
295 253 28 51 1 2
346 253 28 25 1 1
371 253 3 9 1 1
371 256 3 9 1 2
371 259 4 9 1 1
371 263 14 9 1 3
371 277 4 3 1 2
374 277 4 6 1 1
217 212 41 24 1 1
241 212 41 18 1 1
259 212 41 16 1 1
275 212 11 53 1 3
275 223 16 37 1 1
275 239 14 23 1 1
298 239 14 24 1 1
322 239 14 6 1 1
312 223 16 10 1 1
322 223 12 6 1 1
322 235 4 6 1 3
328 212 41 22 1 2
350 212 41 18 1 2
368 212 3 12 1 1
368 215 21 12 1 1
368 236 3 12 1 1
368 239 3 12 1 1
368 242 11 12 1 2
107 143 41 39 1 1
107 184 28 18 1 2
125 184 6 21 1 2
125 190 22 13 1 2
138 190 22 8 1 1
146 143 26 44 1 1
146 169 11 44 1 2
146 180 15 44 1 1
146 195 17 15 1 4
161 195 17 15 1 2
176 195 17 14 1 2
190 143 51 17 1 1
190 194 18 11 1 2
201 194 14 6 1 2
201 208 4 6 1 3
207 143 43 28 1 2
207 186 26 59 1 2
266 186 26 67 1 2
333 186 18 47 1 1
333 204 8 13 1 3
346 204 8 24 1 1
370 204 2 10 1 3
370 206 6 5 1 2
375 206 6 5 1 3
235 143 22 23 1 2
235 165 21 24 1 2
259 165 21 20 1 1
279 165 21 14 1 1
293 165 21 63 1 3
356 165 6 24 1 1
356 171 15 16 1 2
372 171 2 8 1 2
372 173 13 8 1 2
258 143 15 67 1 1
258 158 7 14 1 1
272 158 7 16 1 2
288 158 7 17 1 1
305 158 7 15 1 1
320 158 7 13 1 2
333 158 7 11 1 2
344 158 7 36 1 1
325 143 15 17 1 2
342 143 15 38 1 1
116 95 11 50 1 1
116 106 32 17 1 3
116 138 5 6 1 2
122 138 5 6 1 2
128 138 5 5 1 2
133 106 7 33 1 1
133 113 30 16 1 2
149 113 7 17 1 2
149 120 23 17 1 1
166 95 18 86 1 1
166 113 22 37 1 1
166 135 8 17 1 2
183 135 8 24 1 2
207 135 8 31 1 1
238 135 8 24 1 3
262 135 8 16 1 4
278 135 8 27 1 1
305 135 8 25 1 1
330 135 8 35 1 3
365 135 4 15 1 2
365 139 4 8 1 1
373 139 4 7 1 2
203 113 22 30 1 3
233 113 22 18 1 1
251 113 22 23 1 2
274 113 22 24 1 2
298 113 22 66 1 1
364 113 22 11 1 2
375 113 15 5 1 2
375 128 7 5 1 2
252 95 18 19 1 2
271 95 18 23 1 1
294 95 18 26 1 2
320 95 18 28 1 1
348 95 18 20 1 1
368 95 6 12 1 2
368 101 12 12 1 2
48 65 30 19 1 2
67 65 30 19 1 1
86 65 18 30 1 2
86 83 12 30 1 1
116 83 12 27 1 2
143 83 12 15 1 1
158 83 12 14 1 2
172 83 12 21 1 1
193 83 12 25 1 1
218 83 12 66 1 1
284 83 12 57 1 2
341 83 12 13 1 1
354 83 12 26 1 2
116 65 18 22 1 2
138 65 18 30 1 2
168 65 18 56 1 3
224 65 18 18 1 2
242 65 18 14 1 2
256 65 18 20 1 2
276 65 18 14 1 1
290 65 14 50 1 1
290 79 4 9 1 2
299 79 4 8 1 2
307 79 4 26 1 1
333 79 4 7 1 3
340 65 18 13 1 2
353 65 18 15 1 2
368 65 5 12 1 2
368 70 13 8 1 1
376 70 8 4 1 2
376 78 5 4 1 2
25 0 60 20 1 1
25 60 5 16 1 1
41 60 5 4 1 1
45 0 41 22 1 2
45 41 24 18 1 1
63 41 2 4 1 1
63 43 3 4 1 2
63 46 11 4 1 3
63 57 8 4 1 2
67 0 36 25 1 1
67 36 29 26 1 2
93 36 29 23 1 1
116 36 29 24 1 1
140 36 29 14 1 3
154 36 13 66 1 1
154 49 16 23 1 1
177 49 16 25 1 1
202 49 16 17 1 2
219 49 16 21 1 1
240 49 16 28 1 1
268 49 16 34 1 1
302 49 16 15 1 2
317 49 16 16 1 3
333 49 12 47 1 2
333 61 4 18 1 2
351 61 4 24 1 2
375 61 4 5 1 1
220 36 13 29 1 2
249 36 13 25 1 1
274 36 13 32 1 1
306 36 13 16 1 1
322 36 13 52 1 2
374 36 3 6 1 1
374 39 3 6 1 1
374 42 7 6 1 2
92 0 36 25 1 1
117 0 36 22 1 1
139 0 36 20 1 1
159 0 21 56 1 2
159 21 15 15 1 2
174 21 15 14 1 2
188 21 15 12 1 2
200 21 15 15 1 2
215 0 22 27 1 2
215 22 14 70 1 1
285 22 14 21 1 1
306 22 14 30 1 2
336 22 14 33 1 1
369 22 10 11 1 1
369 32 4 7 1 1
376 32 4 4 1 1
242 0 22 32 1 2
274 0 22 18 1 2
292 0 14 71 1 1
292 14 8 16 1 1
308 14 8 18 1 1
326 14 8 13 1 2
339 14 8 11 1 2
350 14 8 17 1 1
367 14 8 9 1 2
376 14 2 4 1 1
376 16 6 4 1 1
363 0 14 17 1 1
