300 300 15
5
300 390 4.5
300 180 4.0
300 405 3.0
190 810 1.0
990 180 0.5
351
0 0 113 32 4.5
0 113 36 32 4.5
0 149 50 32 4.5
0 199 36 32 4.5
0 235 24 32 4.5
0 259 41 20 4.5
20 259 41 12 4.5
32 0 168 67 4.5
32 168 132 46 4.5
78 168 81 21 4.5
78 249 21 21 4.5
78 270 17 21 4.5
78 287 13 17 4.5
95 287 13 4 4.5
99 0 183 56 4.5
99 183 80 67 4.5
99 263 37 41 4.5
140 263 37 155 4.5
295 263 37 39 4.5
334 263 20 56 4.5
334 283 17 15 4.5
349 283 17 14 4.5
363 283 8 27 4.5
363 291 9 8 4.5
371 291 9 7 4.5
378 291 9 8 4.5
386 291 9 4 4.5
166 183 80 67 4.5
233 183 80 100 4.5
333 183 33 57 4.5
333 216 47 57 4.5
155 0 63 115 4.5
155 63 120 45 4.5
200 63 120 53 4.5
253 63 41 72 4.5
253 104 79 41 4.5
294 104 43 31 4.5
294 147 36 17 4.5
311 147 11 14 4.5
311 158 25 14 4.5
325 63 20 65 4.5
325 83 89 44 4.5
325 172 11 24 4.5
349 172 11 8 4.5
357 172 11 6 4.5
363 172 2 6 4.5
363 174 9 6 4.5
369 83 68 21 4.5
369 151 7 21 4.5
369 158 25 17 4.5
386 158 16 4 4.5
386 174 9 4 4.5
270 0 63 120 4.5
0 0 87 22 4.5
0 87 82 22 4.5
0 169 35 22 4.5
0 204 85 22 4.5
0 289 6 22 4.5
0 295 5 6 4.5
6 295 5 5 4.5
11 295 5 11 4.5
22 0 94 54 4.5
22 94 92 24 4.5
22 186 77 20 4.5
22 263 37 17 4.5
39 263 28 7 4.5
39 291 2 7 4.5
39 293 7 7 4.5
42 186 3 4 4.5
42 189 5 4 4.5
42 194 4 4 4.5
42 198 5 4 4.5
42 203 2 4 4.5
42 205 4 4 4.5
42 209 7 4 4.5
42 216 14 4 4.5
42 230 1 4 4.5
42 231 4 4 4.5
42 235 4 4 4.5
42 239 1 4 4.5
42 240 10 4 4.5
42 250 3 4 4.5
42 253 10 4 4.5
46 94 134 37 4.5
46 228 72 37 4.5
83 228 72 39 4.5
122 228 72 32 4.5
154 228 72 26 4.5
83 94 134 40 4.5
123 94 54 27 4.5
123 148 12 27 4.5
123 160 68 20 4.5
143 160 15 7 4.5
143 175 21 7 4.5
143 196 2 7 4.5
143 198 30 7 4.5
150 94 11 30 4.5
150 105 58 25 4.5
150 163 65 22 4.5
172 163 8 8 4.5
172 171 32 8 4.5
172 203 4 8 4.5
172 207 21 8 4.5
175 105 11 5 4.5
175 116 19 5 4.5
175 135 5 5 4.5
175 140 4 5 4.5
175 144 11 5 4.5
175 155 8 5 4.5
76 0 73 21 4.5
76 73 21 21 4.5
97 0 59 24 4.5
97 59 35 20 4.5
117 59 15 4 4.5
117 74 15 4 4.5
117 89 5 4 4.5
121 0 94 32 4.5
153 0 37 27 4.5
153 37 29 27 4.5
153 66 28 15 4.5
168 66 10 12 4.5
168 76 18 8 4.5
176 76 10 4 4.5
176 86 8 4 4.5
0 0 131 51 3
0 131 23 51 3
0 154 109 32 3
0 263 37 32 3
32 154 21 19 3
32 175 57 19 3
32 232 5 19 3
32 237 63 19 3
51 0 136 70 3
51 136 136 50 3
51 272 28 19 3
70 272 28 16 3
86 272 23 15 3
86 295 5 7 3
93 295 5 8 3
101 136 60 60 3
101 196 15 60 3
101 211 40 60 3
101 251 49 30 3
131 251 49 30 3
161 136 122 49 3
161 258 42 43 3
204 258 42 28 3
232 258 42 38 3
270 258 42 33 3
303 258 42 33 3
336 258 42 29 3
365 258 12 40 3
365 270 18 40 3
365 288 12 30 3
395 288 12 10 3
210 136 113 30 3
210 249 9 10 3
220 249 9 20 3
240 136 122 63 3
303 136 59 102 3
303 195 30 102 3
303 225 33 34 3
337 225 33 24 3
361 225 11 44 3
361 236 22 16 3
377 236 8 28 3
377 244 14 14 3
391 244 14 10 3
401 244 8 4 3
401 252 6 4 3
121 0 46 93 3
121 46 81 77 3
121 127 9 49 3
170 127 9 24 3
194 127 9 24 3
218 127 9 52 3
270 127 9 18 3
288 127 9 16 3
304 127 9 31 3
335 127 9 48 3
383 127 9 8 3
391 127 9 6 3
397 127 2 8 3
397 129 7 4 3
401 129 7 4 3
198 46 81 53 3
251 46 81 28 3
279 46 71 55 3
279 117 10 20 3
299 117 10 9 3
308 117 10 15 3
323 117 10 5 3
328 117 2 6 3
328 119 8 6 3
334 46 81 32 3
366 46 81 28 3
394 46 43 11 3
394 89 38 11 3
214 0 46 47 3
261 0 36 100 3
261 36 10 16 3
277 36 10 15 3
292 36 10 20 3
312 36 10 14 3
326 36 10 16 3
342 36 10 19 3
361 0 46 26 3
387 0 46 18 3
0 0 190 55 1
55 0 39 109 1
55 39 67 204 1
55 106 84 78 1
133 106 84 52 1
185 106 84 40 1
225 106 36 34 1
225 142 48 27 1
252 142 19 7 1
252 161 20 7 1
252 181 4 7 1
252 185 5 7 1
259 39 151 57 1
316 39 151 61 1
377 39 76 185 1
377 115 75 69 1
446 115 75 113 1
559 115 75 60 1
619 115 75 76 1
695 115 30 115 1
695 145 45 36 1
731 145 45 34 1
765 145 45 35 1
800 145 19 10 1
800 164 26 10 1
562 39 76 79 1
641 39 76 85 1
726 39 22 84 1
726 61 35 84 1
726 96 19 22 1
748 96 19 18 1
766 96 19 22 1
788 96 19 22 1
164 0 39 135 1
299 0 39 45 1
344 0 39 58 1
402 0 39 42 1
444 0 39 208 1
652 0 39 40 1
692 0 39 39 1
731 0 39 32 1
763 0 39 37 1
800 0 39 10 1
0 0 47 180 0.5
0 47 51 164 0.5
0 98 153 75 0.5
0 251 38 136 0.5
0 289 244 64 0.5
0 533 107 48 0.5
0 640 13 48 0.5
0 653 53 48 0.5
0 706 183 48 0.5
0 889 18 48 0.5
0 907 60 48 0.5
0 967 12 48 0.5
0 979 11 12 0.5
12 979 11 36 0.5
48 533 179 57 0.5
48 712 126 46 0.5
48 838 152 42 0.5
90 838 152 45 0.5
135 838 8 29 0.5
135 846 70 29 0.5
135 916 74 29 0.5
94 712 126 35 0.5
129 712 71 35 0.5
129 783 47 35 0.5
129 830 8 16 0.5
145 830 8 6 0.5
151 830 8 5 0.5
156 830 8 4 0.5
160 830 8 4 0.5
105 533 138 40 0.5
105 671 41 26 0.5
131 671 41 21 0.5
152 671 5 12 0.5
152 676 12 12 0.5
152 688 18 12 0.5
152 706 6 6 0.5
158 706 6 6 0.5
145 533 16 19 0.5
145 549 16 19 0.5
145 565 7 19 0.5
145 572 76 19 0.5
145 648 23 11 0.5
156 648 2 8 0.5
156 650 3 8 0.5
156 653 2 8 0.5
156 655 16 8 0.5
64 289 55 100 0.5
64 344 189 51 0.5
115 344 155 49 0.5
115 499 20 49 0.5
115 519 14 14 0.5
129 519 14 19 0.5
148 519 14 8 0.5
156 519 14 8 0.5
136 251 38 18 0.5
154 251 21 10 0.5
154 272 3 10 0.5
154 275 14 10 0.5
75 98 110 42 0.5
75 208 43 33 0.5
108 208 43 37 0.5
145 208 13 19 0.5
145 221 30 15 0.5
160 221 15 4 0.5
160 236 15 4 0.5
117 98 110 38 0.5
155 98 23 9 0.5
155 121 31 9 0.5
155 152 34 9 0.5
155 186 22 9 0.5
164 47 9 16 0.5
164 56 57 16 0.5
164 113 25 16 0.5
164 138 32 16 0.5
164 170 53 16 0.5
164 223 36 16 0.5
164 259 26 16 0.5
164 285 59 16 0.5
164 344 13 16 0.5
164 357 7 16 0.5
164 364 64 16 0.5
164 428 12 16 0.5
164 440 16 16 0.5
164 456 32 16 0.5
164 488 8 16 0.5
164 496 51 16 0.5
164 547 23 16 0.5
164 570 43 16 0.5
164 613 57 16 0.5
164 670 4 16 0.5
164 674 47 16 0.5
164 721 30 16 0.5
164 751 16 16 0.5
164 767 47 16 0.5
164 814 61 16 0.5
164 875 51 16 0.5
164 926 19 16 0.5
164 945 10 16 0.5
164 955 12 16 0.5
164 967 23 16 0.5
