700 900 23
3
700 4275 4
700 670 3
700 795 2
2485
0 0 76 84 4 3
0 76 94 84 4 2
0 170 48 39 4 1
39 170 48 23 4 3
62 170 48 22 4 1
84 0 66 91 4 1
84 66 48 91 4 3
84 114 104 91 4 2
175 0 53 120 4 3
175 53 165 52 4 2
227 53 99 65 4 1
227 152 66 65 4 1
292 53 165 42 4 2
334 53 165 41 4 1
375 53 30 213 4 3
375 83 135 67 4 3
442 83 135 52 4 2
494 83 66 94 4 1
494 149 69 40 4 3
534 149 69 54 4 3
588 53 106 59 4 3
588 159 59 76 4 3
664 159 59 91 4 3
755 159 59 44 4 2
799 159 59 92 4 2
891 159 59 71 4 2
962 159 59 79 4 2
1041 159 30 216 4 1
1041 189 29 50 4 2
1091 189 29 94 4 1
1185 189 29 30 4 1
1215 189 29 22 4 3
1237 189 29 12 4 2
1249 189 29 8 4 1
1257 159 59 47 4 3
1304 159 59 39 4 1
1343 159 59 44 4 1
1387 159 59 91 4 2
1478 159 59 124 4 1
1602 159 59 42 4 3
1644 159 59 348 4 2
647 53 42 154 4 2
647 95 64 43 4 2
690 95 64 43 4 1
733 95 64 43 4 1
776 95 64 51 4 3
827 95 29 220 4 2
827 124 35 125 4 2
952 124 19 95 4 2
952 143 16 21 4 3
973 143 16 20 4 2
993 143 16 27 4 3
1020 143 16 27 4 2
1047 95 64 83 4 1
1130 95 64 95 4 2
1225 95 64 56 4 2
1281 95 64 66 4 3
1347 95 39 156 4 3
1347 134 25 57 4 3
1404 134 25 25 4 3
1429 134 8 74 4 3
1429 142 8 74 4 1
1429 150 9 41 4 1
1470 150 9 15 4 2
1485 150 9 6 4 2
1491 150 9 7 4 1
1498 150 2 5 4 1
1498 152 7 5 4 1
1503 95 64 54 4 2
1557 95 64 47 4 2
1604 95 64 40 4 3
1644 95 64 41 4 1
1685 95 64 59 4 1
1744 95 38 160 4 2
1744 133 26 49 4 1
1793 133 26 122 4 2
1915 133 26 27 4 3
1942 133 26 22 4 1
1964 133 26 16 4 1
1980 133 1 12 4 2
1980 134 25 12 4 1
1904 95 38 29 4 1
1933 95 38 25 4 1
1958 95 38 18 4 1
1976 95 13 16 4 2
1976 108 2 16 4 2
1976 110 23 16 4 1
801 53 42 41 4 1
842 53 42 42 4 3
884 53 42 73 4 1
957 53 42 122 4 2
1079 53 42 169 4 1
1248 53 42 53 4 2
1301 53 26 236 4 3
1301 79 16 45 4 1
1346 79 16 95 4 2
1441 79 16 205 4 2
1646 79 16 48 4 2
1694 79 16 51 4 2
1745 79 16 43 4 3
1788 79 16 30 4 2
1818 79 16 49 4 1
1867 79 16 22 4 2
1889 79 16 22 4 2
1911 79 16 18 4 3
1929 79 10 63 4 2
1929 89 6 34 4 1
1963 89 6 11 4 2
1974 89 6 5 4 1
1979 89 3 13 4 2
1979 92 3 3 4 2
1982 92 3 3 4 2
1985 92 1 7 4 3
1985 93 2 3 4 2
1988 93 0 4 4 2
1988 93 2 2 4 3
1990 93 0 2 4 1
1990 93 2 1 4 2
1991 93 2 1 4 2
1537 53 26 91 4 3
1628 53 26 99 4 1
1727 53 26 61 4 1
1788 53 26 61 4 2
1849 53 26 143 4 1
295 0 53 50 4 2
345 0 53 41 4 3
386 0 53 47 4 1
433 0 53 68 4 2
501 0 53 39 4 3
540 0 53 41 4 1
581 0 53 40 4 2
621 0 53 61 4 3
682 0 53 88 4 3
770 0 53 68 4 3
838 0 53 97 4 2
935 0 53 52 4 3
987 0 53 48 4 1
1035 0 53 53 4 2
1088 0 53 47 4 3
1135 0 53 49 4 1
1184 0 31 196 4 1
1184 31 22 80 4 1
1264 31 22 250 4 1
1514 31 22 39 4 2
1553 31 22 66 4 1
1619 31 22 60 4 2
1679 31 22 42 4 1
1721 31 22 43 4 1
1764 31 22 38 4 2
1802 31 22 190 4 3
1380 0 31 74 4 2
1454 0 31 42 4 2
1496 0 31 49 4 2
1545 0 31 40 4 1
1585 0 31 45 4 2
1630 0 31 165 4 2
1795 0 31 44 4 2
1839 0 31 36 4 1
1875 0 31 117 4 1
0 218 219 40 4 1
40 218 25 253 4 3
40 243 129 48 4 3
40 372 65 42 4 3
82 372 65 46 4 2
128 372 65 57 4 3
185 372 29 226 4 1
185 401 36 226 4 2
411 372 65 68 4 2
479 372 65 67 4 3
546 372 65 41 4 1
587 372 65 100 4 2
687 372 65 40 4 1
727 372 65 62 4 2
789 372 65 66 4 3
855 372 65 59 4 1
914 372 65 41 4 1
955 372 65 51 4 1
1006 372 65 41 4 2
1047 372 65 41 4 2
1088 372 65 43 4 2
1131 372 65 101 4 1
1232 372 65 98 4 1
1330 372 65 40 4 1
1370 372 25 254 4 1
1370 397 40 203 4 2
1573 397 40 40 4 2
1613 397 40 40 4 1
1653 397 40 41 4 2
1694 397 40 40 4 3
1734 397 40 40 4 1
1774 397 40 218 4 1
1624 372 25 78 4 2
1702 372 25 62 4 2
1764 372 25 40 4 2
1804 372 25 57 4 2
1861 372 25 44 4 3
1905 372 25 51 4 2
1956 372 25 15 4 2
1971 372 25 21 4 1
88 243 129 48 4 3
136 243 27 228 4 3
136 270 102 40 4 1
176 270 102 39 4 1
215 270 39 163 4 1
215 309 63 40 4 3
255 309 27 244 4 1
255 336 36 244 4 3
499 309 63 61 4 2
560 309 37 176 4 2
560 346 26 40 4 3
600 346 26 41 4 3
641 346 26 46 4 3
687 346 26 68 4 3
755 346 26 100 4 2
855 346 26 40 4 2
895 346 26 73 4 2
968 346 26 117 4 3
1085 346 26 40 4 2
1125 346 26 195 4 1
1320 346 26 47 4 1
1367 346 26 200 4 3
1567 346 26 70 4 3
1637 346 26 355 4 3
736 309 37 119 4 1
855 309 37 95 4 1
950 309 37 40 4 3
990 309 37 230 4 2
1220 309 37 85 4 3
1305 309 37 41 4 2
1346 309 37 125 4 2
1471 309 37 47 4 1
1518 309 37 119 4 2
1637 309 37 43 4 2
1680 309 37 41 4 3
1721 309 37 99 4 1
1820 309 37 87 4 3
1907 309 37 85 4 3
378 270 39 71 4 1
449 270 39 42 4 1
491 270 39 45 4 1
536 270 39 84 4 1
620 270 39 40 4 2
660 270 39 53 4 2
713 270 39 202 4 1
915 270 39 49 4 2
964 270 39 65 4 1
1029 270 39 58 4 3
1087 270 39 59 4 2
1146 270 39 236 4 2
1382 270 39 44 4 3
1426 270 39 45 4 1
1471 270 39 40 4 3
1511 270 39 42 4 3
1553 270 39 122 4 1
1675 270 39 51 4 1
1726 270 39 95 4 3
1821 270 39 40 4 1
1861 270 39 47 4 1
1908 270 39 45 4 3
1953 270 39 20 4 1
1973 270 39 19 4 3
364 243 27 59 4 2
423 243 27 51 4 1
474 243 27 64 4 1
538 243 27 77 4 3
615 243 27 39 4 2
654 243 27 42 4 3
696 243 27 174 4 3
870 243 27 210 4 2
1080 243 27 122 4 2
1202 243 27 50 4 2
1252 243 27 58 4 3
1310 243 27 41 4 1
1351 243 27 43 4 2
1394 243 27 41 4 3
1435 243 27 48 4 3
1483 243 27 52 4 1
1535 243 27 42 4 3
1577 243 27 234 4 3
1811 243 27 84 4 1
1895 243 27 97 4 3
293 218 25 198 4 3
491 218 25 40 4 3
531 218 25 42 4 2
573 218 25 60 4 3
633 218 25 243 4 3
876 218 25 69 4 3
945 218 25 241 4 1
1186 218 25 237 4 3
1423 218 25 42 4 3
1465 218 25 59 4 1
1524 218 25 104 4 1
1628 218 25 41 4 1
1669 218 25 104 4 2
1773 218 25 77 4 1
1850 218 25 32 4 2
1882 218 25 32 4 1
1914 218 25 22 4 1
1936 218 25 56 4 2
1992 0 44 142 4 3
1992 44 67 94 4 3
1992 111 48 142 4 3
1992 159 114 54 4 3
1992 273 164 53 4 1
2045 273 95 89 4 3
2045 368 69 42 4 2
2087 368 35 47 4 2
2087 403 34 47 4 2
2046 159 114 43 4 2
2089 159 114 45 4 2
2086 44 67 48 4 3
2134 0 99 64 4 3
2134 99 17 64 4 2
2134 116 143 64 4 1
2134 259 178 64 4 3
2198 0 60 104 4 3
2198 60 156 39 4 1
2198 216 92 70 4 1
2198 308 14 70 4 1
2198 322 14 70 4 2
2198 336 101 45 4 2
2243 336 101 25 4 3
2268 216 221 39 4 2
2307 216 221 40 4 3
2347 216 221 40 4 1
2387 216 89 72 4 1
2387 305 132 52 4 1
2439 305 132 41 4 1
2480 305 132 49 4 2
2529 305 132 43 4 2
2572 305 132 47 4 2
2619 305 132 40 4 2
2659 305 68 90 4 2
2659 373 64 38 4 1
2697 373 64 30 4 1
2727 373 2 22 4 1
2727 375 62 22 4 3
2749 305 132 52 4 3
2801 305 55 116 4 2
2801 360 77 76 4 1
2877 360 77 40 4 3
2917 305 132 44 4 3
2961 305 68 92 4 1
2961 373 64 92 4 1
3053 305 28 80 4 3
3053 333 104 42 4 2
3095 333 104 38 4 3
2459 216 89 53 4 1
2512 216 89 61 4 2
2573 216 89 87 4 2
2660 216 89 40 4 3
2700 216 26 239 4 1
2700 242 63 42 4 1
2742 242 63 40 4 1
2782 242 17 157 4 3
2782 259 46 60 4 1
2842 259 46 35 4 2
2877 259 46 27 4 2
2904 259 46 23 4 1
2927 259 46 12 4 3
2939 216 89 95 4 3
3034 216 89 99 4 1
2237 60 156 41 4 3
2278 60 87 71 4 1
2278 147 32 198 4 2
2278 179 37 195 4 1
2473 179 37 91 4 1
2564 179 37 40 4 2
2604 179 37 51 4 3
2655 179 37 39 4 1
2694 179 37 41 4 2
2735 179 37 40 4 1
2775 179 37 40 4 1
2815 179 37 56 4 1
2871 179 37 41 4 3
2912 179 37 62 4 1
2974 179 37 41 4 3
3015 179 37 33 4 1
3048 179 37 35 4 2
3083 179 37 22 4 3
3105 179 37 28 4 3
2476 147 32 46 4 1
2522 147 32 152 4 3
2674 147 32 231 4 2
2905 147 32 44 4 1
2949 147 32 44 4 3
2993 147 32 75 4 2
3068 147 32 23 4 2
3091 147 32 18 4 3
3109 147 32 24 4 3
2349 60 87 74 4 1
2423 60 87 69 4 2
2492 60 87 46 4 2
2538 60 31 205 4 1
2538 91 56 44 4 2
2582 91 56 99 4 1
2681 91 56 31 4 1
2712 91 15 31 4 1
2712 106 41 19 4 1
2731 106 8 12 4 1
2731 114 3 12 4 2
2731 117 30 12 4 1
2743 60 34 190 4 3
2743 94 19 190 4 1
2743 113 34 74 4 2
2817 113 34 37 4 2
2854 113 34 49 4 2
2903 113 34 30 4 1
2933 60 87 40 4 3
2973 60 87 50 4 1
3023 60 87 68 4 2
3091 60 87 42 4 1
2302 0 26 237 4 1
2302 26 34 42 4 3
2344 26 34 53 4 3
2397 26 34 40 4 3
2437 26 34 31 4 3
2468 26 34 25 4 1
2493 26 34 26 4 2
2519 26 34 13 4 3
2532 26 2 7 4 2
2532 28 5 7 4 1
2532 33 27 7 4 2
2539 0 60 92 4 2
2631 0 60 43 4 1
2674 0 60 95 4 3
2769 0 60 40 4 1
2809 0 60 41 4 1
2850 0 60 54 4 1
2904 0 60 48 4 2
2952 0 60 181 4 2
3133 0 158 40 4 2
3133 158 107 60 4 3
3133 265 172 60 4 2
3193 158 104 60 4 3
3193 262 175 41 4 1
3234 262 175 51 4 3
3285 262 111 58 4 2
3285 373 64 69 4 2
3354 373 32 198 4 3
3354 405 32 63 4 1
3417 405 32 41 4 3
3458 405 32 39 4 3
3497 405 32 58 4 1
3555 405 32 44 4 1
3599 405 32 51 4 1
3650 405 32 40 4 2
3690 405 32 55 4 1
3745 405 32 209 4 3
3954 405 32 98 4 3
4052 405 32 62 4 2
4114 405 18 161 4 1
4114 423 14 26 4 3
4140 423 14 82 4 2
4222 423 14 15 4 2
4237 423 14 18 4 3
4255 423 14 9 4 1
4264 423 14 11 4 1
3552 373 32 196 4 1
3748 373 32 105 4 2
3853 373 32 48 4 3
3901 373 32 45 4 1
3946 373 32 64 4 1
4010 373 32 39 4 1
4049 373 32 75 4 2
4124 373 32 35 4 2
4159 373 32 32 4 1
4191 373 32 46 4 3
4237 373 32 18 4 2
4255 373 32 20 4 2
3343 262 30 213 4 3
3343 292 81 44 4 2
3387 292 81 62 4 1
3449 292 81 78 4 1
3527 292 81 54 4 1
3581 292 81 107 4 2
3688 292 50 124 4 3
3688 342 31 42 4 2
3730 342 31 108 4 2
3838 342 31 40 4 2
3878 342 31 106 4 1
3984 342 31 40 4 3
4024 342 31 142 4 3
4166 342 31 109 4 1
3812 292 50 39 4 2
3851 292 50 98 4 2
3949 292 50 116 4 3
4065 292 50 210 4 3
3556 262 30 43 4 1
3599 262 30 40 4 1
3639 262 30 41 4 1
3680 262 30 44 4 3
3724 262 30 67 4 3
3791 262 30 45 4 3
3836 262 30 40 4 2
3876 262 30 169 4 3
4045 262 30 40 4 1
4085 262 30 38 4 1
4123 262 30 36 4 1
4159 262 30 40 4 3
4199 262 30 76 4 1
3253 158 104 79 4 1
3332 158 26 236 4 3
3332 184 78 40 4 2
3372 184 78 47 4 2
3419 184 43 149 4 3
3419 227 35 42 4 3
3461 227 35 107 4 2
3568 184 29 222 4 1
3568 213 49 49 4 2
3617 213 32 199 4 2
3617 245 17 107 4 2
3724 245 17 73 4 3
3797 245 17 41 4 2
3838 245 17 74 4 1
3912 245 17 216 4 3
4128 245 17 34 4 1
4162 245 17 62 4 3
4224 245 17 51 4 1
3816 213 32 44 4 3
3860 213 32 44 4 3
3904 213 32 80 4 1
3984 213 32 130 4 1
4114 213 32 41 4 1
4155 213 32 120 4 2
3790 184 29 93 4 1
3883 184 29 107 4 2
3990 184 29 48 4 2
4038 184 29 53 4 3
4091 184 29 184 4 2
3568 158 26 66 4 3
3634 158 26 53 4 2
3687 158 26 47 4 3
3734 158 26 47 4 1
3781 158 26 96 4 2
3877 158 26 93 4 3
3970 158 26 94 4 2
4064 158 26 37 4 1
4101 158 26 40 4 1
4141 158 26 134 4 1
3173 0 158 41 4 3
3214 0 103 62 4 3
3214 103 55 62 4 3
3276 0 27 245 4 2
3276 27 131 53 4 1
3329 27 131 47 4 2
3376 27 131 41 4 1
3417 27 131 49 4 3
3466 27 131 55 4 2
3521 0 73 85 4 3
3521 73 85 83 4 1
3604 73 85 45 4 1
3649 73 85 62 4 3
3711 73 85 44 4 2
3755 73 85 47 4 1
3802 73 25 251 4 2
3802 98 60 51 4 1
3853 98 60 40 4 1
3893 98 60 42 4 1
3935 98 60 82 4 2
4017 98 60 158 4 2
4175 98 10 100 4 2
4175 108 50 39 4 3
4214 108 50 61 4 3
4053 73 25 222 4 1
3606 0 40 154 4 3
3606 40 33 154 4 1
3760 0 73 41 4 3
3801 0 48 129 4 2
3801 48 25 41 4 1
3842 48 25 51 4 2
3893 48 25 43 4 2
3936 48 25 43 4 3
3979 48 25 43 4 2
4022 48 25 41 4 1
4063 48 25 80 4 3
4143 48 25 30 4 1
4173 48 25 26 4 3
4199 48 25 22 4 1
4221 48 16 54 4 1
4221 64 9 54 4 3
3930 0 48 51 4 2
3981 0 48 57 4 1
4038 0 48 41 4 2
4079 0 48 41 4 2
4120 0 48 44 4 3
4164 0 48 111 4 1
1992 437 32 199 4 2
1992 469 99 40 4 2
2032 469 21 159 4 2
2032 490 38 159 4 1
2032 528 40 87 4 1
2119 528 8 72 4 1
2119 536 32 72 4 1
2191 437 131 47 4 1
2238 437 68 92 4 2
2238 505 63 92 4 3
2330 437 131 46 4 2
2376 437 131 43 4 3
2419 437 74 82 4 3
2419 511 57 82 4 3
2501 437 131 53 4 1
2554 437 131 39 4 1
2593 437 32 191 4 3
2593 469 37 170 4 2
2593 506 62 120 4 2
2713 506 62 96 4 1
2809 506 62 42 4 2
2851 506 62 45 4 2
2896 506 62 47 4 2
2943 506 62 55 4 2
2998 506 62 63 4 3
3061 506 62 40 4 3
3101 506 62 41 4 1
3142 506 62 136 4 2
3278 506 62 40 4 3
3318 506 62 39 4 2
3357 506 40 155 4 1
3357 546 22 34 4 1
3391 546 22 28 4 3
3419 546 22 44 4 2
3463 546 22 49 4 3
3512 506 62 56 4 2
3568 506 62 62 4 3
3630 506 62 66 4 3
3696 506 31 204 4 2
3696 537 31 40 4 3
3736 537 31 57 4 1
3793 537 31 58 4 2
3851 537 10 49 4 1
3851 547 21 17 4 2
3868 547 21 15 4 1
3883 547 4 17 4 1
3883 551 17 17 4 3
3900 506 26 240 4 3
3900 532 36 41 4 1
3941 532 36 71 4 3
4012 532 36 127 4 3
4139 532 36 38 4 2
4177 532 36 98 4 1
4140 506 26 58 4 3
4198 506 26 27 4 3
4225 506 26 20 4 1
4245 506 26 18 4 2
4263 506 14 12 4 3
4263 520 2 12 4 3
4263 522 10 7 4 2
4270 522 10 5 4 1
2763 469 37 44 4 2
2807 469 37 40 4 2
2847 469 37 222 4 3
3069 469 37 42 4 3
3111 469 37 115 4 1
3226 469 37 244 4 3
3470 469 37 40 4 3
3510 469 37 39 4 3
3549 469 37 47 4 2
3596 469 37 158 4 2
3754 469 37 56 4 3
3810 469 37 58 4 1
3868 469 37 79 4 2
3947 469 37 41 4 2
3988 469 37 287 4 3
2784 437 32 41 4 2
2825 437 32 256 4 2
3081 437 32 41 4 3
3122 437 32 73 4 1
3195 437 32 56 4 2
3251 437 32 42 4 2
3293 437 32 212 4 1
3505 437 32 91 4 2
3596 437 32 41 4 3
3637 437 32 66 4 3
3703 437 32 67 4 2
3770 437 32 40 4 3
3810 437 32 40 4 1
3850 437 32 58 4 3
3908 437 32 160 4 1
4068 437 32 207 4 2
1992 568 71 85 4 2
1992 639 61 36 4 3
2028 639 61 32 4 1
2060 639 13 17 4 1
2060 652 48 17 4 1
2077 568 40 162 4 1
2077 608 39 157 4 1
2077 647 53 41 4 2
2118 647 53 70 4 1
2188 647 53 46 4 3
2234 608 92 45 4 1
2279 608 92 44 4 1
2323 608 92 44 4 1
2367 608 31 204 4 1
2367 639 61 81 4 2
2448 639 61 45 4 1
2493 639 61 38 4 2
2531 639 61 40 4 2
2571 608 92 67 4 3
2638 608 92 40 4 3
2678 608 49 125 4 2
2678 657 43 41 4 3
2719 657 43 77 4 1
2796 657 43 103 4 1
2899 657 43 46 4 2
2945 657 43 86 4 1
3031 657 25 249 4 2
3031 682 18 34 4 1
3065 682 18 78 4 3
3143 682 18 28 4 3
3171 682 18 22 4 1
3193 682 18 25 4 2
3218 682 11 62 4 2
3218 693 7 15 4 3
3233 693 7 11 4 1
3244 693 7 36 4 3
3280 657 43 45 4 1
3325 657 43 43 4 1
3368 657 43 40 4 1
3408 657 43 43 4 2
3451 657 28 218 4 1
3451 685 15 46 4 3
3497 685 15 40 4 2
3537 685 15 37 4 1
3574 685 15 49 4 3
3623 685 15 13 4 2
3636 685 15 13 4 1
3649 685 15 11 4 1
3660 685 7 9 4 2
3660 692 8 9 4 3
3669 657 43 41 4 2
3710 657 43 74 4 1
3784 657 43 40 4 1
3824 657 43 82 4 2
3906 657 43 198 4 2
4104 657 43 171 4 3
2803 608 49 40 4 2
2843 608 49 106 4 2
2949 608 49 110 4 2
3059 608 49 75 4 3
3134 608 49 145 4 2
3279 608 25 251 4 3
3279 633 24 54 4 2
3333 633 24 39 4 2
3372 633 24 32 4 1
3404 633 24 32 4 1
3436 633 24 24 4 1
3460 633 24 25 4 3
3485 633 24 28 4 1
3513 633 24 17 4 3
3530 608 26 256 4 2
3530 634 23 102 4 1
3632 634 23 32 4 2
3664 634 23 33 4 1
3697 634 23 24 4 1
3721 634 23 65 4 1
3786 608 49 43 4 1
3829 608 49 50 4 1
3879 608 49 187 4 2
4066 608 49 127 4 3
4193 608 49 82 4 1
2239 568 40 86 4 1
2325 568 40 59 4 3
2384 568 40 40 4 1
2424 568 40 56 4 1
2480 568 40 64 4 2
2544 568 40 222 4 3
2766 568 40 52 4 2
2818 568 40 88 4 1
2906 568 40 230 4 2
3136 568 40 59 4 1
3195 568 40 69 4 1
3264 568 40 40 4 1
3304 568 40 43 4 3
3347 568 40 44 4 2
3391 568 40 126 4 1
3517 568 40 41 4 1
3558 568 40 196 4 1
3754 568 40 55 4 2
3809 568 40 40 4 3
3849 568 40 156 4 3
4005 568 40 270 4 1
0 437 156 40 4 1
0 593 107 40 4 1
40 437 156 39 4 1
40 593 107 40 4 1
80 593 107 42 4 1
122 593 107 42 4 1
164 593 107 40 4 3
204 593 107 41 4 1
245 593 107 67 4 3
312 593 107 54 4 2
366 593 107 81 4 2
447 593 53 124 4 1
447 646 54 84 4 3
531 646 54 50 4 1
581 646 54 56 4 3
637 646 32 201 4 3
637 678 22 59 4 3
696 678 22 149 4 2
845 678 22 151 4 2
838 646 32 43 4 2
881 646 12 115 4 1
881 658 20 73 4 3
954 658 5 42 4 3
954 663 15 42 4 3
571 593 53 51 4 2
622 593 53 51 4 2
673 593 53 133 4 2
806 593 53 44 4 2
850 593 16 146 4 1
850 609 37 65 4 2
915 609 37 32 4 3
947 609 22 49 4 1
947 631 15 16 4 1
963 631 15 33 4 1
79 437 156 49 4 2
128 437 40 158 4 1
128 477 32 201 4 3
128 509 84 44 4 2
172 509 84 44 4 2
216 509 84 113 4 3
329 477 116 64 4 1
393 477 29 222 4 2
393 506 87 41 4 3
434 506 87 41 4 1
475 506 87 45 4 3
520 506 87 95 4 3
615 477 116 52 4 2
667 477 116 52 4 3
719 477 116 75 4 1
794 477 116 40 4 1
834 477 58 162 4 1
834 535 26 162 4 1
834 561 32 55 4 2
889 561 32 107 4 2
286 437 40 43 4 3
329 437 40 59 4 3
388 437 40 136 4 2
524 437 40 95 4 1
619 437 40 62 4 3
681 437 40 40 4 3
721 437 40 40 4 3
761 437 40 50 4 2
811 437 40 64 4 2
875 437 40 35 4 1
910 437 40 42 4 2
952 437 40 44 4 1
996 437 120 53 4 3
996 557 26 256 4 3
996 583 117 41 4 3
1037 583 117 54 4 3
1091 583 117 39 4 3
1130 583 117 46 4 3
1176 583 117 40 4 3
1216 583 117 36 4 3
1252 557 143 44 4 1
1296 557 143 44 4 3
1340 557 38 171 4 3
1340 595 105 58 4 3
1398 595 47 113 4 1
1398 642 58 48 4 1
1446 642 58 65 4 3
1511 557 143 40 4 2
1551 557 26 255 4 3
1551 583 117 39 4 2
1590 583 117 66 4 1
1656 583 66 94 4 2
1656 649 51 61 4 2
1717 649 51 33 4 3
1750 583 77 82 4 2
1750 660 40 139 4 3
1889 660 40 43 4 2
1932 660 40 38 4 1
1970 660 40 22 4 2
1832 583 77 69 4 3
1901 583 77 48 4 3
1949 583 36 43 4 3
1949 619 4 43 4 1
1949 623 6 43 4 1
1949 629 31 43 4 1
1806 557 26 104 4 3
1910 557 26 27 4 2
1937 557 26 22 4 2
1959 557 26 33 4 2
1049 437 120 44 4 1
1093 437 120 41 4 1
1134 437 33 194 4 2
1134 470 87 52 4 2
1186 470 87 40 4 3
1226 470 87 56 4 1
1282 470 6 46 4 3
1282 476 21 46 4 1
1282 497 60 46 4 2
1328 437 120 40 4 2
1368 437 120 40 4 3
1408 437 120 41 4 2
1449 437 120 72 4 1
1521 437 31 195 4 1
1521 468 89 41 4 1
1562 468 89 50 4 2
1612 468 34 180 4 1
1612 502 55 91 4 3
1703 502 55 160 4 2
1863 502 55 50 4 2
1913 502 55 45 4 1
1958 502 32 34 4 1
1958 534 23 14 4 3
1972 534 23 11 4 1
1983 534 3 9 4 2
1983 537 20 9 4 2
1792 468 34 45 4 2
1837 468 34 38 4 3
1875 468 34 43 4 1
1918 468 34 25 4 3
1943 468 6 49 4 1
1943 474 28 31 4 2
1974 474 4 18 4 1
1974 478 8 18 4 2
1974 486 2 18 4 2
1974 488 7 18 4 3
1974 495 7 10 4 3
1984 495 7 8 4 3
1716 437 31 66 4 2
1782 437 31 40 4 1
1822 437 31 40 4 1
1862 437 31 42 4 3
1904 437 31 52 4 2
1956 437 31 21 4 3
1977 437 31 15 4 1
0 0 45 21 3 1
0 45 12 21 3 2
0 57 80 21 3 2
0 137 4 21 3 2
0 141 58 21 3 3
21 0 37 25 3 1
21 37 47 20 3 1
21 84 49 21 3 1
21 133 66 16 3 2
37 133 66 22 3 1
59 133 66 16 3 2
75 133 66 16 3 3
91 133 66 16 3 1
107 133 66 21 3 3
128 133 10 99 3 3
128 143 56 16 3 3
144 143 56 24 3 3
168 143 56 19 3 3
187 143 6 40 3 3
187 149 50 26 3 2
213 149 5 14 3 3
213 154 45 14 3 2
227 133 21 47 3 1
227 154 45 17 3 3
244 154 45 18 3 3
262 154 45 12 3 2
274 133 66 19 3 3
293 133 37 27 3 1
293 170 29 16 3 2
309 170 29 11 3 3
320 133 66 17 3 2
337 133 19 9 3 3
337 152 16 9 3 3
337 168 31 9 3 1
42 84 20 50 3 2
42 104 29 16 3 2
58 104 29 21 3 2
79 104 29 13 3 1
92 84 32 30 3 2
92 116 17 54 3 1
146 116 17 30 3 2
176 116 17 18 3 2
194 116 17 25 3 2
219 116 17 16 3 1
235 116 17 17 3 3
252 116 17 35 3 3
287 116 17 17 3 1
304 116 17 42 3 3
122 84 32 29 3 3
151 84 32 38 3 3
189 84 32 19 3 1
208 84 19 54 3 2
208 103 13 17 3 3
225 103 13 22 3 3
247 103 13 7 3 1
254 103 13 8 3 1
262 84 21 84 3 3
262 105 11 16 3 3
278 105 11 14 3 1
292 105 11 12 3 2
304 105 11 11 3 3
315 105 11 9 3 2
324 105 11 22 3 3
41 37 47 20 3 3
61 37 13 71 3 2
61 50 34 33 3 2
94 50 34 22 3 1
116 50 34 16 3 1
132 37 47 17 3 1
149 37 16 59 3 3
149 53 11 87 3 1
149 64 20 45 3 2
194 64 20 23 3 2
217 64 20 19 3 1
236 64 20 19 3 2
255 64 20 29 3 2
284 64 20 18 3 2
302 64 4 44 3 1
302 68 16 13 3 1
315 68 16 31 3 1
236 53 11 17 3 3
253 53 11 24 3 3
277 53 11 34 3 2
311 53 11 35 3 2
208 37 16 44 3 3
252 37 10 94 3 2
252 47 6 94 3 3
46 0 37 24 3 3
70 0 37 27 3 1
97 0 37 32 3 3
129 0 37 17 3 3
146 0 37 19 3 1
165 0 22 43 3 3
165 22 15 19 3 1
184 22 15 11 3 3
195 22 15 13 3 1
208 0 37 16 3 3
224 0 17 122 3 2
224 17 20 25 3 1
249 17 20 16 3 3
265 17 20 16 3 3
281 17 20 16 3 1
297 17 20 49 3 3
0 199 64 16 3 2
0 263 10 97 3 1
0 273 42 24 3 3
0 315 19 24 3 2
0 334 64 24 3 2
24 273 42 24 3 1
24 315 51 19 3 1
24 366 32 17 3 3
41 366 32 16 3 3
57 366 32 40 3 1
43 315 5 54 3 1
43 320 46 19 3 1
62 320 46 16 3 2
78 320 4 19 3 2
78 324 13 19 3 2
78 337 29 19 3 2
48 273 42 30 3 3
78 273 12 19 3 2
78 285 30 19 3 1
97 263 18 56 3 3
97 281 61 17 3 3
97 342 25 39 3 3
97 367 31 18 3 1
115 367 31 13 3 1
128 367 31 8 3 3
136 342 20 49 3 3
136 362 19 53 3 1
136 381 17 28 3 1
164 381 17 28 3 2
192 381 17 17 3 1
209 381 17 20 3 2
229 381 17 18 3 3
247 381 17 36 3 1
283 381 17 16 3 3
299 381 17 15 3 3
314 381 17 13 3 2
327 381 9 19 3 3
327 390 8 11 3 3
338 390 8 5 3 2
343 390 0 3 3 1
343 390 1 3 3 1
343 391 7 3 3 1
189 362 19 31 3 3
220 362 19 19 3 2
239 362 11 107 3 1
239 373 8 15 3 3
254 373 8 16 3 3
270 373 8 50 3 2
320 373 8 10 3 1
330 373 8 6 3 1
336 373 1 10 3 2
336 374 7 10 3 2
185 342 20 39 3 2
224 342 20 17 3 2
241 342 20 55 3 2
296 342 20 16 3 2
312 342 20 14 3 3
326 342 2 20 3 3
326 344 18 10 3 2
336 344 6 10 3 1
336 350 12 6 3 1
342 350 12 4 3 3
114 281 61 20 3 1
134 281 32 32 3 3
134 313 29 16 3 1
150 313 29 16 3 3
166 313 29 40 3 1
206 313 29 17 3 2
223 313 29 15 3 2
238 313 29 25 3 2
263 313 29 16 3 1
279 313 29 67 3 2
166 281 32 25 3 2
191 281 32 16 3 1
207 281 32 20 3 2
227 281 32 33 3 2
260 281 13 86 3 1
260 294 19 38 3 1
298 294 19 48 3 3
153 263 18 16 3 3
169 263 18 17 3 1
186 263 18 46 3 1
232 263 18 23 3 2
255 263 18 24 3 1
279 263 18 19 3 2
298 263 18 16 3 2
314 263 18 32 3 1
16 199 64 16 3 2
32 199 26 36 3 2
32 225 38 20 3 2
52 225 38 15 3 2
67 225 38 31 3 1
98 225 38 19 3 2
117 225 38 16 3 2
133 225 38 18 3 3
151 225 38 19 3 2
170 225 38 22 3 1
192 225 38 16 3 1
208 225 38 20 3 3
228 225 38 17 3 1
245 225 38 16 3 2
261 225 38 32 3 1
293 225 38 17 3 2
310 225 38 36 3 1
68 199 26 18 3 1
86 199 26 27 3 1
113 199 26 20 3 1
133 199 26 37 3 3
170 199 26 16 3 1
186 199 26 28 3 1
214 199 26 19 3 2
233 199 26 19 3 3
252 199 26 47 3 2
299 199 26 28 3 3
327 199 26 19 3 2
346 0 62 16 3 1
346 62 11 85 3 3
346 73 60 17 3 2
346 133 31 33 3 1
346 164 58 16 3 3
346 222 4 16 3 2
346 226 2 16 3 1
346 228 23 16 3 2
346 251 64 16 3 1
346 315 13 16 3 1
346 328 5 16 3 3
346 333 65 16 3 1
362 164 15 146 3 1
362 179 47 21 3 3
362 226 64 21 3 2
362 290 53 21 3 1
362 343 29 21 3 1
362 372 26 12 3 2
374 372 26 9 3 3
383 179 58 18 3 3
383 237 43 23 3 3
383 280 34 28 3 1
383 314 54 17 3 1
383 368 12 17 3 2
383 380 18 9 3 3
392 380 2 8 3 1
392 382 16 8 3 1
400 314 16 11 3 1
400 330 4 11 3 3
400 334 24 11 3 3
400 358 40 11 3 3
411 280 17 56 3 2
411 297 55 18 3 2
411 352 22 18 3 3
411 374 24 11 3 1
422 374 6 7 3 2
422 380 18 7 3 1
429 297 62 16 3 2
429 359 39 16 3 1
445 359 12 22 3 3
445 371 11 22 3 1
445 382 16 9 3 2
454 382 3 13 3 1
454 385 1 13 3 3
454 386 12 13 3 2
445 297 7 22 3 3
445 304 3 22 3 3
445 307 52 22 3 3
467 280 39 41 3 2
467 319 79 16 3 2
483 319 48 25 3 2
483 367 31 25 3 3
406 237 43 29 3 1
435 237 43 19 3 3
454 237 19 54 3 3
454 256 24 17 3 2
471 256 24 20 3 3
491 256 6 17 3 1
491 262 18 9 3 3
500 262 18 8 3 3
401 179 58 16 3 3
417 179 58 17 3 2
434 179 13 74 3 2
434 192 45 16 3 2
450 192 11 58 3 3
450 203 34 16 3 3
466 203 21 42 3 1
466 224 13 12 3 2
478 224 4 30 3 1
478 228 9 12 3 1
490 228 9 8 3 1
498 228 9 6 3 1
504 228 1 4 3 3
504 229 1 4 3 3
504 230 0 4 3 2
504 230 1 4 3 3
504 231 6 4 3 2
379 133 17 129 3 3
379 150 14 49 3 2
428 150 14 16 3 1
444 150 14 15 3 3
459 150 14 13 3 2
472 150 14 11 3 3
483 150 8 25 3 2
483 158 6 25 3 1
363 73 24 39 3 3
363 97 36 22 3 1
385 97 36 17 3 3
402 73 11 106 3 1
402 84 49 21 3 2
423 84 49 16 3 2
439 84 14 69 3 3
439 98 35 22 3 3
461 98 35 18 3 1
479 98 9 29 3 3
479 107 26 17 3 3
496 107 6 12 3 1
496 113 5 12 3 3
496 118 15 12 3 3
431 62 11 15 3 1
446 62 11 62 3 1
362 0 62 19 3 2
381 0 18 51 3 3
381 18 44 23 3 3
404 18 27 28 3 1
404 45 3 28 3 1
404 48 14 28 3 2
432 0 25 76 3 1
432 25 37 18 3 1
450 25 37 18 3 1
468 25 37 16 3 2
484 25 37 24 3 2
508 0 19 53 3 2
508 19 41 23 3 3
508 60 54 18 3 3
508 114 59 18 3 2
508 173 38 18 3 1
508 211 72 18 3 2
508 283 70 18 3 2
508 353 45 18 3 2
526 60 4 35 3 3
526 64 56 17 3 3
526 120 32 17 3 1
526 152 51 17 3 3
526 203 15 17 3 3
526 218 2 17 3 3
526 220 46 17 3 2
526 266 49 17 3 1
526 315 5 17 3 2
526 320 11 17 3 1
526 331 67 17 3 3
543 64 33 18 3 1
543 97 4 18 3 1
543 101 30 18 3 2
543 131 2 18 3 1
543 133 13 18 3 1
543 146 15 18 3 3
543 161 15 18 3 3
543 176 45 18 3 1
543 221 72 18 3 3
543 293 5 18 3 3
543 298 59 18 3 1
543 357 8 18 3 3
543 365 33 18 3 1
531 19 9 30 3 2
531 28 6 30 3 3
531 34 26 30 3 3
561 0 59 16 3 1
561 59 55 19 3 3
561 114 59 17 3 2
561 173 27 36 3 3
561 200 11 109 3 1
561 211 57 16 3 1
561 268 45 16 3 3
561 313 2 16 3 2
561 315 44 16 3 2
561 359 3 16 3 2
561 362 36 16 3 1
577 211 56 17 3 3
577 267 62 17 3 2
577 329 10 17 3 2
577 339 7 17 3 3
577 346 15 17 3 2
577 361 37 17 3 2
594 267 61 16 3 2
594 328 40 24 3 2
594 368 30 16 3 2
610 368 30 25 3 1
635 368 30 17 3 3
652 368 30 18 3 2
618 328 40 27 3 3
645 328 11 25 3 1
645 339 29 14 3 3
659 339 15 11 3 2
659 354 14 7 3 3
666 354 0 4 3 2
666 354 2 4 3 1
666 356 1 4 3 3
666 357 5 4 3 3
666 362 0 4 3 2
666 362 6 4 3 2
610 267 61 24 3 3
634 267 61 16 3 2
650 267 9 20 3 2
650 276 25 20 3 2
650 301 12 20 3 2
650 313 15 20 3 3
594 211 24 43 3 1
594 235 32 21 3 3
615 235 32 14 3 2
629 235 14 8 3 2
629 249 18 8 3 2
637 211 56 33 3 1
597 173 27 18 3 1
615 173 27 22 3 3
637 173 27 17 3 1
654 173 27 16 3 1
578 114 59 18 3 1
596 114 59 16 3 1
612 114 59 18 3 1
630 114 5 40 3 1
630 119 54 23 3 3
653 119 54 17 3 3
580 59 9 90 3 3
580 68 46 27 3 2
607 68 46 16 3 3
623 68 46 22 3 2
645 68 25 25 3 3
645 93 21 25 3 3
577 0 59 16 3 3
593 0 59 17 3 2
610 0 59 18 3 3
628 0 59 17 3 1
645 0 3 25 3 3
645 3 56 16 3 1
661 3 36 9 3 2
661 39 20 9 3 2
346 398 49 19 3 1
346 447 2 19 3 1
346 449 5 19 3 1
346 454 32 19 3 3
346 486 63 19 3 3
365 398 63 16 3 2
365 461 88 17 3 1
382 461 56 17 3 1
382 517 32 37 3 3
419 517 32 15 3 2
434 517 32 29 3 2
463 517 32 24 3 3
487 517 15 67 3 2
487 532 9 67 3 2
487 541 8 16 3 1
503 541 8 51 3 3
554 517 32 29 3 1
583 517 32 23 3 3
606 517 32 16 3 1
622 517 32 31 3 1
653 517 32 17 3 1
399 461 56 16 3 1
415 461 56 16 3 1
431 461 22 43 3 1
431 483 34 26 3 3
457 483 34 34 3 3
491 483 34 42 3 2
533 483 34 17 3 3
550 483 34 17 3 1
567 483 34 18 3 2
585 483 34 17 3 1
602 483 34 16 3 2
618 483 34 16 3 2
634 483 6 36 3 2
634 489 28 16 3 3
650 489 28 12 3 1
662 489 28 8 3 3
474 461 13 75 3 2
474 474 9 16 3 3
490 474 9 59 3 1
549 461 22 30 3 2
579 461 22 20 3 2
599 461 22 19 3 2
618 461 22 16 3 1
634 461 22 36 3 1
381 398 63 16 3 1
397 398 63 18 3 2
415 398 63 18 3 3
433 398 26 37 3 3
433 424 37 16 3 2
449 424 37 29 3 1
478 424 37 17 3 1
495 424 10 94 3 3
495 434 27 20 3 3
515 434 27 16 3 3
531 434 13 58 3 3
531 447 14 22 3 2
553 447 14 12 3 1
565 447 14 9 3 1
574 447 14 8 3 1
582 447 14 7 3 3
589 424 37 16 3 2
605 424 10 65 3 1
605 434 27 21 3 1
626 434 27 19 3 3
645 434 27 13 3 3
658 434 12 12 3 2
658 446 15 7 3 3
665 446 7 5 3 2
665 453 8 5 3 2
470 398 26 16 3 1
486 398 26 16 3 1
502 398 26 18 3 3
520 398 26 17 3 2
537 398 17 57 3 3
537 415 9 17 3 2
554 415 9 19 3 3
573 415 9 21 3 2
594 415 9 48 3 3
642 415 9 10 3 1
652 415 9 9 3 2
661 415 9 9 3 3
594 398 17 16 3 3
610 398 17 36 3 2
646 398 17 10 3 1
656 398 17 9 3 3
665 398 17 5 3 2
346 549 16 63 3 2
346 565 43 22 3 3
346 608 32 63 3 3
346 640 60 21 3 3
367 640 4 42 3 3
367 644 16 42 3 2
367 660 40 15 3 2
382 660 40 17 3 2
399 660 23 10 3 1
399 683 9 10 3 3
399 692 8 10 3 1
368 565 43 25 3 2
393 565 2 16 3 1
393 567 41 16 3 1
409 549 64 16 3 1
409 613 34 16 3 1
409 647 53 16 3 2
425 549 13 74 3 1
425 562 10 74 3 2
425 572 33 31 3 3
425 605 61 17 3 3
425 666 22 31 3 2
425 688 12 31 3 2
442 605 61 14 3 3
456 572 57 18 3 1
456 629 71 18 3 2
474 572 5 25 3 3
474 577 22 25 3 2
474 599 2 25 3 2
474 601 3 25 3 1
474 604 35 25 3 2
474 639 61 25 3 2
499 549 64 16 3 2
499 613 87 16 3 1
515 613 10 100 3 1
515 623 10 94 3 2
515 633 27 37 3 3
515 660 40 20 3 1
535 660 40 19 3 2
554 660 40 55 3 1
552 633 27 16 3 1
568 633 27 41 3 3
609 623 77 16 3 1
625 623 77 17 3 1
642 623 12 28 3 3
642 635 24 28 3 3
642 659 41 17 3 3
659 659 14 11 3 1
659 673 7 11 3 3
659 680 20 11 3 1
615 613 10 17 3 2
632 613 10 38 3 2
515 549 64 16 3 3
531 549 64 16 3 2
547 549 64 18 3 1
565 549 30 33 3 3
565 579 34 28 3 1
593 579 19 51 3 1
593 598 15 48 3 1
641 598 15 18 3 1
659 598 4 11 3 1
659 602 11 6 3 3
665 602 1 5 3 3
665 603 10 5 3 2
644 579 19 14 3 1
658 579 19 12 3 2
598 549 30 16 3 2
614 549 30 17 3 1
631 549 30 16 3 1
647 549 3 23 3 2
647 552 27 23 3 2
0 398 35 28 3 1
0 433 23 45 3 1
0 456 63 16 3 2
0 519 41 25 3 2
0 560 29 34 3 1
0 589 59 18 3 2
0 648 52 18 3 2
18 589 64 16 3 3
18 653 47 16 3 1
34 560 28 36 3 1
34 588 32 31 3 1
34 620 53 18 3 2
34 673 27 25 3 3
59 673 27 24 3 3
83 673 12 90 3 1
83 685 15 53 3 1
136 685 15 12 3 1
148 685 15 25 3 3
52 620 53 18 3 3
70 620 53 17 3 3
87 620 53 16 3 3
103 620 53 16 3 3
119 620 53 17 3 3
136 620 53 16 3 3
152 620 53 21 3 1
65 588 32 16 3 1
81 588 17 92 3 3
81 605 15 16 3 2
97 605 15 27 3 3
124 605 15 18 3 1
142 605 15 31 3 1
70 560 28 16 3 1
86 560 28 17 3 3
103 560 28 39 3 1
142 560 28 31 3 1
25 519 41 19 3 2
44 519 41 22 3 2
66 519 41 16 3 1
82 519 16 60 3 3
82 535 25 16 3 3
98 535 25 44 3 2
142 519 41 18 3 3
160 519 25 13 3 1
160 544 1 13 3 1
160 545 15 7 3 3
167 545 2 6 3 3
167 547 13 6 3 2
16 456 63 16 3 3
32 456 41 25 3 1
32 497 22 16 3 3
48 497 22 44 3 3
92 497 22 31 3 2
123 497 22 17 3 1
140 497 22 17 3 2
157 497 22 16 3 3
57 456 14 69 3 3
57 470 27 45 3 1
102 470 27 19 3 2
121 470 27 21 3 2
142 470 27 31 3 1
126 456 14 13 3 1
139 456 14 17 3 2
156 456 14 9 3 1
165 456 1 8 3 3
165 457 1 8 3 1
165 458 12 8 3 2
45 433 23 18 3 1
63 433 23 16 3 2
79 433 23 46 3 2
125 433 23 21 3 3
146 433 9 27 3 1
146 442 14 10 3 2
156 442 14 8 3 3
164 442 14 9 3 3
28 398 35 38 3 1
66 398 11 107 3 2
66 409 11 107 3 3
66 420 13 19 3 3
85 420 13 18 3 1
103 420 13 16 3 3
119 420 13 16 3 2
135 420 13 11 3 3
146 420 13 16 3 1
162 420 13 11 3 1
173 398 17 57 3 2
173 415 38 28 3 3
173 453 4 28 3 3
173 457 72 28 3 2
173 529 38 28 3 3
173 567 58 16 3 3
173 625 75 18 3 3
191 625 19 10 3 3
191 644 17 10 3 2
191 661 20 10 3 1
191 681 10 10 3 3
191 691 9 10 3 3
189 567 13 12 3 2
189 580 45 12 3 3
201 415 41 24 3 2
201 456 35 28 3 3
201 491 49 20 3 1
201 540 4 20 3 3
201 544 51 20 3 2
201 595 28 20 3 3
201 623 15 20 3 2
201 638 62 20 3 1
221 491 18 57 3 3
221 509 51 19 3 3
221 560 7 57 3 1
221 567 15 57 3 1
221 582 64 16 3 1
221 646 54 18 3 2
239 646 11 39 3 3
239 657 43 16 3 1
255 657 43 23 3 3
237 582 64 17 3 1
254 582 64 24 3 3
240 509 51 24 3 3
264 509 22 14 3 2
264 531 29 14 3 3
278 491 17 68 3 3
278 508 59 17 3 1
278 567 3 17 3 1
278 570 24 17 3 3
278 594 56 17 3 3
278 650 7 17 3 2
278 657 43 17 3 2
295 508 63 16 3 3
295 571 62 16 3 1
295 633 2 16 3 1
295 635 65 16 3 1
311 508 52 19 3 2
311 560 4 35 3 1
311 564 52 19 3 2
311 616 47 19 3 2
311 663 37 19 3 2
330 564 17 16 3 1
330 581 14 16 3 1
330 595 49 16 3 3
330 644 56 16 3 1
330 508 10 16 3 3
330 518 7 16 3 2
330 525 20 16 3 3
330 545 6 16 3 3
330 551 9 9 3 1
339 551 9 4 3 1
343 551 0 3 3 3
343 551 9 3 3 3
229 456 35 21 3 2
250 456 22 96 3 3
250 478 13 62 3 1
312 478 13 11 3 3
323 478 13 23 3 3
225 415 41 22 3 3
247 415 25 39 3 3
247 440 16 13 3 3
260 440 16 17 3 1
277 440 16 9 3 3
286 415 22 60 3 3
286 437 19 60 3 3
230 398 17 16 3 2
246 398 17 16 3 1
262 398 17 16 3 2
278 398 17 16 3 3
294 398 17 15 3 2
309 398 17 22 3 2
331 398 17 15 3 2
0 0 42 27 2 3
0 42 126 27 2 3
27 0 11 111 2 1
27 11 66 17 2 2
27 77 91 19 2 3
46 77 91 18 2 1
64 77 12 74 2 2
64 89 79 18 2 2
82 89 6 56 2 1
82 95 73 19 2 2
101 95 73 18 2 2
119 95 44 19 2 3
119 139 16 19 2 1
119 155 13 9 2 2
128 155 13 6 2 1
134 155 13 4 2 3
44 11 66 17 2 1
61 11 27 43 2 3
61 38 39 18 2 1
79 38 39 25 2 2
104 11 66 18 2 1
122 11 66 16 2 3
138 0 19 59 2 1
138 19 41 29 2 1
138 60 68 17 2 3
138 128 40 27 2 1
165 128 40 32 2 2
155 60 44 26 2 1
155 104 24 16 2 1
171 104 24 15 2 3
186 104 12 11 2 2
186 116 2 11 2 1
186 118 10 5 2 3
191 118 10 6 2 1
181 60 12 16 2 1
181 72 12 16 2 3
181 84 20 10 2 1
191 84 1 6 2 1
191 85 19 6 2 2
167 19 23 30 2 1
167 42 10 30 2 1
167 52 8 8 2 1
175 52 8 22 2 2
197 0 49 25 2 1
197 49 6 25 2 2
197 55 113 25 2 1
222 0 28 43 2 1
222 28 23 53 2 3
222 51 65 18 2 2
222 116 19 18 2 2
222 135 33 18 2 2
240 51 68 18 2 3
240 119 31 18 2 2
240 150 18 18 2 3
258 51 19 17 2 2
258 70 3 17 2 2
258 73 2 17 2 1
258 75 2 17 2 1
258 77 34 17 2 1
258 111 57 17 2 3
275 28 65 18 2 3
275 93 75 18 2 1
293 28 17 128 2 2
293 45 46 25 2 2
293 91 77 17 2 3
310 91 36 33 2 3
310 127 41 27 2 1
337 127 13 84 2 1
337 140 28 26 2 3
363 140 28 30 2 3
393 140 28 28 2 1
343 91 23 78 2 1
343 114 13 21 2 2
364 114 13 19 2 2
383 114 13 12 2 1
395 114 13 9 2 2
404 114 13 17 2 2
318 45 22 103 2 2
318 67 12 103 2 2
318 79 12 24 2 1
342 79 12 27 2 3
369 79 6 52 2 2
369 85 6 29 2 2
398 85 6 6 2 1
404 85 6 17 2 2
265 0 28 19 2 1
284 0 18 64 2 1
284 18 10 21 2 1
305 18 10 14 2 2
319 18 10 10 2 2
329 18 10 19 2 1
348 0 28 22 2 3
370 0 28 17 2 2
387 0 28 34 2 1
0 168 63 19 2 3
0 231 69 18 2 3
0 300 37 17 2 3
17 300 14 86 2 2
17 314 23 22 2 3
39 314 23 32 2 3
71 314 23 32 2 2
103 300 37 19 2 1
122 300 37 18 2 3
140 300 37 27 2 3
167 300 37 18 2 1
185 300 11 109 2 1
185 311 26 17 2 1
202 311 26 22 2 1
224 311 26 50 2 1
274 311 26 23 2 2
297 311 26 21 2 2
318 311 10 103 2 3
318 321 16 17 2 1
335 321 16 31 2 3
366 321 10 55 2 1
366 331 6 27 2 3
393 331 3 28 2 3
393 334 3 6 2 1
399 334 3 9 2 1
408 334 3 3 2 2
411 334 3 6 2 1
417 334 3 2 2 2
419 334 3 1 2 2
420 334 3 1 2 1
294 300 11 21 2 2
315 300 11 35 2 2
350 300 11 21 2 2
371 300 11 19 2 2
390 300 11 31 2 1
18 231 69 23 2 2
41 231 69 17 2 2
58 231 11 106 2 3
58 242 58 18 2 2
76 242 10 88 2 1
76 252 48 19 2 2
95 252 48 18 2 2
113 252 10 51 2 3
113 262 38 29 2 3
142 262 7 22 2 3
142 269 31 22 2 1
164 231 17 72 2 1
164 248 52 25 2 2
189 248 11 106 2 3
189 259 41 34 2 3
223 259 41 27 2 2
250 259 41 21 2 3
271 259 41 24 2 1
295 248 32 36 2 3
295 280 20 14 2 1
309 280 20 22 2 3
331 248 52 33 2 2
364 248 52 25 2 1
389 248 52 32 2 3
236 231 17 19 2 1
255 231 17 77 2 2
332 231 17 18 2 2
350 231 17 71 2 2
19 168 18 65 2 3
19 186 25 45 2 1
19 211 20 45 2 2
64 186 45 24 2 2
88 186 14 80 2 3
88 200 31 18 2 3
106 200 31 18 2 2
124 200 31 24 2 3
148 200 18 20 2 1
148 218 13 8 2 3
156 218 1 12 2 3
156 219 2 12 2 2
156 221 10 7 2 2
163 221 0 5 2 3
163 221 10 5 2 3
168 186 14 84 2 1
168 200 31 17 2 1
185 200 31 17 2 2
202 200 12 94 2 3
202 212 19 27 2 3
229 212 19 17 2 2
246 212 5 50 2 2
246 217 14 19 2 3
265 217 14 12 2 1
277 217 14 19 2 1
296 200 31 22 2 3
318 200 31 34 2 3
352 200 12 69 2 3
352 212 19 18 2 3
370 212 19 29 2 1
399 212 7 22 2 2
399 219 12 14 2 2
413 219 12 5 2 2
418 219 3 3 2 1
418 222 1 3 2 2
418 223 8 3 2 2
252 186 14 69 2 3
321 186 14 19 2 3
340 186 14 19 2 3
359 186 14 31 2 2
390 186 14 11 2 3
401 186 14 9 2 3
410 186 2 11 2 3
410 188 4 11 2 2
410 192 8 11 2 1
84 168 18 62 2 3
146 168 18 23 2 2
169 168 18 72 2 2
241 168 18 92 2 1
333 168 18 29 2 1
362 168 18 20 2 2
382 168 18 15 2 1
397 168 18 11 2 3
408 168 18 13 2 2
421 0 48 26 2 3
421 48 70 26 2 2
421 118 70 26 2 2
421 188 12 26 2 2
421 200 73 26 2 3
421 273 5 26 2 1
421 278 59 26 2 1
447 0 50 23 2 2
447 50 32 36 2 1
447 82 39 31 2 3
447 121 68 17 2 3
447 189 18 17 2 1
447 207 27 17 2 1
447 234 9 17 2 1
447 243 94 17 2 2
464 121 52 23 2 1
464 173 41 23 2 2
464 214 29 23 2 1
464 243 8 23 2 2
464 251 40 23 2 2
464 291 46 23 2 3
487 121 35 34 2 1
487 156 17 34 2 1
487 173 19 34 2 2
487 192 66 18 2 1
487 258 41 34 2 2
487 299 9 34 2 2
487 308 29 20 2 1
507 308 29 14 2 2
505 192 12 16 2 3
505 204 54 16 2 3
521 121 65 17 2 1
521 186 52 17 2 1
521 238 62 17 2 1
521 300 3 17 2 2
521 303 2 17 2 2
521 305 32 17 2 1
538 121 34 35 2 3
538 155 4 35 2 1
538 159 56 20 2 3
538 215 3 20 2 3
538 218 72 20 2 2
538 290 47 20 2 3
558 159 54 15 2 2
558 213 8 15 2 1
558 221 29 15 2 2
558 250 2 15 2 1
558 252 4 15 2 1
558 256 17 15 2 3
558 273 35 15 2 3
558 308 29 15 2 2
573 121 53 23 2 2
573 174 7 23 2 3
573 181 28 23 2 3
573 209 2 23 2 1
573 211 52 23 2 3
573 263 74 23 2 2
596 121 46 12 2 3
596 167 46 12 2 1
596 213 42 12 2 1
596 255 43 12 2 2
596 298 9 12 2 1
596 307 3 12 2 1
596 310 27 12 2 3
478 82 39 17 2 2
495 82 39 25 2 2
520 82 39 20 2 3
540 82 39 21 2 2
561 82 19 47 2 3
561 101 20 30 2 2
591 101 2 17 2 3
591 103 18 10 2 3
601 103 18 7 2 1
483 50 32 17 2 1
500 50 32 29 2 1
529 50 32 23 2 2
552 50 32 21 2 2
573 50 32 35 2 3
470 0 50 27 2 1
497 0 11 111 2 3
497 11 39 18 2 3
515 11 39 19 2 2
534 11 39 27 2 1
561 11 39 30 2 2
591 11 6 17 2 2
591 17 33 17 2 2
608 0 19 62 2 3
608 19 41 29 2 1
608 60 7 62 2 2
608 67 7 62 2 3
608 74 15 62 2 3
608 89 12 62 2 2
608 101 69 18 2 2
608 170 37 30 2 2
608 207 5 30 2 3
608 212 67 18 2 1
608 279 31 30 2 2
608 310 27 16 2 1
624 310 6 14 2 2
624 316 21 14 2 2
626 212 67 12 2 3
638 170 34 32 2 1
638 204 3 32 2 2
638 207 8 32 2 1
638 215 9 32 2 3
638 224 71 18 2 2
638 295 42 18 2 3
656 224 5 14 2 1
656 229 25 14 2 1
656 254 35 14 2 1
656 289 11 14 2 3
656 300 37 14 2 1
626 101 69 20 2 3
646 101 69 24 2 1
637 19 22 33 2 2
637 41 8 33 2 3
637 49 11 10 2 3
647 49 11 9 2 3
656 49 11 7 2 3
663 49 4 7 2 2
663 53 2 7 2 3
663 55 5 3 2 3
666 55 5 4 2 2
670 0 14 82 2 1
670 14 56 20 2 3
670 70 54 20 2 1
670 124 45 20 2 2
670 169 4 20 2 2
670 173 36 20 2 2
670 209 79 20 2 1
670 288 12 20 2 1
670 300 37 20 2 3
690 14 41 29 2 1
690 55 14 29 2 1
690 69 69 18 2 1
690 138 7 18 2 1
690 145 11 18 2 1
690 156 72 18 2 2
690 228 51 18 2 1
690 279 58 18 2 1
708 69 36 11 2 3
708 105 38 11 2 3
708 143 41 11 2 1
708 184 14 11 2 2
708 198 34 11 2 3
708 232 23 11 2 1
708 255 44 11 2 3
708 299 5 11 2 3
708 304 33 11 2 2
719 14 10 33 2 2
719 24 67 33 2 2
719 91 69 18 2 1
719 160 29 33 2 1
719 189 67 17 2 2
719 256 46 17 2 3
719 302 35 17 2 1
736 189 3 16 2 1
736 192 64 16 2 3
736 256 39 16 2 2
736 295 19 16 2 3
736 314 23 16 2 2
737 91 3 15 2 1
737 94 42 15 2 2
737 136 3 15 2 2
737 139 12 15 2 1
737 151 5 15 2 1
737 156 4 4 2 2
741 156 4 11 2 1
752 0 66 18 2 3
752 66 61 43 2 1
752 127 63 19 2 1
752 190 65 19 2 2
752 255 3 19 2 3
752 258 20 19 2 1
752 278 12 19 2 3
752 290 47 19 2 1
771 190 61 24 2 2
771 251 86 24 2 3
771 127 3 24 2 2
771 130 60 24 2 2
770 0 25 25 2 1
770 25 23 25 2 2
770 48 18 13 2 2
783 48 5 12 2 3
783 53 6 12 2 2
783 59 7 12 2 3
421 337 62 18 2 3
421 399 39 32 2 1
421 438 80 18 2 1
439 438 80 20 2 1
459 438 34 35 2 3
459 472 46 19 2 1
478 472 17 69 2 1
478 489 29 35 2 1
513 489 29 18 2 1
531 489 3 16 2 2
531 492 26 16 2 2
547 472 46 21 2 1
568 472 46 29 2 1
597 472 46 18 2 1
615 472 46 17 2 3
632 472 46 18 2 1
650 472 13 89 2 1
650 485 33 39 2 3
689 485 33 50 2 3
739 472 14 56 2 2
739 486 32 22 2 2
761 486 32 34 2 3
494 438 34 22 2 3
516 438 34 21 2 1
537 438 34 18 2 2
555 438 34 30 2 1
585 438 34 18 2 2
603 438 34 17 2 2
620 438 34 17 2 2
637 438 34 21 2 2
658 438 34 31 2 1
689 438 21 106 2 2
689 459 13 106 2 1
453 399 20 57 2 3
453 419 19 25 2 2
478 419 19 24 2 2
502 419 19 17 2 1
519 419 19 22 2 1
541 419 12 96 2 2
541 431 7 28 2 2
569 431 7 39 2 1
608 431 4 29 2 3
608 435 3 5 2 2
613 435 3 7 2 1
620 435 3 6 2 1
626 435 3 3 2 1
629 435 3 5 2 1
634 435 3 3 2 1
637 419 19 26 2 2
663 419 19 51 2 1
714 419 19 21 2 3
735 419 12 60 2 2
735 431 7 20 2 2
755 431 7 40 2 3
510 399 20 20 2 1
530 399 20 17 2 2
547 399 20 30 2 3
577 399 20 18 2 2
595 399 20 39 2 2
634 399 20 31 2 1
665 399 20 18 2 1
683 399 20 17 2 2
700 399 20 20 2 2
720 399 20 24 2 2
744 399 20 16 2 1
760 399 20 19 2 3
779 399 20 9 2 2
788 399 20 7 2 2
439 337 62 25 2 1
464 337 62 19 2 3
483 337 62 22 2 3
505 337 15 77 2 3
505 352 47 21 2 3
526 352 47 18 2 3
544 352 47 20 2 2
564 352 47 18 2 1
582 337 35 33 2 3
582 372 27 33 2 2
615 337 62 17 2 1
632 337 40 30 2 3
632 377 22 30 2 1
662 337 62 22 2 2
684 337 30 39 2 2
684 367 32 39 2 1
723 337 62 17 2 1
740 337 22 55 2 3
740 359 40 27 2 3
767 359 40 28 2 3
421 518 23 52 2 1
421 541 26 45 2 1
421 567 32 38 2 3
421 599 65 17 2 2
421 664 22 52 2 2
421 686 14 32 2 2
453 686 14 12 2 2
465 686 1 8 2 2
465 687 13 8 2 3
473 664 36 22 2 1
495 664 36 17 2 1
512 664 36 40 2 2
552 664 11 101 2 2
552 675 25 17 2 1
569 675 25 23 2 2
592 675 25 25 2 3
617 675 25 36 2 1
653 664 36 27 2 3
680 664 36 28 2 3
708 664 36 17 2 2
725 664 36 38 2 1
763 664 36 17 2 1
780 664 17 15 2 3
780 681 2 15 2 2
780 683 2 15 2 1
780 685 15 15 2 1
438 599 65 19 2 2
457 599 65 17 2 1
474 599 65 18 2 2
492 599 65 20 2 1
512 599 65 17 2 1
529 599 65 25 2 2
554 599 65 21 2 3
575 599 27 43 2 3
575 626 19 62 2 3
575 645 19 24 2 3
599 645 19 38 2 1
637 626 24 49 2 3
637 650 14 13 2 2
650 650 14 11 2 2
661 650 14 10 2 3
671 650 2 15 2 3
671 652 12 15 2 3
686 626 38 19 2 3
705 626 38 17 2 3
722 626 38 23 2 3
745 626 38 22 2 3
767 626 38 28 2 1
618 599 27 20 2 3
638 599 27 19 2 2
657 599 27 17 2 3
674 599 15 78 2 1
674 614 12 17 2 1
691 614 12 61 2 3
752 599 27 20 2 3
772 599 27 23 2 3
459 567 32 20 2 3
479 567 32 18 2 3
497 567 32 23 2 1
520 567 32 18 2 2
538 567 32 17 2 3
555 567 32 22 2 2
577 567 32 18 2 3
595 567 32 23 2 3
618 567 16 71 2 1
618 583 16 30 2 1
648 583 16 43 2 3
691 583 16 17 2 2
708 583 16 87 2 2
689 567 16 41 2 2
730 567 16 16 2 1
746 567 7 49 2 3
746 574 9 18 2 2
764 574 9 10 2 1
774 574 9 7 2 1
781 574 9 7 2 2
788 574 9 4 2 3
792 574 9 3 2 1
466 541 26 17 2 1
483 541 26 21 2 2
504 541 26 18 2 2
522 541 26 37 2 1
559 541 26 41 2 3
600 541 26 24 2 2
624 541 26 55 2 3
679 541 26 21 2 1
700 541 26 20 2 3
720 541 26 36 2 2
756 541 26 16 2 1
772 541 3 23 2 2
772 544 23 14 2 1
786 544 23 9 2 1
473 518 14 86 2 2
473 532 9 19 2 2
492 532 9 42 2 3
534 532 9 9 2 1
543 532 9 6 2 2
549 532 2 10 2 1
549 534 7 5 2 2
554 534 7 5 2 2
559 518 23 20 2 1
579 518 23 31 2 2
610 518 23 18 2 1
628 518 23 19 2 2
647 518 23 19 2 3
666 518 23 69 2 3
735 518 23 25 2 3
760 518 23 35 2 1
0 337 45 26 2 1
0 382 45 26 2 3
0 427 68 17 2 3
0 495 15 17 2 1
0 510 4 17 2 1
0 514 45 17 2 1
0 559 52 17 2 1
0 611 24 17 2 3
0 635 10 17 2 2
0 645 9 17 2 2
0 654 19 17 2 1
0 673 27 17 2 3
17 427 2 9 2 2
17 429 13 9 2 1
17 442 31 9 2 2
17 473 3 9 2 1
17 476 1 9 2 1
17 477 35 9 2 1
17 512 1 9 2 1
17 513 34 9 2 1
17 547 31 9 2 3
17 578 22 9 2 2
17 600 1 9 2 3
17 601 2 9 2 3
17 603 21 9 2 2
17 624 35 9 2 1
17 659 10 9 2 2
17 669 18 9 2 1
17 687 6 9 2 1
17 693 7 4 2 1
21 693 7 3 2 2
24 693 7 2 2 1
26 382 33 35 2 3
26 415 74 35 2 1
26 489 32 35 2 2
26 521 67 35 2 3
26 588 63 19 2 3
26 651 49 17 2 3
43 651 49 18 2 2
45 588 63 16 2 2
61 382 69 18 2 3
61 451 67 18 2 2
61 518 44 18 2 2
61 562 4 18 2 3
61 566 65 18 2 2
61 631 4 18 2 1
61 635 13 18 2 3
61 648 52 18 2 2
79 451 36 33 2 2
79 487 48 24 2 1
79 535 62 19 2 1
79 597 43 28 2 3
79 640 30 28 2 1
79 670 9 28 2 1
79 679 21 12 2 3
91 679 21 16 2 1
107 597 35 34 2 2
107 632 14 103 2 1
107 646 54 26 2 2
133 646 54 18 2 3
151 646 54 17 2 2
168 646 54 20 2 2
188 646 54 22 2 2
141 597 35 28 2 2
169 597 35 22 2 3
191 597 35 19 2 2
98 535 32 35 2 2
98 567 30 24 2 3
122 567 30 88 2 3
133 535 32 17 2 1
150 535 32 60 2 1
103 487 48 22 2 3
125 487 48 17 2 3
142 487 48 20 2 3
162 487 48 20 2 1
182 487 48 17 2 2
199 487 10 11 2 1
199 497 23 11 2 2
199 520 15 7 2 1
206 520 6 4 2 2
206 526 9 4 2 3
112 451 36 31 2 1
143 451 36 20 2 2
163 451 23 47 2 3
163 474 13 12 2 1
175 474 13 13 2 1
188 474 13 8 2 3
196 474 13 14 2 1
79 382 69 18 2 2
97 382 69 22 2 1
119 382 39 29 2 2
119 421 30 29 2 2
148 382 69 19 2 1
167 382 14 43 2 3
167 396 55 27 2 3
194 396 55 16 2 1
26 337 45 32 2 2
58 337 45 27 2 3
85 337 45 27 2 1
112 337 28 39 2 1
112 365 17 21 2 1
133 365 17 26 2 2
159 365 17 51 2 3
151 337 28 21 2 3
172 337 28 18 2 2
190 337 28 20 2 1
210 337 47 26 2 3
210 384 27 45 2 1
210 411 68 17 2 3
210 479 65 17 2 1
210 544 10 17 2 2
210 554 26 17 2 3
210 580 57 17 2 1
210 637 63 17 2 2
227 411 50 28 2 2
227 461 67 17 2 1
227 528 42 17 2 2
227 570 23 17 2 1
227 593 42 17 2 1
227 635 65 17 2 3
244 461 27 11 2 1
244 488 26 11 2 3
244 514 43 11 2 1
244 557 36 11 2 1
244 593 43 11 2 3
244 636 41 11 2 2
244 677 23 11 2 2
255 384 67 17 2 3
255 451 57 20 2 2
255 508 68 18 2 2
255 576 71 18 2 1
255 647 53 18 2 2
273 576 68 17 2 1
273 644 56 17 2 1
290 576 48 25 2 1
290 624 25 25 2 3
290 649 51 25 2 1
315 576 63 18 2 1
315 639 16 18 2 2
315 655 9 18 2 3
315 664 36 18 2 2
333 576 29 88 2 3
333 605 33 36 2 3
333 638 40 30 2 2
333 678 22 22 2 1
355 678 22 18 2 2
373 678 22 22 2 1
395 678 4 26 2 2
395 682 18 17 2 2
412 682 18 9 2 3
363 638 40 25 2 1
388 638 40 20 2 2
408 638 40 13 2 2
369 605 33 19 2 2
388 605 33 33 2 2
273 508 21 56 2 2
273 529 47 56 2 2
329 508 45 25 2 1
329 553 23 15 2 1
344 553 11 10 2 2
344 564 3 10 2 2
344 567 9 10 2 2
354 508 68 18 2 3
372 508 68 18 2 1
390 508 68 31 2 3
275 451 22 53 2 2
275 473 35 25 2 1
300 473 23 49 2 1
300 496 12 13 2 3
313 496 12 13 2 1
326 496 12 9 2 2
335 496 1 14 2 3
335 497 5 14 2 2
335 502 6 5 2 3
340 502 6 9 2 1
349 473 35 28 2 2
377 473 35 18 2 1
395 473 35 26 2 3
328 451 22 18 2 3
346 451 22 75 2 1
272 384 25 47 2 2
272 409 42 26 2 1
298 409 42 21 2 2
319 384 13 102 2 2
319 397 21 57 2 1
319 418 33 57 2 3
376 397 22 45 2 3
376 419 32 45 2 3
236 337 47 17 2 1
253 337 29 41 2 3
253 366 18 16 2 3
269 366 18 11 2 1
280 366 18 14 2 2
294 337 47 18 2 2
312 337 24 47 2 1
312 361 23 16 2 1
328 361 23 14 2 2
342 361 23 10 2 3
352 361 12 7 2 2
352 373 11 7 2 3
359 337 47 19 2 2
378 337 47 28 2 1
406 337 47 15 2 3
