200 180 25
9
650 180 5
70 465 4
80 410 3.5
70 280 3
30 64 2.5
50 40 2
40 10 1.5
10 30 1
100 30 0.5
286
0 0 24 97 5 3
0 24 58 97 5 2
0 82 40 97 5 3
0 122 46 97 5 3
0 168 64 97 5 2
0 232 105 97 5 2
97 0 17 41 5 3
97 17 43 41 5 2
97 60 9 41 5 3
97 69 14 41 5 2
97 83 25 41 5 2
97 108 28 41 5 1
97 136 30 41 5 1
97 166 12 41 5 2
97 178 16 41 5 1
97 194 30 41 5 2
97 224 20 41 5 2
97 244 93 41 5 2
138 0 30 42 5 3
138 30 22 42 5 2
138 52 85 42 5 1
138 137 34 42 5 3
138 171 19 42 5 1
138 190 17 42 5 1
138 207 13 42 5 2
138 220 24 42 5 3
138 244 93 42 5 1
97 337 42 83 5 2
97 379 42 83 5 2
97 421 72 83 5 3
97 493 66 83 5 2
97 559 41 83 5 1
97 600 32 83 5 3
97 632 18 83 5 2
0 337 81 48 5 2
0 418 39 48 5 1
0 457 62 48 5 1
0 519 27 48 5 2
0 546 13 48 5 3
0 559 36 48 5 1
0 595 24 48 5 1
0 619 31 27 5 3
27 619 7 21 5 3
27 626 6 21 5 1
27 632 18 21 5 3
48 337 51 49 5 2
48 388 43 49 5 1
48 431 16 49 5 1
48 447 48 49 5 3
48 495 44 49 5 2
48 539 58 49 5 1
48 597 53 49 5 3
0 0 16 48 4 2
48 0 16 70 4 2
118 0 16 49 4 2
167 0 16 61 4 2
0 16 17 81 4 2
81 16 17 37 4 1
118 16 17 49 4 3
167 16 17 33 4 1
200 16 17 28 4 3
228 0 33 118 4 2
346 0 33 64 4 2
410 0 33 55 4 2
228 33 18 75 4 3
303 33 18 100 4 2
403 33 18 34 4 1
437 33 18 28 4 2
228 51 19 96 4 2
324 51 19 55 4 1
379 51 19 57 4 3
436 51 19 29 4 2
0 33 37 114 4 3
114 33 37 58 4 2
172 33 17 56 4 1
172 50 20 56 4 1
0 0 22 88 3 1
88 0 22 68 3 3
156 0 22 58 3 1
0 22 22 53 3 2
53 22 22 45 3 2
98 22 22 56 3 1
154 22 22 60 3 3
214 0 44 58 3 2
272 0 18 40 3 2
272 18 26 40 3 1
312 0 44 98 3 1
214 44 18 67 3 3
281 44 18 59 3 3
340 44 18 32 3 2
372 44 18 25 3 3
397 44 8 13 3 3
397 52 10 13 3 2
214 62 18 103 3 1
317 62 18 93 3 1
0 44 36 107 3 2
107 44 36 52 3 3
159 44 23 55 3 3
159 67 13 29 3 3
188 67 7 26 3 2
188 74 6 13 3 1
201 74 6 8 3 1
209 74 6 5 3 1
0 0 17 71 3 2
71 0 17 84 3 3
0 17 18 64 3 2
64 17 18 40 3 2
104 17 18 51 3 3
155 0 16 62 3 1
155 16 19 62 3 2
217 0 35 40 3 3
257 0 6 23 3 1
257 6 29 23 3 1
155 35 17 61 3 2
216 35 17 25 3 1
241 35 17 39 3 3
155 52 18 37 3 2
192 52 18 45 3 1
237 52 18 43 3 3
0 35 16 77 3 1
0 51 19 47 3 3
47 51 19 30 3 3
77 35 23 78 3 2
77 58 12 21 3 1
98 58 12 57 3 1
0 0 6 30 2 1
0 6 7 11 2 3
11 6 7 19 2 2
30 0 8 17 2 3
30 8 5 17 2 2
47 0 13 17 2 2
30 13 8 34 2 2
30 21 9 15 2 1
45 21 9 19 2 2
0 13 7 15 2 3
0 20 10 15 2 1
15 13 7 15 2 2
15 20 10 15 2 3
0 0 9 20 2 2
0 9 10 20 2 2
20 0 7 10 2 2
20 7 12 10 2 1
30 0 3 10 2 3
30 3 2 10 2 2
30 5 3 10 2 2
30 8 11 10 2 1
20 19 9 20 2 3
20 28 6 20 2 1
20 34 16 20 2 2
0 19 6 10 2 1
0 25 13 10 2 3
0 38 12 10 2 2
10 19 12 10 2 2
10 31 3 10 2 3
10 34 2 10 2 1
10 36 14 10 2 1
0 0 2 5 1 3
0 2 2 5 1 2
0 4 5 5 1 1
0 9 1 5 1 2
0 10 1 5 1 3
0 11 8 5 1 2
5 0 2 2 1 3
5 2 1 2 1 2
5 3 1 2 1 1
5 4 3 2 1 1
5 7 2 2 1 2
5 9 1 2 1 1
5 10 2 2 1 1
5 12 3 2 1 2
5 15 2 2 1 3
5 17 2 2 1 3
7 0 1 3 1 3
7 1 1 3 1 1
7 2 1 3 1 1
7 3 3 3 1 1
7 6 2 3 1 3
7 8 1 3 1 2
7 9 3 3 1 2
7 12 1 3 1 2
7 13 2 3 1 2
7 15 4 3 1 1
5 19 5 5 1 2
5 24 5 5 1 3
5 29 2 5 1 2
5 31 3 5 1 3
5 34 6 5 1 1
0 19 1 2 1 3
0 20 1 2 1 2
0 21 2 2 1 1
0 23 0 2 1 2
0 23 2 2 1 1
0 25 2 2 1 1
0 27 1 2 1 3
0 28 1 2 1 1
0 29 1 2 1 3
0 30 3 2 1 1
0 33 2 2 1 1
0 35 1 2 1 2
0 36 2 2 1 2
0 38 0 2 1 3
0 38 1 2 1 1
0 39 1 2 1 3
2 19 1 3 1 1
2 20 3 3 1 1
2 23 2 3 1 1
2 25 1 3 1 2
2 26 3 3 1 2
2 29 2 3 1 1
2 31 2 3 1 3
2 33 2 3 1 1
2 35 3 3 1 1
2 38 2 3 1 1
0 0 2 7 1 1
7 0 2 5 1 1
12 0 1 4 1 3
12 1 1 4 1 2
0 2 3 7 1 3
7 2 3 9 1 2
16 0 5 7 1 1
23 0 2 7 1 2
23 2 3 7 1 2
16 5 2 6 1 3
22 5 2 8 1 1
16 7 3 14 1 3
0 5 5 8 1 3
8 5 5 8 1 1
0 0 16 11 0.5 3
0 16 10 11 0.5 2
0 26 4 11 0.5 3
0 30 5 11 0.5 3
0 35 6 11 0.5 3
0 41 6 11 0.5 2
0 47 6 11 0.5 1
11 0 2 9 0.5 3
11 2 12 9 0.5 2
11 14 3 9 0.5 1
11 17 2 9 0.5 2
11 19 3 9 0.5 2
11 22 5 9 0.5 1
11 27 8 9 0.5 2
11 35 4 9 0.5 3
11 39 6 9 0.5 3
11 45 3 9 0.5 2
11 48 5 9 0.5 3
20 0 8 10 0.5 2
20 8 3 10 0.5 2
20 11 4 10 0.5 2
20 15 3 10 0.5 1
20 18 20 10 0.5 3
20 38 6 10 0.5 3
20 44 5 10 0.5 3
20 49 4 6 0.5 1
26 49 1 4 0.5 2
26 50 1 4 0.5 1
26 51 2 4 0.5 2
11 53 23 19 0.5 3
11 76 24 19 0.5 1
0 53 10 5 0.5 1
0 63 5 5 0.5 1
0 68 4 5 0.5 2
0 72 2 5 0.5 3
0 74 4 5 0.5 2
0 78 3 5 0.5 3
0 81 2 5 0.5 3
0 83 4 5 0.5 2
0 87 2 5 0.5 3
0 89 7 5 0.5 1
0 96 4 5 0.5 3
5 53 3 6 0.5 2
5 56 3 6 0.5 1
5 59 3 6 0.5 1
5 62 2 6 0.5 1
5 64 1 6 0.5 2
5 65 4 6 0.5 3
5 69 4 6 0.5 2
5 73 1 6 0.5 3
5 74 2 6 0.5 1
5 76 2 6 0.5 1
5 78 1 6 0.5 3
5 79 2 6 0.5 2
5 81 4 6 0.5 2
5 85 5 6 0.5 3
5 90 2 6 0.5 2
5 92 5 6 0.5 1
5 97 3 6 0.5 1
