180 160 28
5
180 450 4
240 290 3
360 230 2
180 270 1
180 660 0.5
110
0 0 51 246 4 3
0 51 52 102 4 2
102 51 52 88 4 1
190 51 52 56 4 1
246 0 34 102 4 3
246 34 69 102 4 1
348 0 24 102 4 1
348 24 79 102 4 1
246 103 38 126 4 3
372 103 38 78 4 3
246 141 39 91 4 1
337 141 39 60 4 2
397 141 39 53 4 3
0 103 36 123 4 3
0 139 41 123 4 3
123 103 77 69 4 3
192 103 18 54 4 1
192 121 18 54 4 1
192 139 23 54 4 3
192 162 18 27 4 1
219 162 18 17 4 3
236 162 9 10 4 3
236 171 4 10 4 3
236 175 5 10 4 3
0 0 60 128 3 2
0 60 61 128 3 3
128 0 26 81 3 2
128 26 23 81 3 2
128 49 72 81 3 1
209 0 23 81 3 2
209 23 98 81 3 2
128 121 59 96 3 2
224 121 59 66 3 3
128 180 60 102 3 1
230 180 37 60 3 3
230 217 23 60 3 2
0 121 39 64 3 1
0 160 21 64 3 1
0 181 17 64 3 1
0 198 42 64 3 3
64 121 70 64 3 1
64 191 49 64 3 2
0 0 32 108 2 2
0 32 67 108 2 1
0 99 100 108 2 2
108 0 56 61 2 2
108 56 39 61 2 3
108 95 37 61 2 1
108 132 27 61 2 1
108 159 40 61 2 1
169 0 51 61 2 3
169 51 20 61 2 1
169 71 15 61 2 1
169 86 62 61 2 1
169 148 16 61 2 3
169 164 35 61 2 1
108 199 80 122 2 2
108 279 81 122 2 3
0 199 22 54 2 2
0 221 51 54 2 2
0 272 17 54 2 2
0 289 71 54 2 3
54 199 11 54 2 2
54 210 18 54 2 1
54 228 15 54 2 1
54 243 50 54 2 3
54 293 23 54 2 1
54 316 44 54 2 2
0 0 42 115 1 2
0 42 42 52 1 1
52 42 42 63 1 1
115 0 32 77 1 3
115 32 22 77 1 2
115 54 30 77 1 2
192 0 84 78 1 2
115 84 48 46 1 1
161 84 48 49 1 2
210 84 26 60 1 1
210 110 22 60 1 1
115 132 48 155 1 3
0 84 29 57 1 1
0 113 13 57 1 2
0 126 54 57 1 1
57 84 39 58 1 1
57 123 23 58 1 2
57 146 34 58 1 1
0 0 41 82 0.5 3
82 0 41 100 0.5 1
182 0 41 155 0.5 1
0 41 42 117 0.5 1
117 41 42 220 0.5 3
337 0 83 93 0.5 3
430 0 18 68 0.5 1
430 18 16 68 0.5 1
430 34 24 68 0.5 3
430 58 25 35 0.5 1
465 58 25 33 0.5 1
498 0 83 93 0.5 3
591 0 43 69 0.5 1
591 43 40 69 0.5 3
337 83 48 193 0.5 3
530 83 48 130 0.5 3
337 131 49 130 0.5 2
467 131 49 100 0.5 1
567 131 49 93 0.5 2
0 83 97 168 0.5 3
168 83 97 104 0.5 3
272 83 47 65 0.5 1
272 130 21 65 0.5 3
272 151 29 65 0.5 2
