500 500 10
4
1060 500 4
190 440 3
90 170 2
290 340 1
1091
0 0 116 46 4 3
0 116 93 57 4 3
0 209 90 45 4 2
0 299 58 45 4 2
0 357 41 45 4 3
0 398 83 45 4 3
0 481 99 45 4 5
0 580 65 45 4 4
0 645 21 45 4 3
0 666 42 45 4 5
0 708 47 45 4 2
0 755 56 45 4 4
0 811 54 45 4 3
0 865 51 45 4 2
0 916 63 45 4 2
0 979 56 45 4 4
0 1035 25 27 4 2
27 1035 25 14 4 1
41 1035 7 4 4 4
41 1042 8 4 4 3
41 1050 10 4 4 2
45 209 55 69 4 2
45 264 75 66 4 2
45 339 66 80 4 3
45 405 86 47 4 3
45 491 125 47 4 3
45 616 77 47 4 4
45 693 63 47 4 3
45 756 52 47 4 2
45 808 85 47 4 4
45 893 63 47 4 3
45 956 94 38 4 4
45 1050 10 17 4 3
62 1050 10 30 4 3
83 956 14 9 4 2
83 970 21 9 4 5
83 991 19 9 4 5
83 1010 14 9 4 3
83 1024 9 9 4 2
83 1033 17 9 4 5
92 405 96 38 4 3
92 501 73 48 4 1
92 574 86 43 4 4
92 660 82 49 4 5
92 742 95 55 4 3
92 837 84 49 4 3
92 921 97 43 4 2
92 1018 42 34 4 3
126 1018 21 9 4 3
126 1039 7 9 4 2
126 1046 14 9 4 3
135 921 27 12 4 3
135 948 7 12 4 4
135 955 35 12 4 4
135 990 15 12 4 4
135 1005 25 12 4 2
135 1030 14 12 4 2
135 1044 16 12 4 3
141 837 8 6 4 4
141 845 7 6 4 2
141 852 11 6 4 1
141 863 5 6 4 4
141 868 4 6 4 3
141 872 11 6 4 3
141 883 6 6 4 4
141 889 9 6 4 4
141 898 10 6 4 2
141 908 4 6 4 4
141 912 9 6 4 2
147 742 69 77 4 3
147 811 91 39 4 1
147 902 34 112 4 3
147 936 51 69 4 3
147 987 68 58 4 3
147 1055 5 17 4 2
164 1055 5 10 4 4
174 1055 5 8 4 2
182 1055 5 11 4 2
193 1055 5 5 4 2
198 1055 5 7 4 2
205 987 73 38 4 2
243 987 43 16 4 3
243 1030 11 16 4 3
243 1041 19 12 4 2
255 1041 9 4 4 3
255 1050 5 4 4 3
255 1055 5 4 4 3
216 936 51 43 4 3
259 902 78 46 4 1
259 980 80 53 4 3
312 980 68 56 4 2
312 1048 12 44 4 3
356 1048 12 48 4 2
404 1048 12 22 4 5
426 1048 12 21 4 4
447 1048 12 24 4 3
471 1048 12 17 4 5
488 1048 12 12 4 4
368 980 38 121 4 3
368 1018 30 69 4 4
437 1018 30 56 4 4
493 1018 7 7 4 4
493 1025 10 7 4 2
493 1035 13 7 4 3
489 980 21 11 4 2
489 1001 17 11 4 4
305 902 74 70 4 5
305 976 4 29 4 2
334 976 4 15 4 1
349 976 4 22 4 3
371 976 4 18 4 3
389 976 4 37 4 4
426 976 4 22 4 4
448 976 4 12 4 3
460 976 4 12 4 4
472 976 4 7 4 5
479 976 4 6 4 2
485 976 4 6 4 3
491 976 4 4 4 3
495 976 4 5 4 2
375 902 74 42 4 3
417 902 74 49 4 3
466 902 58 34 4 3
466 960 16 19 4 2
485 960 16 15 4 3
186 811 64 80 4 1
186 875 27 54 4 4
240 875 27 56 4 5
296 875 27 73 4 4
369 875 27 61 4 3
430 875 27 38 4 4
468 875 27 28 4 2
496 875 9 4 4 4
496 884 10 4 4 4
496 894 8 4 4 4
266 811 64 47 4 3
313 811 64 42 4 3
355 811 64 61 4 3
416 811 64 56 4 3
472 811 56 28 4 2
472 867 8 12 4 3
484 867 8 8 4 2
492 867 8 8 4 3
224 742 69 46 4 4
270 742 51 69 4 4
270 793 18 36 4 3
306 793 18 16 4 2
322 793 18 13 4 3
335 793 10 4 4 3
335 803 2 4 4 2
335 805 6 4 4 3
339 742 69 73 4 3
412 742 69 48 4 4
460 742 64 40 4 2
460 806 5 12 4 3
472 806 5 10 4 4
482 806 5 9 4 2
491 806 5 9 4 3
141 660 65 56 4 4
141 725 17 33 4 4
174 725 17 18 4 5
192 725 12 5 4 3
192 737 5 5 4 3
197 660 66 57 4 2
197 726 16 19 4 4
216 726 16 22 4 3
238 726 16 16 4 4
254 660 52 71 4 3
254 712 30 30 4 3
284 712 30 21 4 4
305 712 26 20 4 2
305 738 4 9 4 4
314 738 4 6 4 4
320 738 4 5 4 1
325 660 82 58 4 2
383 660 82 62 4 4
445 660 82 40 4 2
485 660 22 15 4 3
485 682 30 15 4 4
485 712 30 15 4 3
135 574 78 51 4 4
135 652 8 15 4 3
150 652 8 10 4 1
160 652 8 12 4 5
172 652 8 6 4 2
178 652 8 8 4 2
186 574 86 45 4 3
231 574 86 47 4 3
278 574 75 46 4 3
278 649 11 33 4 4
311 649 11 8 4 3
319 649 11 5 4 5
324 574 65 60 4 2
324 639 21 42 4 2
366 639 21 38 4 3
404 639 21 31 4 3
435 639 21 34 4 3
469 639 21 16 4 3
485 639 21 15 4 4
384 574 48 84 4 3
384 622 17 24 4 4
408 622 17 31 4 2
439 622 17 20 4 2
459 622 9 9 4 4
459 631 8 9 4 4
468 574 36 32 4 3
468 610 12 32 4 3
468 622 17 18 4 2
486 622 17 14 4 5
140 501 73 45 4 2
185 501 61 59 4 3
185 562 12 35 4 5
220 562 12 46 4 4
266 562 12 33 4 1
299 562 12 35 4 3
334 562 12 29 4 2
363 562 12 41 4 2
404 562 12 33 4 3
437 562 12 29 4 4
466 562 12 13 4 3
479 562 12 21 4 3
244 501 61 39 4 4
283 501 61 43 4 2
326 501 61 43 4 3
369 501 61 51 4 3
420 501 61 42 4 2
462 501 61 38 4 2
130 405 96 37 4 2
167 405 65 66 4 3
167 470 31 43 4 3
210 470 31 73 4 3
283 470 31 41 4 3
324 470 31 106 4 4
430 470 31 29 4 5
459 470 31 28 4 3
487 470 10 13 4 1
487 480 21 13 4 4
233 405 65 51 4 3
284 405 51 71 4 2
284 456 14 49 4 3
333 456 14 39 4 3
372 456 14 36 4 3
408 456 14 35 4 2
443 456 14 19 4 5
462 456 14 25 4 2
487 456 14 8 4 3
495 456 3 5 4 4
495 459 11 5 4 4
355 405 51 54 4 4
409 405 51 56 4 3
465 405 25 35 4 3
465 430 26 29 4 4
494 430 12 6 4 3
494 442 4 6 4 2
494 446 10 6 4 2
125 339 66 41 4 3
166 339 53 98 4 3
166 392 13 23 4 3
189 392 13 23 4 4
212 392 13 16 4 5
228 392 13 15 4 4
243 392 13 15 4 3
258 392 5 6 4 2
258 397 8 6 4 3
264 339 54 74 4 3
264 393 12 51 4 5
315 393 12 31 4 3
346 393 12 33 4 2
379 393 12 39 4 2
418 393 12 28 4 3
446 393 12 20 4 2
466 393 12 22 4 1
488 393 12 7 4 4
495 393 12 5 4 3
338 339 54 61 4 3
399 339 54 55 4 3
454 339 54 38 4 1
492 339 13 8 4 4
492 352 9 8 4 3
492 361 12 8 4 2
492 373 15 8 4 2
492 388 5 4 4 2
496 388 5 4 4 3
111 264 75 62 4 4
173 264 56 62 4 4
173 320 19 49 4 1
222 320 19 53 4 2
275 320 19 51 4 4
326 320 19 39 4 3
365 320 19 41 4 3
406 320 19 42 4 5
448 320 19 25 4 3
473 320 19 21 4 3
494 320 9 6 4 3
494 329 10 6 4 3
235 264 56 51 4 2
286 264 56 64 4 4
350 264 56 44 4 3
394 264 56 46 4 3
440 264 50 60 4 3
440 314 6 17 4 2
457 314 6 10 4 3
467 314 6 10 4 2
477 314 6 9 4 3
486 314 6 6 4 2
492 314 6 8 4 3
114 209 55 44 4 4
158 209 55 78 4 3
236 209 49 84 4 2
236 258 6 33 4 4
269 258 6 26 4 1
295 258 6 26 4 2
321 258 6 33 4 3
354 258 6 36 4 3
390 258 6 16 4 3
406 258 6 16 4 4
422 258 6 29 4 4
451 258 6 19 4 4
470 258 6 15 4 2
485 258 6 10 4 2
495 258 6 5 4 3
320 209 49 41 4 3
361 209 49 69 4 5
430 209 49 44 4 2
474 209 40 26 4 2
474 249 9 10 4 3
484 249 9 16 4 3
57 116 59 72 4 5
57 175 34 33 4 2
90 175 34 26 4 1
116 175 26 13 4 1
116 201 8 8 4 4
124 201 8 5 4 3
129 116 81 61 4 3
129 197 12 21 4 2
150 197 12 15 4 3
165 197 12 25 4 3
190 116 93 37 4 4
227 116 93 38 4 1
265 116 93 42 4 4
307 116 81 59 4 2
307 197 12 19 4 2
326 197 12 13 4 3
339 197 12 20 4 2
359 197 12 7 4 4
366 116 78 45 4 4
366 194 15 35 4 3
401 194 15 50 4 4
451 194 15 37 4 2
488 194 15 12 4 2
411 116 78 42 4 4
453 116 63 47 4 3
453 179 15 30 4 3
483 179 15 17 4 4
46 0 60 60 4 4
46 60 56 39 4 2
85 60 16 21 4 2
85 76 13 21 4 2
85 89 27 21 4 4
106 0 82 45 4 2
106 82 34 27 4 2
133 82 34 18 4 3
151 0 103 45 4 3
151 103 13 72 4 4
223 103 13 41 4 4
264 103 13 38 4 2
302 103 13 40 4 1
342 103 13 33 4 4
375 103 13 32 4 3
407 103 13 27 4 2
434 103 13 21 4 3
455 103 13 18 4 4
473 103 13 22 4 3
495 103 13 5 4 3
196 0 70 52 4 3
196 70 33 39 4 4
235 70 33 43 4 2
278 70 33 40 4 2
318 70 33 48 4 3
366 70 33 61 4 4
427 70 33 41 4 2
468 70 33 23 4 4
491 70 21 9 4 2
491 91 5 9 4 4
491 96 7 9 4 5
248 0 70 40 4 3
288 0 70 52 4 4
340 0 70 59 4 3
399 0 70 63 4 4
462 0 29 38 4 3
462 29 41 34 4 4
496 29 7 4 4 4
496 36 3 4 4 3
496 39 12 4 4 2
496 51 6 4 4 4
496 57 4 4 4 2
496 61 5 4 4 3
496 66 4 4 4 1
0 0 24 23 3 2
0 24 31 23 3 3
0 55 34 16 3 3
0 89 28 23 3 3
0 117 44 17 3 4
0 161 29 19 3 3
19 161 11 4 3 1
19 172 4 4 3 3
19 176 7 4 3 3
19 183 7 4 3 2
17 117 10 6 3 5
17 127 4 6 3 4
17 131 12 6 3 2
17 143 5 6 3 2
17 148 7 6 3 3
17 155 6 6 3 3
16 55 13 7 3 3
16 68 8 7 3 4
16 76 13 7 3 2
23 0 35 17 3 3
23 35 12 17 3 4
23 47 32 17 3 2
23 79 21 17 3 2
23 100 31 17 3 3
23 131 33 17 3 2
23 164 26 13 3 3
36 164 8 4 3 3
36 172 7 4 3 2
36 179 7 4 3 3
36 186 4 4 3 3
40 0 36 20 3 3
40 36 18 20 3 4
40 54 40 20 3 4
40 94 41 20 3 3
40 135 15 20 3 3
40 150 40 20 3 3
60 0 21 26 3 3
60 21 44 17 3 4
60 65 32 17 3 4
60 97 19 17 3 3
60 116 12 17 3 4
60 128 38 17 3 4
60 166 24 17 3 2
77 21 27 30 3 4
77 48 44 15 3 3
77 92 27 15 3 2
77 119 30 15 3 2
77 149 12 15 3 3
77 161 29 15 3 3
92 48 32 21 3 2
92 80 36 21 3 5
92 116 41 21 3 2
92 157 33 21 3 3
113 48 27 29 3 3
113 75 27 21 3 3
113 102 25 23 3 2
113 127 22 27 3 3
113 149 32 23 3 2
113 181 9 13 3 2
126 181 9 14 3 3
136 149 9 4 3 3
136 158 9 4 3 3
136 167 5 4 3 3
136 172 9 4 3 4
140 127 43 19 3 4
140 170 20 22 3 4
162 170 20 17 3 4
179 170 20 20 3 2
199 170 20 20 3 2
219 170 20 24 3 3
243 170 20 17 3 3
260 170 20 19 3 2
279 170 20 17 3 3
296 170 20 34 3 3
330 170 20 17 3 3
347 170 20 22 3 4
369 170 20 17 3 3
386 170 20 20 3 4
406 170 20 25 3 2
431 170 20 9 3 4
159 127 43 15 3 4
174 127 29 27 3 2
174 156 14 17 3 3
191 156 14 18 3 3
209 156 14 17 3 3
226 156 14 18 3 3
244 156 14 15 3 2
259 156 14 29 3 3
288 156 14 15 3 2
303 156 14 22 3 4
325 156 14 16 3 3
341 156 14 16 3 2
357 156 14 19 3 3
376 156 14 15 3 2
391 156 14 15 3 4
406 156 14 22 3 4
428 156 14 12 3 3
201 127 29 21 3 3
222 127 12 52 3 5
222 139 17 19 3 4
241 139 17 16 3 3
257 139 17 29 3 3
286 139 17 24 3 4
310 139 17 25 3 2
335 139 17 25 3 2
360 139 17 47 3 2
407 139 17 15 3 2
422 139 11 18 3 3
422 150 6 8 3 3
430 150 6 6 3 4
436 150 6 4 3 4
274 127 12 22 3 2
296 127 12 25 3 3
321 127 12 25 3 4
346 127 12 19 3 2
365 127 12 20 3 3
385 127 12 19 3 4
404 127 12 17 3 4
421 127 12 11 3 3
432 127 12 8 3 2
136 102 25 16 3 2
152 102 25 28 3 3
180 102 25 17 3 3
197 102 18 42 3 4
197 120 7 19 3 2
216 120 7 28 3 5
244 120 7 24 3 4
268 120 7 23 3 3
291 120 7 19 3 3
310 120 7 22 3 4
332 120 7 24 3 3
356 120 7 17 3 5
373 120 7 14 3 2
387 120 7 18 3 4
405 120 7 22 3 3
427 120 7 9 3 4
436 120 7 4 3 3
239 102 18 27 3 2
266 102 18 18 3 4
284 102 18 14 3 3
298 102 18 20 3 2
318 102 18 22 3 4
340 102 18 25 3 3
365 102 18 17 3 2
382 102 18 22 3 3
404 102 18 20 3 2
424 102 11 16 3 3
424 113 7 6 3 3
430 113 7 10 3 2
134 75 27 24 3 4
158 75 27 22 3 2
180 75 27 17 3 3
197 75 27 20 3 4
217 75 27 20 3 4
237 75 27 19 3 3
256 75 27 20 3 2
276 75 27 21 3 4
297 75 27 18 3 3
315 75 27 24 3 3
339 75 20 27 3 3
339 95 7 11 3 4
350 95 7 16 3 3
366 75 27 16 3 3
382 75 27 17 3 4
399 75 27 18 3 3
417 75 27 23 3 3
142 48 13 48 3 3
142 61 14 22 3 3
164 61 14 15 3 4
179 61 14 11 3 4
190 48 27 17 3 2
207 48 27 17 3 3
224 48 27 18 3 2
242 48 17 46 3 2
242 65 10 17 3 2
259 65 10 14 3 4
273 65 10 9 3 4
282 65 6 6 3 2
282 71 4 6 3 2
288 48 21 40 3 3
288 69 6 15 3 3
303 69 6 9 3 2
312 69 6 8 3 2
320 69 6 8 3 4
328 48 27 25 3 2
353 48 27 18 3 3
371 48 27 23 3 2
394 48 23 27 3 2
394 71 4 12 3 2
406 71 4 6 3 3
412 71 4 9 3 3
421 48 14 19 3 3
421 62 13 14 3 2
435 62 13 5 3 3
107 21 27 21 3 4
128 21 27 17 3 4
145 21 27 24 3 2
169 21 22 26 3 3
169 43 5 11 3 4
180 43 5 7 3 3
187 43 5 8 3 4
195 21 27 24 3 3
219 21 27 21 3 3
240 21 27 15 3 4
255 21 20 30 3 4
255 41 7 33 3 3
288 41 7 32 3 4
320 41 7 49 3 4
369 41 7 23 3 4
392 41 7 15 3 2
407 41 7 18 3 2
425 41 7 10 3 1
435 41 7 5 3 2
285 21 20 30 3 4
315 21 20 43 3 4
358 21 20 18 3 4
376 21 20 17 3 3
393 21 20 18 3 3
411 21 20 15 3 1
426 21 20 14 3 2
86 0 21 21 3 3
107 0 21 21 3 3
128 0 21 21 3 1
149 0 21 15 3 4
164 0 21 23 3 4
187 0 21 18 3 3
205 0 21 27 3 3
232 0 21 25 3 3
257 0 21 22 3 2
279 0 21 18 3 3
297 0 21 20 3 2
317 0 21 30 3 3
347 0 21 19 3 4
366 0 21 15 3 3
381 0 21 17 3 3
398 0 21 27 3 4
425 0 21 15 3 2
0 0 14 11 2 2
0 14 10 15 2 3
0 24 13 8 2 3
0 37 19 8 2 3
0 56 16 8 2 4
0 72 18 8 2 4
8 24 12 12 2 4
8 36 7 12 2 3
8 43 18 7 2 4
8 61 16 7 2 4
8 77 13 12 2 3
15 61 8 5 2 4
15 69 8 5 2 3
15 43 9 5 2 2
15 52 9 5 2 3
20 24 14 11 2 2
20 38 12 12 2 4
20 50 12 12 2 4
20 62 20 8 2 3
20 82 8 8 2 2
28 62 2 4 2 3
28 64 6 4 2 3
28 70 9 4 2 4
28 79 4 4 2 1
28 83 7 4 2 3
32 38 13 8 2 4
32 51 14 8 2 2
32 65 16 8 2 1
32 81 9 8 2 4
40 38 18 8 2 4
40 56 13 7 2 4
40 69 21 8 2 3
48 69 15 9 2 5
48 84 6 9 2 3
57 69 12 11 2 3
57 81 9 11 2 3
68 69 12 9 2 2
68 81 9 9 2 4
77 69 12 10 2 3
77 81 9 9 2 4
86 81 9 11 2 4
97 81 9 9 2 3
106 81 9 10 2 3
116 81 9 9 2 3
125 81 9 12 2 2
137 81 9 11 2 1
148 81 9 18 2 3
166 81 9 4 2 2
87 69 12 11 2 2
98 69 7 18 2 3
98 76 5 11 2 3
109 76 5 7 2 2
116 69 8 15 2 4
116 77 4 6 2 4
122 77 4 9 2 3
131 69 12 8 2 3
139 69 12 11 2 3
150 69 12 8 2 3
158 69 12 12 2 3
47 56 13 7 2 3
54 56 13 6 2 3
60 56 13 8 2 5
68 56 13 13 2 3
81 56 13 10 2 3
91 56 13 8 2 4
99 56 13 8 2 4
107 56 9 16 2 4
107 65 4 6 2 4
113 65 4 10 2 1
123 56 13 7 2 3
130 56 13 8 2 1
138 56 9 13 2 4
138 65 4 7 2 3
145 65 4 6 2 4
151 56 13 12 2 3
163 56 13 7 2 3
48 38 18 7 2 3
55 38 14 7 2 3
55 52 4 7 2 3
62 52 4 8 2 3
70 52 4 6 2 3
76 52 4 9 2 5
85 52 4 13 2 4
98 52 4 11 2 4
109 52 4 10 2 4
119 52 4 10 2 4
129 52 4 7 2 3
136 52 4 11 2 2
147 52 4 6 2 2
153 52 4 5 2 3
158 52 4 5 2 3
163 52 4 7 2 2
62 38 14 8 2 4
70 38 14 8 2 4
78 38 14 10 2 3
88 38 14 10 2 2
98 38 14 8 2 2
106 38 14 9 2 3
115 38 14 9 2 2
124 38 14 10 2 3
134 38 14 13 2 3
147 38 14 10 2 2
157 38 14 13 2 4
31 24 14 9 2 3
40 24 14 7 2 3
47 24 7 17 2 1
47 31 7 17 2 3
64 24 14 9 2 3
73 24 10 14 2 4
73 34 4 7 2 3
80 34 4 10 2 3
90 34 4 15 2 5
105 34 4 11 2 2
116 34 4 8 2 2
124 34 4 9 2 3
133 34 4 12 2 3
145 34 4 7 2 3
152 34 4 5 2 4
157 34 4 6 2 1
163 34 4 7 2 3
87 24 10 10 2 2
97 24 10 9 2 4
106 24 6 20 2 4
106 30 4 6 2 4
112 30 4 6 2 3
118 30 4 4 2 4
122 30 4 4 2 4
126 24 10 9 2 3
135 24 10 10 2 5
145 24 10 9 2 2
154 24 10 12 2 4
166 24 5 4 2 3
166 29 5 4 2 3
15 14 10 7 2 4
22 14 10 14 2 3
36 14 10 9 2 4
45 14 10 12 2 3
57 14 10 7 2 2
64 14 10 13 2 2
77 14 10 9 2 2
86 14 10 7 2 2
93 14 10 9 2 4
102 14 10 9 2 3
111 14 10 8 2 2
119 14 10 12 2 3
131 14 10 9 2 1
140 14 10 11 2 5
151 14 10 9 2 4
160 14 10 10 2 3
11 0 14 9 2 3
20 0 14 10 2 3
30 0 14 8 2 4
38 0 14 12 2 3
50 0 14 10 2 3
60 0 14 11 2 4
71 0 14 7 2 3
78 0 14 10 2 3
88 0 14 10 2 4
98 0 14 9 2 3
107 0 14 8 2 2
115 0 14 8 2 3
123 0 14 7 2 4
130 0 14 7 2 4
137 0 14 9 2 3
146 0 14 9 2 2
155 0 14 11 2 4
166 0 7 4 2 4
166 7 7 4 2 2
0 0 41 20 1 3
0 41 11 20 1 3
0 52 34 20 1 3
0 86 42 20 1 1
0 128 29 20 1 4
0 157 15 20 1 3
0 172 39 20 1 3
0 211 27 20 1 4
0 238 39 20 1 2
0 277 13 12 1 2
12 277 13 8 1 3
20 0 38 26 1 3
20 38 31 22 1 3
20 69 43 19 1 2
20 112 34 19 1 3
20 146 40 19 1 2
20 186 21 19 1 2
20 207 13 19 1 4
20 220 32 19 1 4
20 252 38 19 1 4
39 69 13 7 1 3
39 82 15 7 1 4
39 97 16 7 1 2
39 113 7 7 1 4
39 120 12 7 1 3
39 132 18 7 1 2
39 150 12 7 1 2
39 162 17 7 1 3
39 179 12 7 1 4
39 191 19 7 1 3
39 210 6 7 1 2
39 216 14 7 1 3
39 230 12 7 1 2
39 242 10 7 1 4
39 252 4 7 1 4
39 256 21 7 1 3
39 277 13 7 1 2
42 38 3 4 1 3
42 41 7 4 1 4
42 48 5 4 1 4
42 53 4 4 1 4
42 57 6 4 1 3
42 63 6 4 1 2
46 0 34 27 1 4
46 34 41 17 1 3
46 75 37 19 1 3
46 112 32 19 1 2
46 144 31 19 1 5
46 175 21 19 1 4
46 196 17 19 1 4
46 213 23 19 1 2
46 236 40 19 1 2
46 276 14 15 1 3
61 276 8 4 1 4
61 284 6 4 1 4
65 75 37 26 1 2
65 112 35 19 1 2
65 147 27 19 1 3
65 174 31 19 1 3
65 205 31 19 1 3
65 236 54 19 1 1
84 112 9 7 1 2
84 121 19 7 1 2
84 140 4 7 1 4
84 144 9 7 1 4
84 153 10 7 1 2
84 163 8 7 1 3
84 171 19 7 1 3
84 190 7 7 1 2
84 197 10 7 1 4
84 207 10 7 1 2
84 217 10 7 1 3
84 227 7 7 1 4
84 234 8 7 1 4
84 242 15 7 1 2
84 257 7 7 1 3
84 264 18 7 1 3
84 282 8 7 1 2
91 75 25 31 1 2
91 100 39 26 1 2
91 139 34 28 1 4
91 173 42 19 1 2
91 215 41 20 1 2
91 256 30 30 1 2
91 286 4 9 1 4
100 286 4 6 1 2
106 286 4 6 1 2
112 286 4 4 1 2
116 286 4 5 1 4
121 256 30 29 1 3
121 286 4 24 1 2
145 286 4 22 1 5
167 286 4 18 1 3
185 286 4 18 1 2
203 286 4 16 1 3
219 286 4 19 1 3
238 286 4 20 1 2
258 286 4 24 1 3
282 286 4 12 1 5
294 286 4 9 1 4
303 286 4 10 1 2
313 286 4 9 1 3
322 286 4 5 1 2
327 286 4 9 1 3
336 286 4 4 1 4
150 256 30 21 1 2
171 256 30 27 1 2
198 256 30 22 1 3
220 256 30 18 1 5
238 256 30 31 1 2
269 256 30 22 1 2
291 256 30 28 1 4
319 256 13 21 1 3
319 269 17 11 1 4
330 269 12 10 1 3
330 281 5 6 1 2
336 281 5 4 1 3
111 215 41 19 1 3
130 215 36 21 1 3
130 251 5 20 1 1
150 251 5 25 1 4
175 251 5 18 1 1
193 251 5 17 1 4
210 251 5 18 1 3
228 251 5 19 1 2
247 251 5 17 1 4
264 251 5 20 1 4
284 251 5 17 1 4
301 251 5 17 1 4
318 251 5 10 1 2
328 251 5 6 1 4
334 251 5 6 1 2
151 215 36 28 1 3
179 215 36 24 1 4
203 215 36 24 1 3
227 215 23 43 1 3
227 238 13 32 1 4
259 238 13 21 1 3
280 238 13 17 1 4
297 238 13 21 1 2
318 238 13 15 1 3
333 238 13 7 1 2
270 215 23 23 1 2
293 215 23 31 1 2
324 215 23 16 1 1
110 173 42 20 1 3
130 173 33 26 1 3
130 206 9 20 1 4
150 206 9 22 1 4
172 206 9 33 1 2
205 206 9 24 1 3
229 206 9 21 1 4
250 206 9 21 1 3
271 206 9 35 1 2
306 206 9 13 1 2
319 206 9 10 1 3
329 206 9 11 1 4
156 173 33 18 1 3
174 173 23 31 1 4
174 196 10 14 1 3
188 196 10 9 1 4
197 196 10 8 1 3
205 173 24 29 1 3
205 197 9 19 1 2
224 197 9 19 1 3
243 197 9 20 1 4
263 197 9 32 1 3
295 197 9 13 1 4
308 197 9 16 1 2
324 197 9 16 1 1
234 173 24 22 1 3
256 173 24 23 1 2
279 173 24 17 1 4
296 173 24 20 1 3
316 173 24 17 1 2
333 173 15 7 1 3
333 188 9 7 1 3
119 139 34 29 1 3
148 139 34 23 1 4
171 139 34 21 1 3
192 139 34 24 1 4
216 139 34 21 1 3
237 139 34 16 1 5
253 139 34 19 1 4
272 139 34 26 1 3
298 139 34 25 1 3
323 139 21 17 1 4
323 160 13 9 1 3
332 160 7 8 1 3
332 167 6 4 1 3
336 167 6 4 1 4
117 100 39 21 1 3
138 100 39 21 1 2
159 100 39 20 1 3
179 100 27 28 1 4
179 127 12 21 1 4
200 127 12 21 1 2
221 127 12 21 1 4
242 127 12 26 1 4
268 127 12 25 1 5
293 127 12 19 1 3
312 127 12 13 1 3
325 127 12 15 1 4
207 100 16 48 1 3
207 116 11 20 1 3
227 116 11 17 1 2
244 116 11 17 1 2
261 116 11 20 1 3
281 116 11 21 1 2
302 116 11 18 1 2
320 116 11 9 1 1
329 116 11 7 1 2
336 116 6 4 1 3
336 122 5 4 1 4
255 100 16 44 1 3
299 100 16 21 1 3
320 100 16 11 1 4
331 100 4 9 1 2
331 104 6 9 1 2
331 110 6 9 1 4
122 75 25 23 1 2
145 75 25 18 1 4
163 75 25 27 1 4
190 75 25 21 1 3
211 75 25 20 1 2
231 75 25 16 1 3
247 75 25 28 1 2
275 75 25 21 1 2
296 75 25 21 1 4
317 75 25 16 1 3
333 75 19 7 1 4
333 94 6 7 1 4
63 34 41 25 1 4
88 34 23 31 1 3
88 57 18 19 1 3
107 57 18 12 1 3
119 34 41 21 1 4
140 34 23 29 1 3
140 57 18 28 1 3
168 57 18 29 1 3
197 57 18 20 1 4
217 57 18 26 1 4
243 57 18 22 1 3
265 57 18 18 1 2
283 57 18 27 1 1
310 57 18 18 1 3
328 57 13 12 1 2
328 70 5 6 1 3
334 70 5 6 1 3
169 34 23 24 1 4
193 34 23 27 1 3
220 34 23 19 1 3
239 34 18 52 1 3
239 52 5 23 1 2
262 52 5 13 1 3
275 52 5 11 1 4
286 52 5 17 1 4
303 52 5 8 1 4
311 52 5 8 1 4
319 52 5 8 1 2
327 52 5 7 1 4
334 52 5 6 1 2
291 34 18 49 1 5
73 0 29 33 1 4
73 29 5 9 1 4
82 29 5 9 1 1
91 29 5 5 1 3
96 29 5 10 1 3
106 0 34 17 1 4
123 0 34 27 1 3
150 0 34 21 1 3
171 0 22 30 1 3
171 22 12 27 1 3
198 22 12 28 1 4
226 22 12 17 1 1
243 22 12 23 1 1
266 22 12 20 1 1
286 22 12 25 1 3
311 22 12 24 1 2
335 22 12 5 1 3
201 0 22 20 1 2
221 0 22 20 1 2
241 0 22 24 1 3
265 0 22 29 1 2
294 0 22 18 1 4
312 0 22 20 1 3
332 0 13 8 1 4
332 13 9 8 1 4
