600 400 8
5
600 510 4
400 290 3
310 290 2
340 290 1
240 580 0.5
399
0 0 103 145 4 2
0 103 144 98 4 2
0 247 108 140 4 2
0 355 140 105 4 2
0 495 105 116 4 2
116 495 34 29 4 1
116 529 41 29 4 2
116 570 30 29 4 2
105 355 60 40 4 1
105 415 30 40 4 1
105 445 44 40 4 2
105 489 6 15 4 3
120 489 6 9 4 2
129 489 6 12 4 1
141 489 6 4 4 2
140 247 3 5 4 3
140 250 9 5 4 3
140 259 7 5 4 1
140 266 4 5 4 3
140 270 6 5 4 1
140 276 5 5 4 2
140 281 4 5 4 1
140 285 8 5 4 2
140 293 10 5 4 2
140 303 9 5 4 2
140 312 4 5 4 2
140 316 3 5 4 2
140 319 3 5 4 2
140 322 10 5 4 2
140 332 8 5 4 2
140 340 4 5 4 1
140 344 4 5 4 2
140 348 3 5 4 1
140 351 4 5 4 1
98 103 51 47 4 4
98 154 36 47 4 2
98 190 28 47 4 2
98 218 29 28 4 2
126 218 29 19 4 4
145 0 136 107 4 3
145 136 102 148 4 2
145 238 169 86 4 2
145 407 157 96 4 2
145 564 36 72 4 2
217 564 25 24 4 2
217 589 11 12 4 2
229 589 11 12 4 1
241 407 38 52 4 2
241 445 56 52 4 1
241 501 83 52 4 2
241 584 16 22 4 2
263 584 16 20 4 2
283 584 16 10 4 2
231 238 48 62 4 3
231 286 32 62 4 2
231 318 62 62 4 3
231 380 27 34 4 2
265 380 27 22 4 3
287 380 4 6 4 2
287 384 4 6 4 1
287 388 11 6 4 3
287 399 8 6 4 3
293 136 158 81 4 2
293 294 97 157 4 3
293 391 135 110 4 3
293 526 74 70 4 3
363 526 40 40 4 1
363 566 34 40 4 2
403 391 167 85 4 2
403 558 42 51 4 3
454 558 42 34 4 2
488 391 44 22 4 1
488 435 28 22 4 3
488 463 29 22 4 2
488 492 39 22 4 2
488 531 31 22 4 3
488 562 31 22 4 3
488 593 7 10 4 2
498 593 7 12 4 1
450 294 55 60 4 2
450 349 42 39 4 3
489 349 26 21 4 3
489 375 16 15 4 2
504 375 8 6 4 3
504 383 4 6 4 2
504 387 4 6 4 2
374 136 91 136 4 2
374 227 67 74 4 4
448 227 67 62 4 2
252 0 120 124 4 2
252 120 16 46 4 2
298 120 16 43 4 1
341 120 16 39 4 1
380 120 16 55 4 2
435 120 16 38 4 2
473 120 16 23 4 1
496 120 16 14 4 2
376 0 120 92 4 2
468 0 42 42 4 2
468 42 33 42 4 1
468 75 45 42 4 3
0 0 90 58 3 2
0 90 60 58 3 2
0 150 63 58 3 2
0 213 81 58 3 2
0 294 48 58 3 3
0 342 35 58 3 2
0 377 23 26 3 2
26 377 23 32 3 2
58 0 92 57 3 2
58 92 109 57 3 1
58 201 87 57 3 3
58 288 102 57 3 2
58 390 10 19 3 3
77 390 10 15 3 3
92 390 10 12 3 4
104 390 10 11 3 3
115 0 74 77 3 2
115 74 69 77 3 2
115 143 96 58 3 3
115 239 86 58 3 2
115 325 63 58 3 3
115 388 12 24 3 2
139 388 12 16 3 2
155 388 12 18 3 3
173 143 12 19 3 3
173 155 22 19 3 3
173 177 31 19 3 1
173 208 11 19 3 1
173 219 22 19 3 2
173 241 13 19 3 2
173 254 22 19 3 2
173 276 21 19 3 2
173 297 28 19 3 1
173 325 35 19 3 1
173 360 29 19 3 2
173 389 11 13 3 1
186 389 11 6 3 2
192 0 95 52 3 2
192 95 76 52 3 2
192 171 54 52 3 2
192 225 85 52 3 2
192 310 60 52 3 1
192 370 30 29 3 2
221 370 23 23 3 2
221 393 7 17 3 1
238 393 7 6 3 3
244 0 55 46 3 3
244 55 77 46 3 3
244 132 68 46 3 2
244 200 71 46 3 2
244 271 71 46 3 2
244 342 58 38 3 4
282 342 5 8 3 2
282 347 12 8 3 2
282 359 10 8 3 2
282 369 14 8 3 2
282 383 11 8 3 2
282 394 6 8 3 3
0 0 74 61 2 2
0 74 54 80 2 2
0 128 42 80 2 1
0 170 58 73 2 3
0 228 51 80 2 3
0 279 31 60 2 2
60 279 11 20 2 3
60 290 20 16 2 2
76 290 5 4 2 1
76 295 8 4 2 2
76 303 7 4 2 4
73 170 4 7 2 2
73 174 5 7 2 2
73 179 13 7 2 1
73 192 14 7 2 3
73 206 11 7 2 2
73 217 11 7 2 2
80 74 71 59 2 2
80 145 77 56 2 1
80 222 88 48 2 3
128 222 5 8 2 2
128 227 5 8 2 1
128 232 5 8 2 1
128 237 5 8 2 2
128 242 15 8 2 2
128 257 12 8 2 1
128 269 13 8 2 2
128 282 15 8 2 2
128 297 13 8 2 3
136 145 63 69 2 2
136 208 84 50 2 2
136 292 18 30 2 2
166 292 18 19 2 1
185 292 18 15 2 2
200 292 6 5 2 2
200 298 6 5 2 3
200 304 6 5 2 1
186 208 16 19 2 2
186 224 10 19 2 2
186 234 17 19 2 2
186 251 11 19 2 3
186 262 20 19 2 2
186 282 10 10 2 2
196 282 5 9 2 2
196 287 5 9 2 2
205 145 70 60 2 2
205 215 84 50 2 3
205 299 11 28 2 1
233 299 11 22 2 3
255 215 43 35 2 2
255 258 52 31 2 3
286 258 5 4 2 3
286 263 2 4 2 2
286 265 8 4 2 2
286 273 5 4 2 2
286 278 7 4 2 2
286 285 3 4 2 4
286 288 6 4 2 2
286 294 2 4 2 3
286 296 7 4 2 3
286 303 7 4 2 3
265 145 37 25 2 1
265 182 33 25 2 3
139 74 71 49 2 2
188 74 71 61 2 2
249 74 63 41 2 3
249 137 8 13 2 2
262 137 8 16 2 2
278 137 8 7 2 2
285 137 8 5 2 3
61 0 74 49 2 2
110 0 63 58 2 2
110 63 11 48 2 2
158 63 11 31 2 1
189 63 11 30 2 2
219 63 11 20 2 4
239 63 11 29 2 2
268 63 11 14 2 3
282 63 11 8 2 2
168 0 63 47 2 2
215 0 63 54 2 2
269 0 11 21 2 2
269 11 16 21 2 2
269 27 36 21 2 2
0 0 51 96 1 3
0 51 98 49 1 2
0 149 76 64 1 2
0 225 92 52 1 3
0 317 23 46 1 2
46 317 10 6 1 2
46 327 13 6 1 2
52 225 24 12 1 3
52 249 16 12 1 2
52 265 19 12 1 3
52 284 6 12 1 1
52 290 22 12 1 3
52 312 15 12 1 2
52 327 13 12 1 2
64 149 44 32 1 2
64 193 22 32 1 1
64 215 25 32 1 2
64 240 59 32 1 2
64 299 30 32 1 2
64 329 11 16 1 2
80 329 11 9 1 1
89 329 11 7 1 2
49 51 58 47 1 3
49 109 31 47 1 1
49 140 9 18 1 2
67 140 9 19 1 2
86 140 9 10 1 2
96 0 85 58 1 1
96 85 55 82 1 2
96 140 92 54 1 2
96 232 86 54 1 2
96 318 22 41 1 1
137 318 7 13 1 2
137 325 15 13 1 2
150 140 54 28 1 2
150 194 52 28 1 1
150 246 34 28 1 4
150 280 45 28 1 1
150 325 15 28 1 2
178 85 64 67 1 4
178 149 58 67 1 1
178 207 36 67 1 2
178 243 80 61 1 3
178 323 17 28 1 3
206 323 17 21 1 2
227 323 11 12 1 1
227 334 6 8 1 1
235 334 6 4 1 3
239 243 4 6 1 3
239 247 8 6 1 2
239 255 4 6 1 3
239 259 10 6 1 1
239 269 11 6 1 2
239 280 11 6 1 2
239 291 8 6 1 2
239 299 8 6 1 2
239 307 11 6 1 3
239 318 4 6 1 1
239 322 8 6 1 2
239 330 4 6 1 2
239 334 6 6 1 1
245 85 58 45 1 2
245 143 58 45 1 2
245 201 44 45 1 2
245 245 39 45 1 4
245 284 56 40 1 2
285 284 7 5 1 1
285 291 7 5 1 1
285 298 8 5 1 1
285 306 5 5 1 2
285 311 9 5 1 2
285 320 9 5 1 2
285 329 11 5 1 1
154 0 85 56 1 3
210 0 62 74 1 3
210 62 23 40 1 2
250 62 23 23 1 2
273 62 15 17 1 1
273 77 8 17 1 3
284 0 8 6 1 1
284 8 10 6 1 1
284 18 5 6 1 3
284 23 9 6 1 3
284 32 7 6 1 4
284 39 11 6 1 2
284 50 7 6 1 2
284 57 5 6 1 2
0 0 92 72 0 3
0 92 107 65 0 3
0 199 41 54 0 3
54 199 17 11 0 2
54 216 15 11 0 2
54 231 9 11 0 2
65 92 9 7 0 3
65 101 6 7 0 2
65 107 14 7 0 2
65 121 7 7 0 1
65 128 4 7 0 2
65 132 7 7 0 3
65 139 9 7 0 2
65 148 12 7 0 4
65 160 6 7 0 2
65 166 13 7 0 2
65 179 8 7 0 2
65 187 5 7 0 2
65 192 4 7 0 2
65 196 6 7 0 1
65 202 10 7 0 2
65 212 11 7 0 2
65 223 5 7 0 3
65 228 12 7 0 2
72 0 117 59 0 3
72 117 73 85 0 1
72 190 50 83 0 2
155 190 50 79 0 2
234 190 50 87 0 2
321 190 50 62 0 2
383 190 50 98 0 2
481 190 50 57 0 2
538 190 34 42 0 1
538 224 16 36 0 2
574 224 6 6 0 1
574 230 10 6 0 2
157 117 73 80 0 2
237 117 73 58 0 1
295 117 73 71 0 2
366 117 73 86 0 3
452 117 73 79 0 1
531 117 56 49 0 4
531 173 17 24 0 3
555 173 17 25 0 2
131 0 117 59 0 3
190 0 97 69 0 2
190 97 20 58 0 1
248 97 20 67 0 1
315 97 20 64 0 1
379 97 20 57 0 1
436 97 20 40 0 2
476 97 20 51 0 2
527 97 20 25 0 2
552 97 20 24 0 1
576 97 5 4 0 3
576 102 6 4 0 2
576 108 3 4 0 2
576 111 6 4 0 2
259 0 97 60 0 2
319 0 74 78 0 3
319 74 23 33 0 3
352 74 23 23 0 1
375 74 23 22 0 3
397 0 97 64 0 2
461 0 97 62 0 2
523 0 80 57 0 1
523 80 17 27 0 1
550 80 17 16 0 4
566 80 17 14 0 2
