400 500 15
7
1500 290 4
400 540 3.5
400 190 3
300 345 2
100 160 1.5
100 270 1
100 360 0.5
2418
0 0 45 121 4 1
0 45 63 81 4 2
0 108 52 73 4 1
0 160 80 46 4 1
0 240 78 70 4 1
0 318 96 50 4 2
0 414 83 53 4 1
0 497 15 70 4 2
0 512 86 43 4 1
0 598 83 49 4 2
0 681 14 70 4 1
0 695 59 63 4 2
0 754 46 63 4 3
0 800 16 63 4 1
0 816 43 63 4 1
0 859 61 63 4 1
0 920 61 58 4 2
0 981 19 63 4 1
0 1000 63 63 4 1
0 1063 82 59 4 2
0 1145 94 59 4 2
0 1239 83 45 4 2
0 1322 84 59 4 4
0 1406 18 59 4 1
0 1424 45 59 4 1
0 1469 31 51 4 1
51 1469 3 8 4 1
51 1472 13 8 4 2
51 1485 10 8 4 1
51 1495 5 8 4 3
45 1239 18 14 4 2
45 1257 4 14 4 1
45 1261 28 14 4 3
45 1289 28 14 4 2
45 1317 5 6 4 1
51 1317 5 8 4 3
59 1063 1 4 4 2
59 1064 1 4 4 2
59 1065 1 4 4 1
59 1066 1 4 4 2
59 1067 1 4 4 2
59 1068 7 4 4 2
59 1075 6 4 4 2
59 1081 2 4 4 1
59 1083 6 4 4 2
59 1089 1 4 4 1
59 1090 3 4 4 1
59 1093 8 4 4 2
59 1101 5 4 4 1
59 1106 6 4 4 1
59 1112 1 4 4 2
59 1113 4 4 4 1
59 1117 1 4 4 2
59 1118 6 4 4 2
59 1124 2 4 4 2
59 1126 8 4 4 2
59 1134 1 4 4 3
59 1135 4 4 4 1
59 1139 7 4 4 2
59 1146 8 4 4 3
59 1154 5 4 4 2
59 1159 6 4 4 2
59 1165 5 4 4 2
59 1170 7 4 4 3
59 1177 2 4 4 1
59 1179 6 4 4 2
59 1185 8 4 4 2
59 1193 1 4 4 1
59 1194 7 4 4 2
59 1201 8 4 4 1
59 1209 7 4 4 2
59 1216 2 4 4 1
59 1218 7 4 4 2
59 1225 6 4 4 2
59 1231 1 4 4 1
59 1232 5 4 4 3
59 1237 5 4 4 1
59 1242 1 4 4 2
59 1243 1 4 4 1
59 1244 8 4 4 1
59 1252 1 4 4 2
59 1253 1 4 4 1
59 1254 6 4 4 1
59 1260 5 4 4 1
59 1265 2 4 4 1
59 1267 5 4 4 1
59 1272 3 4 4 2
59 1275 1 4 4 2
59 1276 8 4 4 2
59 1284 4 4 4 1
59 1288 2 4 4 2
59 1290 1 4 4 2
59 1291 7 4 4 1
59 1298 7 4 4 2
59 1305 5 4 4 2
59 1310 2 4 4 1
59 1312 8 4 4 2
59 1320 2 4 4 1
59 1322 8 4 4 1
59 1330 3 4 4 2
59 1333 2 4 4 2
59 1335 3 4 4 2
59 1338 6 4 4 1
59 1344 2 4 4 2
59 1346 6 4 4 1
59 1352 8 4 4 1
59 1360 3 4 4 2
59 1363 5 4 4 2
59 1368 2 4 4 2
59 1370 2 4 4 1
59 1372 8 4 4 2
59 1380 6 4 4 1
59 1386 7 4 4 2
59 1393 1 4 4 2
59 1394 6 4 4 2
59 1400 1 4 4 1
59 1401 2 4 4 1
59 1403 8 4 4 2
59 1411 8 4 4 2
59 1419 1 4 4 2
59 1420 5 4 4 1
59 1425 1 4 4 2
59 1426 7 4 4 1
59 1433 1 4 4 1
59 1434 8 4 4 1
59 1442 6 4 4 1
59 1448 1 4 4 1
59 1449 7 4 4 2
59 1456 2 4 4 1
59 1458 7 4 4 1
59 1465 2 4 4 1
59 1467 5 4 4 3
59 1472 8 4 4 1
59 1480 1 4 4 1
59 1481 5 4 4 2
59 1486 7 4 4 3
59 1493 7 4 4 1
58 920 6 5 4 3
58 926 1 5 4 2
58 927 9 5 4 3
58 936 10 5 4 3
58 946 2 5 4 2
58 948 1 5 4 1
58 949 5 5 4 1
58 954 1 5 4 1
58 955 1 5 4 1
58 956 8 5 4 1
58 964 4 5 4 2
58 968 4 5 4 2
58 972 9 5 4 2
63 695 14 7 4 2
63 709 9 7 4 1
63 718 5 7 4 1
63 723 10 7 4 2
63 733 5 7 4 2
63 738 6 7 4 1
63 744 13 7 4 2
63 757 13 7 4 1
63 770 1 7 4 1
63 771 13 7 4 1
63 784 10 7 4 1
63 794 2 7 4 1
63 796 12 7 4 1
63 808 3 7 4 1
63 811 5 7 4 2
63 816 13 7 4 2
63 829 9 7 4 2
63 838 11 7 4 1
63 849 6 7 4 2
63 855 13 7 4 1
63 868 3 7 4 1
63 871 14 7 4 2
63 885 7 7 4 1
63 892 1 7 4 1
63 893 7 7 4 3
63 900 14 7 4 2
63 914 9 7 4 2
63 923 2 7 4 2
63 925 14 7 4 1
63 939 4 7 4 1
63 943 12 7 4 2
63 955 4 7 4 1
63 959 13 7 4 1
63 972 12 7 4 2
63 984 8 7 4 1
63 992 8 7 4 1
63 1000 10 7 4 1
63 1010 11 7 4 2
63 1021 14 7 4 3
63 1035 6 7 4 1
63 1041 2 7 4 2
63 1043 6 7 4 1
63 1049 6 7 4 2
63 1055 14 7 4 2
63 1069 12 7 4 1
63 1081 2 7 4 1
63 1083 9 7 4 2
63 1092 12 7 4 1
63 1104 13 7 4 2
63 1117 12 7 4 1
63 1129 3 7 4 2
63 1132 9 7 4 1
63 1141 14 7 4 2
63 1155 14 7 4 2
63 1169 7 7 4 1
63 1176 12 7 4 2
63 1188 13 7 4 1
63 1201 14 7 4 1
63 1215 13 7 4 1
63 1228 8 7 4 2
63 1236 8 7 4 1
63 1244 7 7 4 1
63 1251 10 7 4 1
63 1261 3 7 4 3
63 1264 14 7 4 2
63 1278 7 7 4 2
63 1285 13 7 4 1
63 1298 12 7 4 1
63 1310 8 7 4 1
63 1318 8 7 4 2
63 1326 11 7 4 2
63 1337 8 7 4 2
63 1345 2 7 4 2
63 1347 6 7 4 2
63 1353 2 7 4 1
63 1355 11 7 4 2
63 1366 12 7 4 3
63 1378 2 7 4 2
63 1380 14 7 4 1
63 1394 13 7 4 1
63 1407 4 7 4 2
63 1411 14 7 4 2
63 1425 3 7 4 1
63 1428 2 7 4 1
63 1430 14 7 4 2
63 1444 14 7 4 1
63 1458 9 7 4 2
63 1467 1 7 4 3
63 1468 14 7 4 1
63 1482 4 7 4 1
63 1486 8 7 4 2
63 1494 6 7 4 1
49 598 14 21 4 2
49 612 20 21 4 2
49 632 17 21 4 2
49 649 32 21 4 1
43 512 5 27 4 1
43 517 44 27 4 2
43 561 37 22 4 1
65 561 4 5 4 2
65 565 4 5 4 1
65 569 8 5 4 1
65 577 10 5 4 1
65 587 4 5 4 1
65 591 7 5 4 2
53 414 11 17 4 2
53 425 3 17 4 1
53 428 33 17 4 3
53 461 36 17 4 1
50 318 18 20 4 2
50 336 13 20 4 2
50 349 40 20 4 3
50 389 5 20 4 1
50 394 10 20 4 3
50 404 10 13 4 1
63 404 10 7 4 2
70 240 16 11 4 1
70 256 3 11 4 2
70 259 3 11 4 1
70 262 3 11 4 4
70 265 12 11 4 1
70 277 22 11 4 2
70 299 18 11 4 2
70 317 16 11 4 1
70 333 7 11 4 1
70 340 13 11 4 2
70 353 10 11 4 1
70 363 20 11 4 1
70 383 9 11 4 1
70 392 2 11 4 1
70 394 18 11 4 1
70 412 8 11 4 2
70 420 17 11 4 1
70 437 18 11 4 1
70 455 6 11 4 1
70 461 22 11 4 2
70 483 13 11 4 2
70 496 8 11 4 1
70 504 14 11 4 3
70 518 12 11 4 1
70 530 18 11 4 2
70 548 17 11 4 2
70 565 16 11 4 2
70 581 6 11 4 2
70 587 4 11 4 2
70 591 18 11 4 1
70 609 10 11 4 2
70 619 11 11 4 1
70 630 20 11 4 1
70 650 4 11 4 2
70 654 7 11 4 2
70 661 21 11 4 2
70 682 16 11 4 1
70 698 8 11 4 1
70 706 10 11 4 1
70 716 6 11 4 1
70 722 3 11 4 1
70 725 15 11 4 1
70 740 20 11 4 4
70 760 2 11 4 2
70 762 2 11 4 1
70 764 13 11 4 1
70 777 3 11 4 1
70 780 7 11 4 2
70 787 18 11 4 1
70 805 22 11 4 1
70 827 4 11 4 2
70 831 19 11 4 1
70 850 6 11 4 1
70 856 22 11 4 1
70 878 8 11 4 2
70 886 3 11 4 1
70 889 22 11 4 1
70 911 16 11 4 1
70 927 19 11 4 2
70 946 6 11 4 2
70 952 17 11 4 1
70 969 10 11 4 2
70 979 22 11 4 3
70 1001 6 11 4 1
70 1007 5 11 4 2
70 1012 11 11 4 1
70 1023 18 11 4 2
70 1041 2 11 4 2
70 1043 14 11 4 2
70 1057 19 11 4 1
70 1076 6 11 4 1
70 1082 22 11 4 2
70 1104 8 11 4 1
70 1112 15 11 4 2
70 1127 3 11 4 3
70 1130 21 11 4 2
70 1151 21 11 4 2
70 1172 22 11 4 2
70 1194 16 11 4 1
70 1210 9 11 4 2
70 1219 4 11 4 2
70 1223 22 11 4 2
70 1245 9 11 4 1
70 1254 4 11 4 2
70 1258 8 11 4 2
70 1266 21 11 4 2
70 1287 13 11 4 1
70 1300 18 11 4 2
70 1318 22 11 4 2
70 1340 21 11 4 3
70 1361 17 11 4 1
70 1378 8 11 4 1
70 1386 2 11 4 2
70 1388 3 11 4 2
70 1391 4 11 4 1
70 1395 15 11 4 2
70 1410 16 11 4 2
70 1426 17 11 4 1
70 1443 5 11 4 2
70 1448 21 11 4 1
70 1469 2 11 4 1
70 1471 15 11 4 1
70 1486 14 11 4 1
46 160 16 35 4 1
46 176 14 35 4 1
46 190 15 35 4 2
46 205 35 25 4 2
71 205 19 10 4 3
71 224 5 10 4 2
71 229 11 10 4 1
73 108 4 8 4 1
73 112 15 8 4 1
73 127 4 8 4 2
73 131 2 8 4 2
73 133 14 8 4 1
73 147 3 8 4 1
73 150 10 8 4 2
81 45 54 40 4 1
81 99 9 40 4 1
81 108 8 40 4 2
81 116 29 40 4 2
81 145 20 40 4 2
81 165 24 40 4 2
81 189 78 40 4 1
81 267 13 40 4 2
81 280 69 40 4 1
81 349 9 40 4 1
81 358 57 40 4 2
81 415 79 40 4 2
81 494 54 40 4 1
81 548 40 40 4 2
81 588 63 40 4 2
81 651 73 40 4 2
81 724 12 40 4 2
81 736 12 40 4 1
81 748 56 40 4 1
81 804 56 40 4 2
81 860 80 40 4 2
81 940 67 40 4 1
81 1007 13 40 4 2
81 1020 80 40 4 1
81 1100 14 40 4 2
81 1114 79 40 4 1
81 1193 10 40 4 1
81 1203 18 40 4 2
81 1221 65 40 4 3
81 1286 72 40 4 2
81 1358 34 40 4 2
81 1392 64 40 4 2
81 1456 44 31 4 2
112 1456 8 9 4 2
112 1464 2 9 4 1
112 1466 2 9 4 2
112 1468 14 9 4 1
112 1482 18 9 4 2
121 0 65 55 4 1
121 65 76 71 4 1
121 141 76 49 4 1
121 217 11 49 4 2
121 228 80 49 4 2
121 308 48 49 4 2
121 356 36 49 4 2
121 392 16 49 4 1
121 408 87 49 4 1
121 495 95 49 4 2
121 590 86 43 4 3
121 676 95 49 4 1
121 771 89 49 4 3
121 860 10 49 4 2
121 870 95 49 4 1
121 965 55 49 4 2
121 1020 24 49 4 1
121 1044 42 49 4 3
121 1086 81 49 4 1
121 1167 85 43 4 1
121 1252 32 49 4 2
121 1284 66 49 4 1
121 1350 87 45 4 2
121 1437 16 49 4 2
121 1453 34 49 4 2
121 1487 13 27 4 1
148 1487 13 12 4 3
160 1487 13 10 4 1
166 1350 7 4 4 2
166 1357 1 4 4 1
166 1358 4 4 4 1
166 1362 5 4 4 2
166 1367 6 4 4 1
166 1373 3 4 4 1
166 1376 2 4 4 2
166 1378 8 4 4 2
166 1386 8 4 4 3
166 1394 6 4 4 2
166 1400 1 4 4 1
166 1401 1 4 4 2
166 1402 7 4 4 2
166 1409 7 4 4 1
166 1416 7 4 4 1
166 1423 7 4 4 2
166 1430 1 4 4 1
166 1431 6 4 4 2
164 1167 6 6 4 1
164 1173 11 6 4 1
164 1184 6 6 4 1
164 1190 6 6 4 3
164 1196 11 6 4 1
164 1207 7 6 4 2
164 1214 7 6 4 2
164 1221 5 6 4 3
164 1226 9 6 4 1
164 1235 4 6 4 2
164 1239 2 6 4 2
164 1241 1 6 4 3
164 1242 4 6 4 2
164 1246 6 6 4 2
164 590 12 6 4 2
164 602 2 6 4 3
164 604 12 6 4 2
164 616 8 6 4 1
164 624 4 6 4 2
164 628 3 6 4 2
164 631 9 6 4 1
164 640 1 6 4 1
164 641 12 6 4 1
164 653 3 6 4 1
164 656 8 6 4 2
164 664 12 6 4 2
170 141 86 44 4 2
170 227 17 44 4 2
170 244 12 44 4 1
170 256 76 44 4 2
170 332 87 44 4 2
170 419 15 44 4 2
170 434 13 44 4 1
170 447 16 44 4 2
170 463 36 44 4 1
170 499 10 44 4 2
170 509 26 44 4 2
170 535 88 44 4 2
170 623 84 44 4 1
170 707 51 44 4 1
170 758 73 44 4 1
170 831 33 44 4 3
170 864 12 44 4 1
170 876 66 44 4 1
170 942 84 44 4 1
170 1026 10 44 4 2
170 1036 18 44 4 2
170 1054 13 44 4 1
170 1067 87 44 4 1
170 1154 64 44 4 1
170 1218 11 44 4 1
170 1229 23 44 4 1
170 1252 68 44 4 1
170 1320 46 44 4 1
170 1366 88 44 4 2
170 1454 46 33 4 2
203 1454 4 11 4 1
203 1458 16 11 4 1
203 1474 8 11 4 1
203 1482 18 11 4 3
214 141 59 76 4 2
214 200 82 52 4 2
214 282 81 52 4 2
214 363 75 52 4 2
214 438 86 44 4 1
214 524 70 44 4 1
214 594 9 44 4 1
214 603 28 44 4 2
214 631 88 44 4 2
214 719 46 44 4 2
214 765 85 44 4 1
214 850 73 44 4 1
214 923 86 44 4 1
214 1009 41 44 4 1
214 1050 70 44 4 1
214 1120 81 44 4 2
214 1201 9 44 4 1
214 1210 36 44 4 2
214 1246 26 44 4 2
214 1272 86 44 4 1
214 1358 22 44 4 2
214 1380 67 44 4 1
214 1447 53 36 4 1
250 1447 13 8 4 3
250 1460 13 8 4 2
250 1473 12 8 4 2
250 1485 15 8 4 1
258 438 15 8 4 2
258 453 14 8 4 2
258 467 8 8 4 2
258 475 2 8 4 2
258 477 14 8 4 2
258 491 4 8 4 1
258 495 6 8 4 2
258 501 2 8 4 1
258 503 2 8 4 1
258 505 12 8 4 2
258 517 15 8 4 1
258 532 4 8 4 1
258 536 14 8 4 1
258 550 11 8 4 2
258 561 9 8 4 2
258 570 15 8 4 3
258 585 16 8 4 1
258 601 9 8 4 2
258 610 3 8 4 2
258 613 3 8 4 2
258 616 5 8 4 3
258 621 15 8 4 2
258 636 14 8 4 1
258 650 13 8 4 1
258 663 4 8 4 1
258 667 5 8 4 2
258 672 4 8 4 3
258 676 2 8 4 2
258 678 12 8 4 1
258 690 10 8 4 2
258 700 9 8 4 1
258 709 3 8 4 1
258 712 16 8 4 1
258 728 2 8 4 2
258 730 14 8 4 1
258 744 11 8 4 2
258 755 14 8 4 2
258 769 3 8 4 2
258 772 8 8 4 1
258 780 3 8 4 2
258 783 4 8 4 1
258 787 5 8 4 3
258 792 16 8 4 1
258 808 3 8 4 2
258 811 10 8 4 2
258 821 11 8 4 1
258 832 16 8 4 2
258 848 10 8 4 1
258 858 16 8 4 1
258 874 16 8 4 1
258 890 12 8 4 1
258 902 2 8 4 3
258 904 15 8 4 1
258 919 9 8 4 2
258 928 15 8 4 2
258 943 16 8 4 1
258 959 16 8 4 1
258 975 13 8 4 2
258 988 14 8 4 2
258 1002 7 8 4 2
258 1009 3 8 4 2
258 1012 3 8 4 2
258 1015 16 8 4 1
258 1031 16 8 4 1
258 1047 4 8 4 1
258 1051 11 8 4 2
258 1062 15 8 4 2
258 1077 6 8 4 1
258 1083 6 8 4 1
258 1089 2 8 4 3
258 1091 2 8 4 2
258 1093 10 8 4 1
258 1103 14 8 4 2
258 1117 4 8 4 2
258 1121 14 8 4 1
258 1135 2 8 4 3
258 1137 9 8 4 1
258 1146 14 8 4 2
258 1160 16 8 4 2
258 1176 3 8 4 2
258 1179 6 8 4 1
258 1185 8 8 4 1
258 1193 6 8 4 1
258 1199 10 8 4 2
258 1209 2 8 4 1
258 1211 13 8 4 2
258 1224 14 8 4 2
258 1238 2 8 4 1
258 1240 11 8 4 1
258 1251 2 8 4 2
258 1253 6 8 4 3
258 1259 10 8 4 2
258 1269 6 8 4 1
258 1275 2 8 4 2
258 1277 4 8 4 1
258 1281 11 8 4 3
258 1292 6 8 4 3
258 1298 2 8 4 2
258 1300 7 8 4 3
258 1307 16 8 4 2
258 1323 6 8 4 1
258 1329 7 8 4 2
258 1336 14 8 4 3
258 1350 6 8 4 2
258 1356 16 8 4 3
258 1372 2 8 4 1
258 1374 3 8 4 1
258 1377 7 8 4 1
258 1384 3 8 4 1
258 1387 13 8 4 2
258 1400 9 8 4 1
258 1409 13 8 4 2
258 1422 16 8 4 2
258 1438 16 8 4 1
258 1454 6 8 4 1
258 1460 5 8 4 2
258 1465 4 8 4 1
258 1469 2 8 4 1
258 1471 14 8 4 2
258 1485 3 8 4 1
258 1488 12 8 4 3
266 200 12 24 4 2
266 212 11 24 4 1
266 223 18 24 4 1
266 241 19 24 4 2
266 260 5 24 4 2
266 265 27 24 4 1
266 292 15 24 4 2
266 307 8 24 4 3
266 315 17 24 4 2
266 332 34 24 4 2
266 366 42 24 4 1
266 408 48 24 4 2
266 456 31 24 4 1
266 487 5 24 4 2
266 492 31 24 4 2
266 523 6 24 4 3
266 529 33 24 4 1
266 562 11 24 4 2
266 573 26 24 4 1
266 599 35 24 4 3
266 634 7 24 4 3
266 641 5 24 4 1
266 646 5 24 4 2
266 651 26 24 4 2
266 677 30 24 4 1
266 707 39 24 4 2
266 746 11 24 4 2
266 757 7 24 4 3
266 764 8 24 4 1
266 772 32 24 4 2
266 804 29 24 4 1
266 833 18 24 4 3
266 851 6 24 4 1
266 857 17 24 4 1
266 874 36 24 4 1
266 910 12 24 4 2
266 922 12 24 4 1
266 934 6 24 4 2
266 940 22 24 4 2
266 962 6 24 4 1
266 968 5 24 4 2
266 973 26 24 4 2
266 999 46 24 4 2
266 1045 8 24 4 1
266 1053 42 24 4 2
266 1095 12 24 4 1
266 1107 48 24 4 2
266 1155 10 24 4 1
266 1165 45 24 4 1
266 1210 5 24 4 1
266 1215 40 24 4 1
266 1255 48 24 4 1
266 1303 12 24 4 2
266 1315 30 24 4 2
266 1345 48 24 4 1
266 1393 5 24 4 1
266 1398 28 24 4 3
266 1426 43 24 4 1
266 1469 31 19 4 2
285 1469 4 5 4 2
285 1473 1 5 4 1
285 1474 10 5 4 1
285 1484 2 5 4 3
285 1486 8 5 4 3
285 1494 6 5 4 1
192 65 30 98 4 1
192 95 46 69 4 2
261 95 21 29 4 1
261 116 25 24 4 1
285 116 9 5 4 2
285 125 9 5 4 1
285 134 7 5 4 2
176 0 65 51 4 1
227 0 35 63 4 2
227 35 30 57 4 2
284 35 11 6 4 1
284 46 12 6 4 1
284 58 1 6 4 3
284 59 6 6 4 2
0 0 64 40 3 1
0 64 65 38 3 1
0 129 31 67 3 1
0 160 55 43 3 1
0 215 69 37 3 2
0 284 67 37 3 2
0 351 10 37 3 3
0 361 33 37 3 2
0 394 6 11 3 1
11 394 6 9 3 2
20 394 6 17 3 2
37 215 1 6 3 1
37 216 3 6 3 1
37 219 11 6 3 1
37 230 12 6 3 1
37 242 1 6 3 1
37 243 6 6 3 2
37 249 8 6 3 2
37 257 5 6 3 2
37 262 2 6 3 2
37 264 11 6 3 1
37 275 10 6 3 1
37 285 8 6 3 3
37 293 1 6 3 2
37 294 10 6 3 4
37 304 8 6 3 1
37 312 1 6 3 3
37 313 2 6 3 2
37 315 3 6 3 1
37 318 10 6 3 1
37 328 2 6 3 1
37 330 3 6 3 1
37 333 6 6 3 1
37 339 1 6 3 2
37 340 12 6 3 2
37 352 12 6 3 2
37 364 11 6 3 1
37 375 3 6 3 1
37 378 2 6 3 2
37 380 7 6 3 1
37 387 13 6 3 2
43 160 45 24 3 1
43 205 48 24 3 2
43 253 7 24 3 1
43 260 17 24 3 2
43 277 21 24 3 1
43 298 18 24 3 1
43 316 20 24 3 1
43 336 40 24 3 2
43 376 24 18 3 2
61 376 12 6 3 1
61 388 3 6 3 1
61 391 9 6 3 2
67 129 72 37 3 2
67 201 49 49 3 1
67 250 66 34 3 2
67 316 46 39 3 2
67 362 9 39 3 2
67 371 8 39 3 1
67 379 9 39 3 1
67 388 12 15 3 2
82 388 6 24 3 4
82 394 6 10 3 2
92 394 6 9 3 2
101 394 2 5 3 1
101 396 4 5 3 1
106 316 23 114 3 1
106 339 56 34 3 1
106 395 5 63 3 2
169 395 5 30 3 2
199 395 5 42 3 1
241 395 5 31 3 1
272 395 5 39 3 2
311 395 5 38 3 1
349 395 5 56 3 3
405 395 5 19 3 1
424 395 5 20 3 2
444 395 5 15 3 2
459 395 5 28 3 1
487 395 5 21 3 1
508 395 5 11 3 2
519 395 5 9 3 2
528 395 5 6 3 1
534 395 5 6 3 1
140 339 56 31 3 1
171 339 20 88 3 1
171 359 36 40 3 2
211 359 36 48 3 1
259 339 56 34 3 2
293 339 37 51 3 2
293 376 19 54 3 2
347 376 19 35 3 1
382 376 19 31 3 2
413 376 19 41 3 2
454 376 19 65 3 1
519 376 19 21 3 1
344 339 30 60 3 2
344 369 7 59 3 2
403 369 7 66 3 1
469 369 7 34 3 2
503 369 7 11 3 2
514 369 7 14 3 1
528 369 7 7 3 1
535 369 7 5 3 3
404 339 24 109 3 2
404 363 6 62 3 1
466 363 6 16 3 4
482 363 6 13 3 2
495 363 6 37 3 2
532 363 2 8 3 1
532 365 4 8 3 2
513 339 8 27 3 3
513 347 9 27 3 3
513 356 7 10 3 1
523 356 7 8 3 2
531 356 7 9 3 1
220 316 23 35 3 2
255 316 23 42 3 2
297 316 23 75 3 1
372 316 23 37 3 1
409 316 23 43 3 2
452 316 23 35 3 2
487 316 23 25 3 1
512 316 13 28 3 2
512 329 10 12 3 1
524 329 5 16 3 2
524 334 5 8 3 2
532 334 5 8 3 3
101 250 66 37 3 1
138 250 20 99 3 2
138 270 33 67 3 2
138 303 13 33 3 2
171 303 13 30 3 1
201 303 8 36 3 2
201 311 5 9 3 1
210 311 5 16 3 1
226 311 5 7 3 1
233 311 5 4 3 1
205 270 11 32 3 2
205 281 22 19 3 2
224 281 15 13 3 2
224 296 7 8 3 2
232 296 7 5 3 1
237 250 66 37 3 2
274 250 50 47 3 1
274 300 16 72 3 2
346 300 16 55 3 1
401 300 16 48 3 3
449 300 16 31 3 2
480 300 16 26 3 2
506 300 16 16 3 1
522 300 4 18 3 3
522 304 12 11 3 2
533 304 12 7 3 1
321 250 50 44 3 1
365 250 50 32 3 1
397 250 50 55 3 1
452 250 19 88 3 1
452 269 31 31 3 1
483 269 31 30 3 1
513 269 6 27 3 2
513 275 25 27 3 1
116 201 35 52 3 1
116 236 14 44 3 2
160 236 14 56 3 2
216 236 14 44 3 2
260 236 14 42 3 1
302 236 14 37 3 2
339 236 14 69 3 1
408 236 14 34 3 1
442 236 14 68 3 1
510 236 14 16 3 2
526 236 4 14 3 1
526 240 10 9 3 4
535 240 3 5 3 2
535 243 7 5 3 3
168 201 35 37 3 3
205 201 35 35 3 2
240 201 35 56 3 2
296 201 35 36 3 1
332 201 20 99 3 1
332 221 15 28 3 3
360 221 15 24 3 2
384 221 9 47 3 2
384 230 6 15 3 1
399 230 6 17 3 2
416 230 6 15 3 1
431 201 35 59 3 2
490 201 20 50 3 3
490 221 15 35 3 3
525 221 3 15 3 1
525 224 4 15 3 2
525 228 8 10 3 1
535 228 8 5 3 1
104 129 62 31 3 2
104 191 10 41 3 2
145 191 10 41 3 2
186 191 10 35 3 1
221 191 10 50 3 2
271 191 10 40 3 2
311 191 10 59 3 1
370 191 10 30 3 2
400 191 10 39 3 2
439 191 10 23 3 1
462 191 10 31 3 1
493 191 10 22 3 2
515 191 10 25 3 1
135 129 38 50 3 1
135 167 24 35 3 1
170 167 24 64 3 1
234 167 24 58 3 1
292 167 24 59 3 2
351 167 24 59 3 2
410 167 24 63 3 1
473 167 24 53 3 2
526 167 15 14 3 1
526 182 9 8 3 1
534 182 9 6 3 3
185 129 38 64 3 2
249 129 38 34 3 2
283 129 38 60 3 1
343 129 38 69 3 2
412 129 38 36 3 4
448 129 38 61 3 1
509 129 38 26 3 1
535 129 3 5 3 1
535 132 3 5 3 1
535 135 1 5 3 2
535 136 6 5 3 2
535 142 7 5 3 1
535 149 5 5 3 1
535 154 9 5 3 2
535 163 4 5 3 1
38 64 55 33 3 2
38 119 10 90 3 1
128 119 10 43 3 2
171 119 10 33 3 2
204 119 10 40 3 3
244 119 10 35 3 1
279 119 10 35 3 1
314 119 10 63 3 2
377 119 10 36 3 2
413 119 10 29 3 1
442 119 10 23 3 2
465 119 10 31 3 1
496 119 10 23 3 3
519 119 10 12 3 2
531 119 4 9 3 2
531 123 6 9 3 1
71 64 55 43 3 1
114 64 20 94 3 2
114 84 35 52 3 3
166 84 30 42 3 2
166 114 5 11 3 2
177 114 5 12 3 1
189 114 5 10 3 2
199 114 5 9 3 2
208 64 37 53 3 1
208 101 18 26 3 1
234 101 9 27 3 1
234 110 9 27 3 1
261 64 46 55 3 2
261 110 9 20 3 2
281 110 9 16 3 1
297 110 9 19 3 1
316 64 44 61 3 1
316 108 11 105 3 2
421 108 11 27 3 1
448 108 11 62 3 2
510 108 11 30 3 2
377 64 44 30 3 2
407 64 44 41 3 1
448 64 26 85 3 3
448 90 18 80 3 2
528 90 9 5 3 2
528 99 9 5 3 1
533 64 3 7 3 1
533 67 14 7 3 2
533 81 11 7 3 1
533 92 5 7 3 1
533 97 2 7 3 3
533 99 9 7 3 1
40 0 54 34 3 1
40 54 10 106 3 2
146 54 10 64 3 2
210 54 10 34 3 2
244 54 10 32 3 1
276 54 10 36 3 2
312 54 10 79 3 1
391 54 10 30 3 1
421 54 10 33 3 1
454 54 10 33 3 2
487 54 10 29 3 1
516 54 10 15 3 2
531 54 6 9 3 1
531 60 4 9 3 1
74 0 48 39 3 1
74 48 6 31 3 2
105 48 6 34 3 1
139 48 6 50 3 2
189 48 6 34 3 2
223 48 6 52 3 1
275 48 6 51 3 2
326 48 6 65 3 2
391 48 6 38 3 1
429 48 6 46 3 2
475 48 6 38 3 2
513 48 6 12 3 1
525 48 6 15 3 1
113 0 48 32 3 1
145 0 48 32 3 1
177 0 48 40 3 1
217 0 48 36 3 3
253 0 48 36 3 2
289 0 48 42 3 3
331 0 36 67 3 1
331 36 12 22 3 2
353 36 12 23 3 1
376 36 5 22 3 2
376 41 7 22 3 2
398 0 48 47 3 1
445 0 48 47 3 2
492 0 48 35 3 2
527 0 21 13 3 1
527 21 20 13 3 2
527 41 7 13 3 1
0 0 29 31 3 3
0 29 16 49 3 2
0 45 12 49 3 1
0 57 38 24 3 2
0 95 17 24 3 2
0 112 34 19 3 2
0 146 12 19 3 2
0 158 32 19 3 2
0 190 13 19 3 2
0 203 36 19 3 2
0 239 25 19 3 2
0 264 4 19 3 2
0 268 38 19 3 1
0 306 13 19 3 1
0 319 23 19 3 1
0 342 9 19 3 2
0 351 34 19 3 2
0 385 15 14 3 2
14 385 7 5 3 3
14 392 8 5 3 3
19 112 8 5 3 2
19 120 4 5 3 2
19 124 10 5 3 2
19 134 6 5 3 2
19 140 7 5 3 1
19 147 8 5 3 2
19 155 7 5 3 1
19 162 9 5 3 1
19 171 9 5 3 1
19 180 9 5 3 1
19 189 9 5 3 1
19 198 10 5 3 2
19 208 4 5 3 2
19 212 9 5 3 1
19 221 9 5 3 1
19 230 10 5 3 3
19 240 8 5 3 1
19 248 4 5 3 2
19 252 10 5 3 1
19 262 2 5 3 1
19 264 2 5 3 1
19 266 10 5 3 1
19 276 1 5 3 2
19 277 5 5 3 3
19 282 10 5 3 1
19 292 2 5 3 2
19 294 8 5 3 1
19 302 10 5 3 1
19 312 5 5 3 1
19 317 8 5 3 1
19 325 1 5 3 1
19 326 8 5 3 2
19 334 1 5 3 4
19 335 10 5 3 2
19 345 4 5 3 3
19 349 4 5 3 1
19 353 6 5 3 1
19 359 4 5 3 2
19 363 6 5 3 1
19 369 10 5 3 1
19 379 10 5 3 1
19 389 11 5 3 3
24 57 36 25 3 2
24 93 31 25 3 1
24 124 32 25 3 1
24 156 31 25 3 2
24 187 36 20 3 1
24 223 37 20 3 1
24 260 34 20 3 1
24 294 39 20 3 1
24 333 9 20 3 1
24 342 40 20 3 1
24 382 5 20 3 2
24 387 13 11 3 1
35 387 13 9 3 1
44 223 9 5 3 1
44 232 6 5 3 2
44 238 2 5 3 2
44 240 9 5 3 1
44 249 3 5 3 3
44 252 10 5 3 2
44 262 6 5 3 1
44 268 3 5 3 2
44 271 4 5 3 2
44 275 10 5 3 2
44 285 4 5 3 2
44 289 7 5 3 1
44 296 1 5 3 1
44 297 2 5 3 1
44 299 6 5 3 1
44 305 2 5 3 1
44 307 2 5 3 1
44 309 8 5 3 2
44 317 5 5 3 1
44 322 7 5 3 2
44 329 2 5 3 1
44 331 2 5 3 1
44 333 2 5 3 4
44 335 6 5 3 1
44 341 10 5 3 1
44 351 3 5 3 1
44 354 8 5 3 1
44 362 1 5 3 1
44 363 10 5 3 1
44 373 1 5 3 1
44 374 6 5 3 1
44 380 5 5 3 1
44 385 5 5 3 1
44 390 10 5 3 1
44 187 6 5 3 3
44 193 2 5 3 1
44 195 6 5 3 2
44 201 10 5 3 2
44 211 6 5 3 1
44 217 1 5 3 1
44 218 1 5 3 1
44 219 4 5 3 1
49 29 30 28 3 1
49 59 20 28 3 2
49 79 36 21 3 3
49 115 42 23 3 3
49 157 9 23 3 2
49 166 9 23 3 2
49 175 12 23 3 2
49 187 37 19 3 2
49 224 18 19 3 3
49 242 30 19 3 1
49 272 32 19 3 2
49 304 23 19 3 3
49 327 4 19 3 2
49 331 23 19 3 1
49 354 33 19 3 2
49 387 13 11 3 2
60 387 2 8 3 2
60 389 4 8 3 1
60 393 7 8 3 2
68 187 5 4 3 1
68 192 6 4 3 1
68 198 8 4 3 1
68 206 1 4 3 1
68 207 1 4 3 4
68 208 3 4 3 2
68 211 8 4 3 2
68 219 1 4 3 1
68 220 8 4 3 1
68 228 4 4 3 1
68 232 3 4 3 1
68 235 1 4 3 1
68 236 8 4 3 1
68 244 1 4 3 1
68 245 6 4 3 2
68 251 2 4 3 1
68 253 5 4 3 1
68 258 8 4 3 2
68 266 1 4 3 1
68 267 3 4 3 2
68 270 4 4 3 2
68 274 1 4 3 1
68 275 7 4 3 2
68 282 1 4 3 1
68 283 5 4 3 1
68 288 6 4 3 1
68 294 2 4 3 1
68 296 7 4 3 1
68 303 1 4 3 1
68 304 3 4 3 1
68 307 6 4 3 2
68 313 7 4 3 1
68 320 3 4 3 2
68 323 8 4 3 2
68 331 3 4 3 2
68 334 8 4 3 2
68 342 1 4 3 2
68 343 8 4 3 2
68 351 1 4 3 1
68 352 1 4 3 2
68 353 1 4 3 2
68 354 5 4 3 2
68 359 8 4 3 1
68 367 7 4 3 2
68 374 8 4 3 1
68 382 2 4 3 2
68 384 2 4 3 3
68 386 7 4 3 2
68 393 7 4 3 2
72 115 7 5 3 2
72 122 1 5 3 2
72 123 10 5 3 2
72 133 3 5 3 1
72 136 9 5 3 2
72 145 10 5 3 1
72 155 2 5 3 2
72 157 5 5 3 1
72 162 10 5 3 2
72 172 7 5 3 1
72 179 2 5 3 2
72 181 1 5 3 1
72 182 6 5 3 2
72 188 2 5 3 1
72 190 2 5 3 1
72 192 4 5 3 1
72 196 9 5 3 2
72 205 4 5 3 2
72 209 5 5 3 2
72 214 9 5 3 3
72 223 3 5 3 1
72 226 10 5 3 1
72 236 1 5 3 1
72 237 2 5 3 2
72 239 10 5 3 2
72 249 10 5 3 2
72 259 7 5 3 3
72 266 6 5 3 2
72 272 10 5 3 2
72 282 4 5 3 1
72 286 7 5 3 1
72 293 6 5 3 1
72 299 10 5 3 1
72 309 6 5 3 2
72 315 9 5 3 2
72 324 10 5 3 2
72 334 10 5 3 1
72 344 7 5 3 2
72 351 3 5 3 1
72 354 10 5 3 2
72 364 9 5 3 1
72 373 9 5 3 1
72 382 5 5 3 3
72 387 1 5 3 2
72 388 2 5 3 2
72 390 6 5 3 2
72 396 4 5 3 1
70 79 8 7 3 1
70 87 3 7 3 1
70 90 14 7 3 3
70 104 11 7 3 2
77 29 11 57 3 1
77 40 38 19 3 1
77 78 36 19 3 2
77 114 37 19 3 2
77 151 4 19 3 1
77 155 7 19 3 2
77 162 38 19 3 1
77 200 22 19 3 1
77 222 5 19 3 2
77 227 9 19 3 2
77 236 4 19 3 1
77 240 29 19 3 1
77 269 18 19 3 3
77 287 7 19 3 1
77 294 10 19 3 1
77 304 6 19 3 3
77 310 33 19 3 2
77 343 38 19 3 1
77 381 9 19 3 2
77 390 10 10 3 1
87 390 5 9 3 1
87 395 5 9 3 2
96 40 27 34 3 1
96 67 11 34 3 2
96 78 35 24 3 2
96 113 7 24 3 2
96 120 38 24 3 1
96 158 7 24 3 2
96 165 32 24 3 2
96 197 44 24 3 2
96 241 24 24 3 2
96 265 9 24 3 2
96 274 9 24 3 3
96 283 8 24 3 1
96 291 39 20 3 3
96 330 45 24 3 4
96 375 6 24 3 3
96 381 19 24 3 1
116 291 5 4 3 2
116 296 2 4 3 1
116 298 5 4 3 2
116 303 6 4 3 1
116 309 8 4 3 1
116 317 3 4 3 1
116 320 2 4 3 3
116 322 1 4 3 2
116 323 7 4 3 3
120 78 20 10 3 2
120 98 2 10 3 2
120 100 6 10 3 1
120 106 19 10 3 2
120 125 7 10 3 1
120 132 4 10 3 2
120 136 2 10 3 2
120 138 5 10 3 1
120 143 4 10 3 2
120 147 15 10 3 3
120 162 5 10 3 1
120 167 5 10 3 2
120 172 2 10 3 1
120 174 3 10 3 2
120 177 18 10 3 1
120 195 5 10 3 2
120 200 3 10 3 1
120 203 7 10 3 1
120 210 5 10 3 1
120 215 16 10 3 1
120 231 14 10 3 1
120 245 20 10 3 1
120 265 20 10 3 1
120 285 6 10 3 2
120 291 5 10 3 1
120 296 20 10 3 1
120 316 5 10 3 2
120 321 9 10 3 1
120 330 18 10 3 3
120 348 3 10 3 2
120 351 2 10 3 1
120 353 19 10 3 1
120 372 4 10 3 2
120 376 19 10 3 1
120 395 5 10 3 3
130 40 2 4 3 1
130 42 2 4 3 1
130 44 5 4 3 2
130 49 1 4 3 2
130 50 1 4 3 1
130 51 8 4 3 2
130 59 4 4 3 1
130 63 8 4 3 1
130 71 7 4 3 2
130 78 1 4 3 1
130 79 1 4 3 2
130 80 1 4 3 2
130 81 8 4 3 1
130 89 4 4 3 1
130 93 6 4 3 2
130 99 6 4 3 2
130 105 1 4 3 2
130 106 4 4 3 2
130 110 2 4 3 1
130 112 5 4 3 2
130 117 3 4 3 3
130 120 1 4 3 2
130 121 8 4 3 1
130 129 8 4 3 1
130 137 1 4 3 3
130 138 6 4 3 2
130 144 4 4 3 3
130 148 7 4 3 3
130 155 6 4 3 3
130 161 6 4 3 2
130 167 6 4 3 1
130 173 2 4 3 1
130 175 8 4 3 1
130 183 1 4 3 2
130 184 2 4 3 1
130 186 2 4 3 1
130 188 6 4 3 3
130 194 7 4 3 2
130 201 2 4 3 1
130 203 7 4 3 1
130 210 3 4 3 2
130 213 8 4 3 1
130 221 7 4 3 1
130 228 7 4 3 3
130 235 4 4 3 1
130 239 2 4 3 3
130 241 4 4 3 2
130 245 6 4 3 1
130 251 4 4 3 1
130 255 6 4 3 3
130 261 7 4 3 1
130 268 7 4 3 1
130 275 3 4 3 1
130 278 8 4 3 3
130 286 2 4 3 2
130 288 3 4 3 1
130 291 5 4 3 1
130 296 7 4 3 3
130 303 6 4 3 2
130 309 5 4 3 1
130 314 6 4 3 1
130 320 6 4 3 1
130 326 5 4 3 3
130 331 8 4 3 2
130 339 6 4 3 2
130 345 5 4 3 2
130 350 7 4 3 3
130 357 1 4 3 2
130 358 3 4 3 2
130 361 5 4 3 3
130 366 1 4 3 3
130 367 3 4 3 1
130 370 2 4 3 1
130 372 8 4 3 3
130 380 1 4 3 1
130 381 8 4 3 1
130 389 1 4 3 2
130 390 10 4 3 1
134 29 26 27 3 2
134 55 35 18 3 1
134 90 13 18 3 2
134 103 8 18 3 1
134 111 19 18 3 3
134 130 6 18 3 2
134 136 7 18 3 1
134 143 22 18 3 3
134 165 10 18 3 1
134 175 5 18 3 2
134 180 4 18 3 1
134 184 28 18 3 2
134 212 30 18 3 1
134 242 26 18 3 1
134 268 16 18 3 1
134 284 35 18 3 2
134 319 26 18 3 2
134 345 19 18 3 1
134 364 8 18 3 3
134 372 28 18 3 1
152 55 35 20 3 2
152 90 16 20 3 2
152 106 35 20 3 1
152 141 9 20 3 1
152 150 39 20 3 1
152 189 5 20 3 1
152 194 4 20 3 2
152 198 40 20 3 1
152 238 29 20 3 1
152 267 6 20 3 2
152 273 33 20 3 2
152 306 40 20 3 2
152 346 40 20 3 2
152 386 14 12 3 1
164 386 3 8 3 1
164 389 4 8 3 2
164 393 7 8 3 1
172 55 11 18 3 3
172 66 34 18 3 1
172 100 12 18 3 2
172 112 32 18 3 3
172 144 5 18 3 1
172 149 4 18 3 1
172 153 25 18 3 1
172 178 29 18 3 2
172 207 28 18 3 2
172 235 17 18 3 2
172 252 4 18 3 2
172 256 30 18 3 2
172 286 27 18 3 2
172 313 4 18 3 2
172 317 36 18 3 1
172 353 12 18 3 1
172 365 4 18 3 1
172 369 24 18 3 2
172 393 7 11 3 1
183 393 7 7 3 2
161 29 26 29 3 1
31 0 24 31 3 1
31 24 5 33 3 3
64 24 5 19 3 2
83 24 5 22 3 2
105 24 5 15 3 1
120 24 5 28 3 1
148 24 5 28 3 2
176 24 5 7 3 2
183 24 5 7 3 1
62 0 24 20 3 1
82 0 24 28 3 2
110 0 17 51 3 2
110 17 7 14 3 1
124 17 7 13 3 1
137 17 7 14 3 1
151 17 7 10 3 2
161 0 24 23 3 2
184 0 3 6 3 1
184 3 6 6 3 1
184 9 15 6 3 2
0 0 16 75 2 2
0 16 16 76 2 1
0 32 50 25 2 1
0 82 32 38 2 1
0 114 38 23 2 2
0 152 19 67 2 1
0 171 22 60 2 2
0 193 39 27 2 2
0 232 27 27 2 1
0 259 41 23 2 1
23 259 7 4 2 1
23 266 7 4 2 2
23 273 5 4 2 1
23 278 4 4 2 1
23 282 8 4 2 1
23 290 1 4 2 1
23 291 9 4 2 1
27 193 29 49 2 2
27 222 50 26 2 2
27 272 28 37 2 1
64 272 4 12 2 1
64 276 6 12 2 1
64 282 7 12 2 2
64 289 3 12 2 1
64 292 3 12 2 3
64 295 5 12 2 2
53 222 33 23 2 2
53 255 9 23 2 4
53 264 8 11 2 1
64 264 8 7 2 1
71 264 8 5 2 2
60 171 10 16 2 3
60 181 12 10 2 1
70 181 5 6 2 2
70 186 7 6 2 1
67 152 19 9 2 2
23 114 23 39 2 1
23 137 9 39 2 1
23 146 6 11 2 2
34 146 6 9 2 2
43 146 6 12 2 1
55 146 6 7 2 2
62 114 10 14 2 1
62 124 5 14 2 1
62 129 14 14 2 2
62 143 9 14 2 1
38 82 32 25 2 2
63 82 26 13 2 1
63 108 6 6 2 2
69 108 6 7 2 2
25 32 11 51 2 1
25 43 39 24 2 2
49 43 15 27 2 1
49 58 24 27 2 2
76 16 42 21 2 1
76 58 25 52 2 1
76 83 44 23 2 2
76 127 6 23 2 1
76 133 19 23 2 1
76 152 6 23 2 3
76 158 46 23 2 2
76 204 21 23 2 2
76 225 20 23 2 2
76 245 7 23 2 1
76 252 23 23 2 1
76 275 12 23 2 1
76 287 13 12 2 3
88 287 13 11 2 1
99 83 7 29 2 2
99 90 6 29 2 2
99 96 38 29 2 2
99 134 31 29 2 2
99 165 30 29 2 1
99 195 41 21 2 1
99 236 42 21 2 2
99 278 17 21 2 2
99 295 5 9 2 2
108 295 5 12 2 1
120 195 4 8 2 1
120 199 5 8 2 2
120 204 8 8 2 1
120 212 12 8 2 1
120 224 4 8 2 1
120 228 16 8 2 2
120 244 2 8 2 2
120 246 2 8 2 2
120 248 14 8 2 2
120 262 12 8 2 2
120 274 12 8 2 1
120 286 9 8 2 2
120 295 5 8 2 2
128 58 14 65 2 2
128 72 50 26 2 2
128 122 20 26 2 1
128 142 41 26 2 2
128 183 51 26 2 1
128 234 5 26 2 2
128 239 32 26 2 1
128 271 29 26 2 2
154 72 21 61 2 2
154 93 30 38 2 2
154 123 21 43 2 1
154 144 38 26 2 1
154 182 8 26 2 1
154 190 31 26 2 1
154 221 9 26 2 1
154 230 6 26 2 2
154 236 49 26 2 2
154 285 8 26 2 2
154 293 7 10 2 2
164 293 7 16 2 2
180 144 43 25 2 3
180 187 41 23 2 3
180 228 22 35 2 1
180 250 34 26 2 2
180 284 8 35 2 2
180 292 8 12 2 2
192 292 8 11 2 1
203 292 8 12 2 2
206 250 8 9 2 3
206 258 16 9 2 2
206 274 4 9 2 2
206 278 6 9 2 1
203 187 22 12 2 2
203 209 19 12 2 1
205 144 7 10 2 2
205 151 2 10 2 2
205 153 8 10 2 1
205 161 15 10 2 1
205 176 11 10 2 2
197 123 21 18 2 3
192 93 20 23 2 1
192 113 10 15 2 1
207 113 5 8 2 1
207 118 5 8 2 1
215 72 38 34 2 2
215 110 7 34 2 2
215 117 13 34 2 1
215 130 44 22 2 2
215 174 41 22 2 1
215 215 21 22 2 1
215 236 17 22 2 2
215 253 30 22 2 2
215 283 17 16 2 2
231 283 10 6 2 2
231 293 3 6 2 2
231 296 4 6 2 1
237 130 24 12 2 2
237 154 11 12 2 1
237 165 24 12 2 1
237 189 22 12 2 2
237 211 7 12 2 2
237 218 15 12 2 1
237 233 4 12 2 1
237 237 2 12 2 2
237 239 12 12 2 2
237 251 20 12 2 2
237 271 7 12 2 1
237 278 22 12 2 2
249 72 15 77 2 3
249 87 31 29 2 1
249 118 38 25 2 2
249 156 14 25 2 2
249 170 20 25 2 1
249 190 37 25 2 1
249 227 39 25 2 2
249 266 34 25 2 2
274 118 1 4 2 2
274 119 8 4 2 2
274 127 1 4 2 1
274 128 8 4 2 2
274 136 1 4 2 1
274 137 6 4 2 2
274 143 1 4 2 2
274 144 6 4 2 2
274 150 7 4 2 2
274 157 2 4 2 1
274 159 8 4 2 2
274 167 3 4 2 1
274 170 2 4 2 2
274 172 3 4 2 2
274 175 7 4 2 1
274 182 7 4 2 1
274 189 5 4 2 1
274 194 5 4 2 1
274 199 2 4 2 1
274 201 6 4 2 1
274 207 4 4 2 2
274 211 2 4 2 2
274 213 7 4 2 2
274 220 3 4 2 1
274 223 6 4 2 1
274 229 8 4 2 1
274 237 1 4 2 1
274 238 8 4 2 1
274 246 3 4 2 3
274 249 1 4 2 1
274 250 6 4 2 2
274 256 8 4 2 1
274 264 2 4 2 2
274 266 7 4 2 1
274 273 5 4 2 1
274 278 4 4 2 2
274 282 7 4 2 1
274 289 2 4 2 1
274 291 3 4 2 1
274 294 6 4 2 2
278 87 28 31 2 1
278 115 50 25 2 1
278 165 20 25 2 1
278 185 32 25 2 2
278 217 21 25 2 2
278 238 44 25 2 1
278 282 5 25 2 2
278 287 13 13 2 1
291 287 13 12 2 3
303 115 12 6 2 1
303 127 6 6 2 2
303 133 7 6 2 1
303 140 8 6 2 2
303 148 3 6 2 1
303 151 7 6 2 1
303 158 9 6 2 2
303 167 11 6 2 1
303 178 7 6 2 3
303 185 3 6 2 1
303 188 6 6 2 1
303 194 11 6 2 1
303 205 12 6 2 1
303 217 1 6 2 1
303 218 12 6 2 1
303 230 2 6 2 1
303 232 11 6 2 2
303 243 6 6 2 1
303 249 10 6 2 1
303 259 10 6 2 2
303 269 4 6 2 1
303 273 1 6 2 2
303 274 11 6 2 2
303 285 7 6 2 2
303 292 8 6 2 2
309 87 50 25 2 2
309 137 29 36 2 2
309 166 8 36 2 2
309 174 33 36 2 1
309 207 42 30 2 2
309 249 51 25 2 2
334 249 17 11 2 4
334 266 19 11 2 1
334 285 15 11 2 1
339 207 2 6 2 3
339 209 9 6 2 3
339 218 3 6 2 1
339 221 6 6 2 1
339 227 3 6 2 2
339 230 2 6 2 2
339 232 8 6 2 2
339 240 1 6 2 2
339 241 8 6 2 3
334 87 21 11 2 1
334 108 2 11 2 2
334 110 4 11 2 1
334 114 3 11 2 1
334 117 14 11 2 3
334 131 6 6 2 2
340 131 2 5 2 1
340 133 4 5 2 2
326 72 10 19 2 2
326 82 5 11 2 2
337 82 5 8 2 2
193 58 14 56 2 2
249 58 14 56 2 1
305 58 14 17 2 1
322 58 14 23 2 1
97 16 27 32 2 1
97 43 15 18 2 3
115 43 15 14 2 1
129 16 42 28 2 1
157 16 34 33 2 1
157 50 8 22 2 1
179 50 8 7 2 1
186 50 8 4 2 3
190 16 14 71 2 2
190 30 28 22 2 2
212 30 28 27 2 2
239 30 4 22 2 2
239 34 5 22 2 1
239 39 19 18 2 2
257 39 8 4 2 1
257 47 1 4 2 2
257 48 10 4 2 1
261 16 30 33 2 1
261 46 12 16 2 1
277 46 12 11 2 1
288 46 4 6 2 1
288 50 8 6 2 1
294 16 29 34 2 2
294 45 13 26 2 2
320 45 13 8 2 1
328 16 25 17 2 2
328 41 17 17 2 1
75 0 16 58 2 3
133 0 16 40 2 1
173 0 16 70 2 2
243 0 16 28 2 2
271 0 16 25 2 2
296 0 16 28 2 1
324 0 9 21 2 2
324 9 7 21 2 2
0 0 10 18 1 1
0 10 5 18 1 3
0 15 4 18 1 2
0 19 19 10 1 2
0 38 12 10 1 1
0 50 20 10 1 2
0 70 19 10 1 1
0 89 11 10 1 1
10 19 4 8 1 2
10 23 2 8 1 2
10 25 4 8 1 1
10 29 5 8 1 1
10 34 13 8 1 3
10 47 7 8 1 2
10 54 16 8 1 1
10 70 16 8 1 1
10 86 5 8 1 2
10 91 4 8 1 2
10 95 5 8 1 2
18 0 18 10 1 1
18 18 14 10 1 1
18 32 7 10 1 2
18 39 2 10 1 2
18 41 2 10 1 2
18 43 5 10 1 2
18 48 20 10 1 1
18 68 14 10 1 3
18 82 3 10 1 2
18 85 15 10 1 2
28 0 10 14 1 2
28 10 14 9 1 1
28 24 18 9 1 1
28 42 7 14 1 1
28 49 7 14 1 3
28 56 18 9 1 2
28 74 14 9 1 1
28 88 12 9 1 3
37 56 2 5 1 2
37 58 5 5 1 2
37 63 2 5 1 3
37 65 1 5 1 1
37 66 1 5 1 1
37 67 2 5 1 1
37 69 3 5 1 2
37 72 2 5 1 2
37 74 9 5 1 1
37 83 4 5 1 2
37 87 2 5 1 1
37 89 3 5 1 1
37 92 8 5 1 1
37 24 10 5 1 2
37 34 8 5 1 1
37 10 7 5 1 3
37 17 2 5 1 1
37 19 5 5 1 3
42 0 14 12 1 2
42 14 13 15 1 3
42 27 16 8 1 2
42 43 21 15 1 1
42 64 20 10 1 1
42 84 16 15 1 1
52 64 10 5 1 2
52 74 10 5 1 1
50 27 8 7 1 1
50 35 2 7 1 1
50 37 6 7 1 2
57 14 20 10 1 3
57 34 20 10 1 2
57 54 8 10 1 2
57 62 6 10 1 2
57 68 18 10 1 2
57 86 8 10 1 1
57 94 6 10 1 2
67 14 16 12 1 1
67 30 5 26 1 3
67 35 7 17 1 1
67 42 19 10 1 3
67 61 14 10 1 2
67 75 8 10 1 1
67 83 17 10 1 2
77 42 17 9 1 2
77 59 18 9 1 1
77 77 12 9 1 1
77 89 11 9 1 3
86 42 20 10 1 1
86 62 8 23 1 1
86 70 16 10 1 3
86 86 14 9 1 2
95 86 5 14 1 2
95 91 9 14 1 1
96 70 11 13 1 2
96 81 5 8 1 1
104 81 5 5 1 1
109 62 7 23 1 1
109 69 14 11 1 2
109 83 17 9 1 2
118 83 3 14 1 1
118 86 5 14 1 1
118 91 9 8 1 2
126 91 9 6 1 1
120 69 2 12 1 2
120 71 12 12 1 1
132 62 13 13 1 2
132 75 7 13 1 3
132 82 3 13 1 2
132 85 15 9 1 1
141 85 5 4 1 1
141 90 5 4 1 2
141 95 5 4 1 1
145 62 18 10 1 1
145 80 20 11 1 1
156 80 5 4 1 1
156 85 8 4 1 1
156 93 1 4 1 2
156 94 6 4 1 1
155 62 2 5 1 2
155 64 9 5 1 1
155 73 7 5 1 2
96 42 15 10 1 2
96 57 5 30 1 1
126 57 5 24 1 1
150 57 5 5 1 2
155 57 5 5 1 1
106 42 15 13 1 2
119 42 15 10 1 3
129 42 15 9 1 1
138 42 5 22 1 1
138 47 10 8 1 1
146 47 10 14 1 2
84 35 7 11 1 2
95 35 7 26 1 1
121 35 7 9 1 2
130 35 7 8 1 2
138 35 7 22 1 1
93 30 5 10 1 1
103 30 5 17 1 2
120 30 5 13 1 3
133 30 5 11 1 3
144 30 5 16 1 1
79 14 11 17 1 2
79 25 5 15 1 1
94 25 5 31 1 1
125 25 5 9 1 2
134 25 5 17 1 1
151 25 5 5 1 2
156 25 5 4 1 1
96 14 6 29 1 3
96 20 5 14 1 1
110 20 5 11 1 1
121 20 5 4 1 2
125 14 11 12 1 2
137 14 11 11 1 1
148 14 11 12 1 2
54 0 6 21 1 1
54 6 8 10 1 1
64 6 8 7 1 2
71 6 8 4 1 1
75 0 14 8 1 1
83 0 14 8 1 1
91 0 14 10 1 1
101 0 14 9 1 1
110 0 14 11 1 3
121 0 8 21 1 2
121 8 6 26 1 2
147 8 6 8 1 1
155 8 1 5 1 1
155 9 5 5 1 1
142 0 8 13 1 1
155 0 1 5 1 1
155 1 7 5 1 1
0 0 23 13 1 1
0 23 23 13 1 2
0 46 15 13 1 2
0 61 6 13 1 1
0 67 7 13 1 2
0 74 26 13 1 2
13 0 19 18 1 1
13 19 25 18 1 1
13 44 13 18 1 2
13 57 16 18 1 1
13 73 27 13 1 4
26 73 6 5 1 1
26 79 3 5 1 1
26 82 8 5 1 3
26 90 3 5 1 2
26 93 7 5 1 1
31 0 21 12 1 1
31 21 19 13 1 2
31 40 18 13 1 1
31 58 3 13 1 1
31 61 24 13 1 2
31 85 3 13 1 1
31 88 12 13 1 2
44 21 8 38 1 1
44 29 15 17 1 1
44 44 25 13 1 1
44 69 24 13 1 1
44 93 3 13 1 2
44 96 4 8 1 1
52 96 4 5 1 2
57 44 8 4 1 2
57 52 6 4 1 2
57 58 3 4 1 3
57 61 1 4 1 2
57 62 3 4 1 1
57 65 7 4 1 1
57 72 4 4 1 2
57 76 5 4 1 1
57 81 1 4 1 2
57 82 7 4 1 1
57 89 4 4 1 1
57 93 7 4 1 1
61 29 23 13 1 1
61 52 7 21 1 2
61 59 19 15 1 3
61 78 22 14 1 2
75 78 3 7 1 2
75 81 4 7 1 2
75 85 15 7 1 1
76 59 12 6 1 1
76 71 7 6 1 1
74 29 2 8 1 3
74 31 16 8 1 1
74 47 5 8 1 1
82 21 9 39 1 1
82 30 24 12 1 3
82 54 25 13 1 2
82 79 21 13 1 1
95 54 18 17 1 1
95 72 6 17 1 2
95 78 10 17 1 2
95 88 12 17 1 1
112 54 12 9 1 2
112 66 5 9 1 2
112 71 6 9 1 2
112 77 9 9 1 1
112 86 2 9 1 1
112 88 5 9 1 3
112 93 2 9 1 2
112 95 5 5 1 1
117 95 5 4 1 1
94 30 9 27 1 1
94 39 15 13 1 2
107 39 15 10 1 1
117 39 6 4 1 1
117 45 9 4 1 2
121 21 20 11 1 3
121 41 16 11 1 3
121 57 21 11 1 3
121 78 2 11 1 1
121 80 20 11 1 1
132 21 9 27 1 3
132 30 18 15 1 2
132 48 8 27 1 1
132 56 14 18 1 2
132 70 26 13 1 1
132 96 4 8 1 2
140 96 4 5 1 2
145 70 14 14 1 2
145 84 5 14 1 2
145 89 6 14 1 1
145 95 5 6 1 1
151 95 5 8 1 2
150 56 9 9 1 2
150 65 5 9 1 2
147 30 13 12 1 2
147 43 5 6 1 1
153 43 5 6 1 3
159 21 8 34 1 2
159 29 22 12 1 1
159 51 9 37 1 1
159 60 12 25 1 3
159 72 20 12 1 2
159 92 8 14 1 2
173 92 8 10 1 4
183 92 3 13 1 2
183 95 5 7 1 1
190 95 5 6 1 1
171 72 20 11 1 3
182 72 20 14 1 1
184 60 2 12 1 1
184 62 10 8 1 2
192 62 1 4 1 2
192 63 1 4 1 1
192 64 3 4 1 2
192 67 5 4 1 2
196 51 19 13 1 2
196 70 6 13 1 1
196 76 24 13 1 2
209 51 7 31 1 2
209 58 7 31 1 1
209 65 21 11 1 1
209 86 9 11 1 1
209 95 5 11 1 1
220 65 25 13 1 2
220 90 6 20 1 1
220 96 4 7 1 1
227 96 4 6 1 1
233 96 4 7 1 3
233 65 2 7 1 2
233 67 10 7 1 1
233 77 2 7 1 3
233 79 6 7 1 2
233 85 5 7 1 2
240 51 15 15 1 1
240 66 20 16 1 1
240 86 14 11 1 1
251 86 2 5 1 2
251 88 8 5 1 1
251 96 4 5 1 2
256 66 26 14 1 1
256 92 8 8 1 2
264 92 8 6 1 3
255 51 15 15 1 3
171 29 22 15 1 2
186 29 17 19 1 1
186 46 5 7 1 1
193 46 5 6 1 1
199 46 5 6 1 1
205 29 22 12 1 2
217 29 18 12 1 2
217 47 4 6 1 2
223 47 4 6 1 1
229 29 15 20 1 2
229 44 7 11 1 3
240 44 7 11 1 1
251 44 7 8 1 1
259 44 7 11 1 2
249 29 15 11 1 2
260 29 15 10 1 1
193 21 8 38 1 1
231 21 8 24 1 2
255 21 8 11 1 2
266 21 8 4 1 2
43 0 21 14 1 3
57 0 21 14 1 1
71 0 21 14 1 2
85 0 21 18 1 1
103 0 21 11 1 2
114 0 21 11 1 2
125 0 8 38 1 2
125 8 13 18 1 1
143 8 13 14 1 2
157 8 13 11 1 1
168 8 13 14 1 1
182 8 9 33 1 1
182 17 4 13 1 3
195 17 4 20 1 1
215 8 8 34 1 2
215 16 5 10 1 2
225 16 5 8 1 2
233 16 5 16 1 1
249 8 13 14 1 2
263 8 3 7 1 2
263 11 10 7 1 3
163 0 8 12 1 2
175 0 8 17 1 2
192 0 8 14 1 1
206 0 8 14 1 1
220 0 8 11 1 1
231 0 8 12 1 2
243 0 8 11 1 1
254 0 8 10 1 1
264 0 8 6 1 1
0 0 27 16 0.5 2
0 27 26 17 0.5 2
0 53 23 12 0.5 1
0 76 20 23 0.5 4
0 96 4 7 0.5 2
7 96 4 16 0.5 2
23 76 17 26 0.5 2
23 93 7 10 0.5 1
33 93 7 9 0.5 2
42 93 7 7 0.5 1
49 76 24 18 0.5 1
67 76 20 15 0.5 1
67 96 4 15 0.5 2
82 76 24 16 0.5 1
98 76 24 14 0.5 2
112 76 24 13 0.5 1
125 76 8 39 0.5 1
125 84 16 13 0.5 2
138 84 16 21 0.5 1
159 84 16 17 0.5 1
176 84 9 45 0.5 2
176 93 7 19 0.5 2
195 93 7 12 0.5 1
207 93 7 14 0.5 1
221 84 16 17 0.5 2
238 84 8 39 0.5 1
238 92 8 29 0.5 1
267 92 8 17 0.5 1
284 92 8 22 0.5 2
306 92 8 14 0.5 1
320 92 8 31 0.5 3
351 92 3 9 0.5 2
351 95 5 9 0.5 1
277 84 8 13 0.5 2
290 84 8 35 0.5 1
325 84 8 14 0.5 1
339 84 8 21 0.5 2
164 76 8 41 0.5 2
205 76 8 40 0.5 1
245 76 8 24 0.5 1
269 76 8 36 0.5 1
305 76 8 12 0.5 2
317 76 8 12 0.5 1
329 76 8 19 0.5 1
348 76 3 12 0.5 1
348 79 5 6 0.5 2
354 79 5 6 0.5 2
12 53 23 15 0.5 2
27 53 23 15 0.5 1
42 53 23 13 0.5 2
55 53 13 22 0.5 1
55 66 10 13 0.5 1
68 66 10 9 0.5 2
77 53 18 16 0.5 2
77 71 5 30 0.5 2
107 71 5 14 0.5 2
121 71 5 24 0.5 2
145 71 5 37 0.5 1
182 71 5 18 0.5 1
200 71 5 14 0.5 1
214 71 5 13 0.5 2
227 71 5 14 0.5 1
241 71 5 16 0.5 2
257 71 5 13 0.5 1
270 71 5 20 0.5 2
290 71 5 29 0.5 2
319 71 5 11 0.5 2
330 71 5 9 0.5 1
339 71 5 7 0.5 2
346 71 5 7 0.5 1
353 71 5 7 0.5 1
93 53 18 20 0.5 2
113 53 18 14 0.5 1
127 53 18 12 0.5 2
139 53 18 17 0.5 3
156 53 18 15 0.5 2
171 53 18 15 0.5 1
186 53 18 20 0.5 2
206 53 14 30 0.5 2
206 67 4 8 0.5 1
214 67 4 22 0.5 1
236 53 8 39 0.5 2
236 61 10 15 0.5 2
251 61 10 19 0.5 1
270 61 10 13 0.5 2
283 61 10 16 0.5 2
299 61 10 16 0.5 2
315 61 10 18 0.5 1
333 61 6 27 0.5 3
333 67 4 10 0.5 3
343 67 4 11 0.5 2
354 67 4 6 0.5 2
275 53 8 38 0.5 2
313 53 8 14 0.5 1
327 53 8 17 0.5 2
344 53 8 16 0.5 1
17 27 26 14 0.5 2
31 27 16 19 0.5 1
31 43 10 40 0.5 2
71 43 10 12 0.5 2
83 43 10 16 0.5 2
99 43 10 33 0.5 3
132 43 10 14 0.5 2
146 43 10 15 0.5 2
161 43 10 32 0.5 1
193 43 10 20 0.5 1
213 43 10 19 0.5 1
232 43 10 15 0.5 1
247 43 10 34 0.5 3
281 43 10 35 0.5 2
316 43 10 16 0.5 1
332 43 10 19 0.5 1
351 43 10 9 0.5 2
50 27 16 13 0.5 1
63 27 16 15 0.5 1
78 27 10 43 0.5 2
78 37 6 17 0.5 4
95 37 6 16 0.5 2
111 37 6 6 0.5 2
117 37 6 4 0.5 1
121 27 16 22 0.5 2
143 27 9 40 0.5 2
143 36 7 43 0.5 1
186 36 7 36 0.5 1
222 36 7 17 0.5 2
239 36 7 14 0.5 2
253 36 7 15 0.5 2
268 36 7 23 0.5 2
291 36 7 22 0.5 2
313 36 7 23 0.5 2
336 36 7 9 0.5 1
345 36 7 15 0.5 1
183 27 9 39 0.5 1
222 27 9 24 0.5 1
246 27 9 21 0.5 1
267 27 9 20 0.5 2
287 27 9 25 0.5 2
312 27 9 15 0.5 2
327 27 9 19 0.5 2
346 27 9 14 0.5 3
16 0 27 13 0.5 1
29 0 17 20 0.5 2
29 17 10 18 0.5 1
47 17 10 17 0.5 2
64 17 10 16 0.5 1
80 17 10 37 0.5 2
117 17 10 19 0.5 1
136 17 10 34 0.5 1
170 17 10 15 0.5 2
185 17 10 20 0.5 2
205 17 10 12 0.5 1
217 17 10 44 0.5 2
261 17 10 15 0.5 1
276 17 10 14 0.5 2
290 17 10 19 0.5 2
309 17 10 32 0.5 1
341 17 10 10 0.5 2
351 17 10 9 0.5 2
49 0 17 16 0.5 2
65 0 17 21 0.5 1
86 0 17 15 0.5 1
101 0 10 40 0.5 1
101 10 7 14 0.5 1
115 10 7 18 0.5 3
133 10 7 17 0.5 2
150 10 7 31 0.5 1
181 10 7 18 0.5 1
199 10 7 14 0.5 1
213 10 7 24 0.5 1
237 10 7 12 0.5 2
249 10 7 16 0.5 2
265 10 7 15 0.5 2
280 10 7 33 0.5 2
313 10 7 14 0.5 1
327 10 7 21 0.5 1
348 10 7 8 0.5 3
356 10 2 4 0.5 2
356 12 5 4 0.5 2
141 0 10 25 0.5 3
166 0 10 15 0.5 1
181 0 10 29 0.5 1
210 0 10 27 0.5 1
237 0 10 13 0.5 1
250 0 10 15 0.5 1
265 0 10 35 0.5 3
300 0 10 12 0.5 1
312 0 10 23 0.5 2
335 0 10 12 0.5 1
347 0 10 9 0.5 1
356 0 4 4 0.5 2
356 4 6 4 0.5 2
