180 160 28
5
180 600 4
240 200 3
180 260 2
360 70 1
720 310 0.5
157
0 0 38 65 4 2
65 0 38 68 4 1
133 0 38 65 4 3
198 0 38 70 4 1
0 38 38 68 4 3
68 38 38 62 4 2
130 38 38 60 4 3
190 38 38 78 4 2
268 0 76 79 4 1
347 0 76 87 4 1
434 0 76 77 4 1
511 0 76 89 4 3
268 76 52 71 4 1
339 76 52 75 4 2
414 76 52 58 4 3
472 76 52 128 4 2
268 128 52 88 4 1
356 128 52 69 4 2
425 128 52 61 4 1
486 128 52 114 4 3
0 76 104 73 4 1
73 76 55 61 4 3
73 131 49 61 4 1
134 76 104 78 4 3
212 76 57 56 4 1
212 133 47 56 4 1
0 0 53 96 3 2
0 53 54 39 3 3
39 53 54 57 3 1
96 0 64 52 3 1
96 64 43 52 3 3
148 0 53 52 3 2
148 53 54 52 3 3
96 107 66 40 3 1
136 107 66 64 3 3
96 173 67 104 3 2
0 107 52 48 3 1
0 159 48 48 3 2
0 207 33 48 3 3
48 107 57 48 3 2
48 164 45 48 3 2
48 209 31 48 3 2
0 0 37 40 2 2
40 0 37 41 2 2
81 0 37 46 2 3
0 37 38 64 2 3
64 37 38 41 2 2
105 37 38 22 2 2
127 0 49 43 2 2
127 49 26 38 2 3
165 49 26 28 2 3
170 0 20 23 2 2
170 20 29 23 2 3
193 0 47 44 2 2
193 47 28 44 2 1
237 0 30 23 2 1
237 30 12 23 2 1
237 42 33 23 2 2
127 75 52 56 2 1
183 75 52 45 2 1
228 75 52 32 2 2
127 127 53 56 2 2
183 127 53 77 2 3
0 75 52 41 2 2
0 127 53 40 2 3
40 127 32 23 2 1
40 159 21 23 2 2
41 75 18 22 2 2
41 93 34 22 2 1
63 75 52 41 2 3
63 127 53 64 2 2
104 75 23 23 2 1
104 98 29 23 2 3
0 0 37 37 1 1
0 37 45 37 1 3
0 82 28 37 1 3
0 110 30 37 1 3
0 140 25 37 1 2
37 0 22 16 1 1
37 22 16 16 1 3
37 38 14 16 1 1
37 52 20 16 1 2
37 72 11 16 1 1
37 83 11 16 1 3
37 94 10 16 1 2
37 104 16 16 1 3
37 120 16 16 1 2
37 136 16 16 1 1
37 152 13 16 1 2
53 0 13 17 1 2
53 13 11 17 1 3
53 24 24 17 1 2
53 48 12 17 1 1
53 60 14 17 1 1
53 74 16 17 1 1
53 90 16 17 1 1
53 106 18 17 1 3
53 124 15 17 1 2
53 139 16 17 1 1
53 155 10 17 1 1
37 165 39 33 1 3
37 204 37 33 1 1
37 241 21 33 1 3
37 262 28 33 1 3
37 290 70 33 1 2
0 165 26 18 1 1
0 191 20 18 1 1
0 211 17 18 1 1
0 228 16 18 1 3
0 244 17 18 1 1
0 261 13 18 1 2
0 274 23 18 1 2
0 297 21 18 1 2
0 318 16 18 1 3
0 334 26 18 1 1
18 165 18 19 1 1
18 183 18 19 1 2
18 201 25 19 1 1
18 226 19 19 1 2
18 245 16 19 1 3
18 261 26 19 1 2
18 287 22 19 1 3
18 309 23 19 1 2
18 332 28 19 1 1
0 0 102 111 0 3
0 102 54 111 0 1
111 0 60 65 0 1
111 60 96 65 0 2
0 156 157 94 0 1
94 156 157 82 0 3
176 0 65 67 0 3
176 65 77 67 0 3
176 142 84 67 0 1
176 226 50 67 0 2
176 276 37 43 0 2
219 276 24 24 0 3
219 300 13 24 0 1
243 0 75 67 0 1
243 75 66 67 0 2
243 141 82 67 0 3
243 223 55 67 0 2
243 278 35 42 0 3
285 278 19 25 0 2
285 297 16 25 0 1
176 313 203 134 0 2
176 516 130 134 0 1
176 646 74 84 0 3
260 646 74 50 0 3
0 313 92 88 0 3
0 405 82 88 0 2
0 487 74 88 0 3
0 561 95 88 0 2
0 656 64 88 0 1
88 313 112 88 0 1
88 425 102 88 0 2
88 527 99 88 0 1
88 626 94 88 0 3
