180 160 28
3
180 730 4
240 150 3
240 360 2
96
0 0 49 80 4 1
80 0 49 128 4 1
208 0 49 52 4 3
260 0 49 41 4 3
301 0 49 33 4 1
334 0 49 26 4 2
0 49 49 82 4 2
82 49 49 72 4 3
154 49 49 61 4 3
215 49 49 46 4 2
261 49 49 99 4 1
360 0 98 64 4 2
424 0 24 121 4 1
424 24 74 40 4 1
464 24 74 45 4 3
509 24 43 36 4 2
509 67 8 36 4 2
509 75 23 21 4 3
530 75 9 15 4 3
530 84 6 15 4 2
530 90 8 9 4 2
539 90 5 6 4 3
539 95 3 3 4 2
542 95 3 3 4 2
545 0 98 77 4 3
622 0 64 108 4 3
622 64 34 37 4 2
659 64 34 71 4 1
360 98 41 56 4 2
416 98 41 62 4 1
478 98 41 47 4 3
525 98 41 98 4 3
623 98 41 107 4 2
360 139 41 85 4 2
445 139 41 51 4 3
496 139 41 109 4 2
605 139 41 61 4 3
666 139 41 39 4 3
705 139 21 25 4 3
705 160 20 25 4 1
0 98 82 53 4 1
53 98 82 49 4 2
102 98 82 45 4 2
147 98 37 33 4 3
147 135 28 33 4 1
147 163 17 33 4 2
180 98 82 180 4 3
0 0 53 30 3 1
30 0 53 41 3 3
0 53 53 32 3 1
32 53 53 20 3 3
52 53 18 19 3 3
52 71 23 19 3 1
52 94 12 9 3 2
61 94 12 10 3 1
71 0 9 39 3 3
71 9 97 39 3 3
110 0 68 24 3 1
110 68 38 24 3 3
134 0 46 16 3 1
134 46 13 16 3 1
134 59 28 16 3 1
134 87 19 16 3 3
71 106 17 79 3 3
71 123 50 36 3 2
107 123 50 43 3 2
71 173 67 40 3 2
111 173 67 39 3 1
0 106 63 21 3 1
0 169 34 35 3 3
0 203 37 21 3 1
21 203 24 14 3 2
21 227 13 14 3 1
21 106 63 14 3 2
35 106 81 36 3 3
35 187 53 36 3 2
0 0 59 85 2 2
85 0 59 39 2 1
124 0 59 36 2 2
160 0 7 34 2 1
160 7 52 34 2 3
0 59 60 109 2 1
109 59 60 48 2 1
157 59 31 37 2 2
157 90 29 37 2 1
194 0 119 83 2 1
277 0 119 83 2 2
194 119 60 69 2 2
263 119 60 97 2 3
194 179 61 51 2 3
245 179 61 43 2 2
288 179 61 33 2 3
321 179 61 39 2 3
0 119 121 97 2 2
97 119 121 61 2 2
158 119 121 36 2 2
