600 400 8
5
600 170 4
800 300 3
310 660 2
650 330 1
1020 330 0.5
521
0 0 146 38 4 3
0 146 32 170 4 1
0 178 116 85 4 1
0 294 77 52 4 2
0 371 87 37 4 1
0 458 93 32 4 2
0 551 49 28 4 1
28 551 5 4 4 1
28 556 1 4 4 2
28 557 16 4 4 2
28 573 2 4 4 2
28 575 8 4 4 1
28 583 1 4 4 2
28 584 4 4 4 2
28 588 12 4 4 1
32 458 16 5 4 1
32 474 9 5 4 1
32 483 13 5 4 1
32 496 14 5 4 1
32 510 10 5 4 1
32 520 1 5 4 1
32 521 13 5 4 2
32 534 7 5 4 1
32 541 2 5 4 2
32 543 14 5 4 3
32 557 20 5 4 1
32 577 2 5 4 1
32 579 2 5 4 1
32 581 19 5 4 2
37 371 56 15 4 1
37 427 60 15 4 3
37 487 28 15 4 2
37 515 21 15 4 2
37 536 56 15 4 2
37 592 8 10 4 2
47 592 2 5 4 1
47 594 6 5 4 1
52 294 144 40 4 1
52 438 123 41 4 2
52 561 39 22 4 1
74 561 17 19 4 2
74 578 22 13 4 2
87 578 1 6 4 2
87 579 14 6 4 3
87 593 7 6 4 1
93 438 94 29 4 2
93 532 8 29 4 1
93 540 60 23 4 1
116 540 12 6 4 2
116 552 4 6 4 2
116 556 8 6 4 2
116 564 1 6 4 1
116 565 23 6 4 1
116 588 1 6 4 1
116 589 11 6 4 1
122 438 46 48 4 1
122 484 116 35 4 1
157 484 29 13 4 3
157 513 27 13 4 2
157 540 7 13 4 1
157 547 41 13 4 2
157 588 12 7 4 2
164 588 12 6 4 1
92 294 144 72 4 1
164 294 3 6 4 3
164 297 16 6 4 1
164 313 7 6 4 1
164 320 24 6 4 1
164 344 17 6 4 2
164 361 23 6 4 2
164 384 23 6 4 1
164 407 1 6 4 3
164 408 8 6 4 1
164 416 16 6 4 3
164 432 6 6 4 1
85 178 116 47 4 1
132 178 65 38 4 1
132 243 51 24 4 2
156 243 31 14 4 3
156 274 20 9 4 2
165 274 20 5 4 3
38 0 66 57 4 1
38 66 35 102 4 2
38 101 45 35 4 1
73 101 45 26 4 1
99 101 45 29 4 1
128 101 5 12 4 2
128 106 40 12 4 2
140 66 80 30 4 2
95 0 66 28 4 2
123 0 66 28 4 2
151 0 31 19 4 1
151 31 35 13 4 2
164 31 14 6 4 1
164 45 21 6 4 2
0 0 42 300 3 2
0 42 64 183 3 1
0 106 212 54 3 1
0 318 165 54 3 2
0 483 5 54 3 2
0 488 21 54 3 4
0 509 176 54 3 1
0 685 115 44 3 1
44 685 28 10 3 2
44 713 26 10 3 1
44 739 10 10 3 3
44 749 30 10 3 1
44 779 21 10 3 1
54 106 173 98 3 2
54 279 249 80 3 1
54 528 38 80 3 2
54 566 97 73 3 3
54 663 73 73 3 1
54 736 16 73 3 2
54 752 48 38 3 1
92 752 10 35 3 3
92 762 38 21 3 2
113 762 38 14 3 1
127 566 27 7 3 1
127 593 28 7 3 4
127 621 6 7 3 1
127 627 19 7 3 2
127 646 25 7 3 1
127 671 19 7 3 2
127 690 19 7 3 2
127 709 23 7 3 3
127 732 8 7 3 2
127 740 28 7 3 2
127 768 7 7 3 3
127 775 21 7 3 2
127 796 4 3 3 2
130 796 4 4 3 3
134 279 63 49 3 1
134 342 56 49 3 1
134 398 153 41 3 1
134 551 27 41 3 3
134 578 8 41 3 2
134 586 9 41 3 2
134 595 11 41 3 3
134 606 133 41 3 1
134 739 61 27 3 3
161 739 24 14 3 2
161 763 37 14 3 1
175 398 25 8 3 2
175 423 16 8 3 1
175 439 4 8 3 1
175 443 12 8 3 2
175 455 29 8 3 3
175 484 21 8 3 1
175 505 7 8 3 1
175 512 30 8 3 2
175 542 16 8 3 1
175 558 28 8 3 1
175 586 5 8 3 1
175 591 1 8 3 1
175 592 22 8 3 1
175 614 6 8 3 1
175 620 16 8 3 1
175 636 28 8 3 1
175 664 8 8 3 2
175 672 32 8 3 2
175 704 27 8 3 1
175 731 1 8 3 1
175 732 6 8 3 2
175 738 12 8 3 3
175 750 2 8 3 2
175 752 2 8 3 1
175 754 31 8 3 3
175 785 15 8 3 2
152 106 124 31 3 2
152 230 20 31 3 1
152 250 21 31 3 2
152 271 8 8 3 2
160 271 8 7 3 2
167 271 8 6 3 1
173 271 2 10 3 2
173 273 6 6 3 1
179 273 6 4 3 2
183 42 12 117 3 2
183 54 13 117 3 1
183 67 238 65 3 1
183 305 18 117 3 1
183 323 21 117 3 1
183 344 173 44 3 2
183 517 195 49 3 1
183 712 88 38 3 1
221 712 28 11 3 1
221 740 2 11 3 1
221 742 44 11 3 1
221 786 8 11 3 1
221 794 6 11 3 1
232 517 119 51 3 2
232 636 12 51 3 1
232 648 152 45 3 4
277 648 17 6 3 1
277 665 24 6 3 2
277 689 15 6 3 2
277 704 2 6 3 2
277 706 1 6 3 1
277 707 11 6 3 1
277 718 12 6 3 1
277 730 14 6 3 1
277 744 20 6 3 1
277 764 23 6 3 2
277 787 13 6 3 2
283 517 67 17 3 2
283 584 33 17 3 2
283 617 68 17 3 1
283 685 5 17 3 2
283 690 2 17 3 1
283 692 2 17 3 2
283 694 7 17 3 2
283 701 38 17 3 1
283 739 39 17 3 1
283 778 4 17 3 2
283 782 18 11 3 2
294 782 8 6 3 1
294 790 3 6 3 2
294 793 7 6 3 2
227 344 28 73 3 2
227 372 145 47 3 3
274 372 95 26 3 1
274 467 36 26 3 2
274 503 14 12 3 2
286 503 5 14 3 2
286 508 1 14 3 1
286 509 8 14 3 2
248 67 16 52 3 2
248 83 131 52 3 1
248 214 91 36 3 1
284 214 38 16 3 1
284 252 43 16 3 1
284 295 10 12 3 3
296 295 5 4 3 1
296 300 5 4 3 2
0 0 37 162 2 1
0 37 138 94 2 1
0 175 39 94 2 2
0 214 96 40 2 2
40 214 96 45 2 2
85 214 3 9 2 1
85 217 2 9 2 1
85 219 17 9 2 1
85 236 33 9 2 2
85 269 24 9 2 2
85 293 1 9 2 1
85 294 11 9 2 1
85 305 5 4 2 1
89 305 5 5 2 1
94 37 98 52 2 3
94 135 7 68 2 3
94 142 100 53 2 1
94 242 33 53 2 1
94 275 35 29 2 1
123 275 35 15 2 3
138 275 35 9 2 1
147 142 15 15 2 2
147 157 59 15 2 2
147 216 12 15 2 2
147 228 59 15 2 2
147 287 2 15 2 4
147 289 21 10 2 1
157 289 2 5 2 1
157 291 8 5 2 1
157 299 11 5 2 1
146 37 9 16 2 1
146 46 17 16 2 3
146 63 4 16 2 1
146 67 45 16 2 1
146 112 5 16 2 2
146 117 18 8 2 2
154 117 18 8 2 1
162 0 46 240 2 1
162 46 142 92 2 1
162 188 75 69 2 2
162 263 47 31 2 1
193 263 47 24 2 2
217 263 10 14 2 2
217 273 7 14 2 2
217 280 2 14 2 1
217 282 22 14 2 1
217 304 6 14 2 1
231 188 122 71 2 3
302 188 15 100 2 3
302 203 50 100 2 2
302 253 57 37 2 1
339 253 57 38 2 1
377 253 2 25 2 1
377 255 7 25 2 2
377 262 48 25 2 2
254 46 142 140 2 1
394 46 18 8 2 1
394 64 5 8 2 2
394 69 1 8 2 2
394 70 7 8 2 2
394 77 14 8 2 2
394 91 23 8 2 1
394 114 8 8 2 4
394 122 24 8 2 2
394 146 1 8 2 1
394 147 7 8 2 1
394 154 27 8 2 3
394 181 7 8 2 1
402 0 230 88 2 2
402 230 80 37 2 1
439 230 80 44 2 1
483 230 1 7 2 2
483 231 19 7 2 2
483 250 28 7 2 1
483 278 28 7 2 1
483 306 4 3 2 1
486 306 4 4 2 1
490 0 148 70 2 2
490 148 162 85 2 1
575 148 104 76 2 1
575 252 58 50 2 1
625 252 58 25 2 1
650 252 12 10 2 2
650 264 38 10 2 2
650 302 8 5 2 2
655 302 2 5 2 2
655 304 6 5 2 2
651 148 18 9 2 1
651 166 27 9 2 3
651 193 23 9 2 2
651 216 31 9 2 1
651 247 5 9 2 3
560 0 123 100 2 2
560 123 25 32 2 1
592 123 25 39 2 2
631 123 25 15 2 1
646 123 3 14 2 2
646 126 22 10 2 1
656 126 2 4 2 2
656 128 1 4 2 2
656 129 15 4 2 3
656 144 4 4 2 1
0 0 104 81 1 1
0 104 194 81 1 2
0 298 157 47 1 3
0 455 176 47 1 2
0 631 19 47 1 1
47 298 136 34 1 3
47 434 134 34 1 1
47 568 82 34 1 4
81 0 155 90 1 2
81 155 271 73 1 1
81 426 32 73 1 1
81 458 127 43 1 2
81 585 9 43 1 3
81 594 56 39 1 2
120 594 16 4 1 2
120 610 1 4 1 2
120 611 15 4 1 2
120 626 6 4 1 1
120 632 1 4 1 1
120 633 5 4 1 2
120 638 5 4 1 3
120 643 7 4 1 2
124 458 28 30 1 2
124 486 118 30 1 1
124 604 3 30 1 2
124 607 43 22 1 3
146 607 6 8 1 1
146 613 5 8 1 2
146 618 32 8 1 1
154 155 18 176 1 2
154 173 172 88 1 1
154 345 92 88 1 1
154 437 181 88 1 1
154 618 32 27 1 1
181 618 32 61 1 1
242 173 9 88 1 1
242 182 126 61 1 1
242 308 104 78 1 1
242 412 238 69 1 1
311 412 13 9 1 2
311 425 35 9 1 1
311 460 9 9 1 2
311 469 19 9 1 1
311 488 21 9 1 2
311 509 13 9 1 1
311 522 21 9 1 1
311 543 20 9 1 2
311 563 34 9 1 2
311 597 26 9 1 1
311 623 27 9 1 1
320 308 4 10 1 2
320 312 23 10 1 2
320 335 1 10 1 2
320 336 8 10 1 2
320 344 35 10 1 2
320 379 39 10 1 1
320 418 7 10 1 2
320 425 35 10 1 1
320 460 14 10 1 2
320 474 13 10 1 1
320 487 2 10 1 2
320 489 33 10 1 2
320 522 11 10 1 1
320 533 22 10 1 1
320 555 27 10 1 1
320 582 34 10 1 2
320 616 2 10 1 1
320 618 32 10 1 1
303 182 94 27 1 2
303 276 32 15 1 1
318 276 20 12 1 1
318 296 12 7 1 1
325 296 3 5 1 2
325 299 5 5 1 1
325 304 4 5 1 1
171 0 155 41 1 2
212 0 79 105 1 1
212 79 40 105 1 3
212 119 36 33 1 1
245 119 36 41 1 2
286 119 36 26 1 2
312 119 19 5 1 1
312 138 17 5 1 2
317 0 46 13 1 3
317 46 20 13 1 2
317 66 2 13 1 1
317 68 51 13 1 2
317 119 3 13 1 3
317 122 33 13 1 1
0 0 53 160 0 2
0 53 237 83 0 3
0 290 60 140 0 2
0 350 33 330 0 3
0 383 233 141 0 2
0 616 21 141 0 1
0 637 14 141 0 2
0 651 126 90 0 2
0 777 49 141 0 2
0 826 194 89 0 2
89 826 181 48 0 2
89 1007 13 48 0 2
137 826 3 4 0 2
137 829 5 4 0 3
137 834 3 4 0 1
137 837 14 4 0 2
137 851 16 4 0 3
137 867 14 4 0 1
137 881 4 4 0 1
137 885 1 4 0 1
137 886 2 4 0 1
137 888 9 4 0 3
137 897 9 4 0 1
137 906 13 4 0 2
137 919 5 4 0 3
137 924 10 4 0 2
137 934 16 4 0 2
137 950 13 4 0 2
137 963 4 4 0 1
137 967 8 4 0 1
137 975 0 4 0 1
137 975 10 4 0 1
137 985 14 4 0 2
137 999 1 4 0 1
137 1000 16 4 0 1
137 1016 4 4 0 1
90 651 59 51 0 1
90 710 67 45 0 2
135 710 20 6 0 1
135 730 1 6 0 2
135 731 23 6 0 1
135 754 23 6 0 1
141 383 332 96 0 2
141 715 305 88 0 2
229 715 46 101 0 3
229 761 63 101 0 1
229 824 180 48 0 1
229 1004 16 28 0 2
257 1004 16 32 0 3
289 1004 16 23 0 1
312 1004 16 18 0 2
277 824 114 53 0 2
277 938 6 53 0 2
277 944 5 53 0 2
277 949 55 28 0 1
305 949 55 25 0 1
237 383 196 49 0 1
237 579 97 49 0 1
237 676 39 49 0 1
286 383 84 44 0 2
286 467 139 44 0 2
286 606 109 38 0 2
324 606 21 6 0 2
324 627 22 6 0 2
324 649 24 6 0 1
324 673 16 6 0 1
324 689 26 6 0 2
140 290 60 51 0 3
191 290 60 49 0 3
240 290 60 40 0 1
280 290 60 31 0 3
311 290 20 19 0 3
311 310 11 19 0 1
311 321 29 13 0 1
324 321 20 6 0 2
324 341 9 6 0 2
83 53 75 117 0 3
83 128 52 247 0 2
83 180 27 247 0 2
83 207 83 53 0 3
136 207 83 48 0 2
184 207 83 105 0 3
289 207 34 41 0 2
289 241 18 41 0 3
289 259 31 19 0 1
308 259 31 15 0 2
323 259 13 7 0 2
323 272 18 7 0 1
200 53 75 75 0 1
275 53 75 33 0 2
308 53 19 22 0 2
308 72 35 22 0 2
308 107 21 22 0 1
160 0 53 53 0 1
213 0 53 117 0 2
