500 500 10
4
500 650 4
500 330 3
240 705 2
780 470 1
1502
0 0 38 82 4 2
0 38 17 82 4 4
0 55 20 82 4 3
0 75 27 82 4 1
0 102 94 33 4 2
0 196 10 33 4 3
0 206 85 33 4 5
0 291 97 33 4 3
0 388 20 33 4 3
0 408 92 33 4 3
33 102 31 49 4 1
33 133 74 49 4 4
33 207 93 35 4 2
33 300 24 35 4 5
33 324 57 35 4 5
33 381 62 35 4 5
33 443 57 28 4 5
61 443 2 7 4 5
61 445 5 7 4 2
61 450 5 7 4 5
61 455 19 7 4 1
61 474 20 7 4 2
61 494 6 7 4 3
68 207 3 14 4 5
68 210 4 14 4 5
68 214 33 14 4 2
68 247 38 14 4 2
68 285 40 14 4 2
68 325 6 14 4 1
68 331 40 14 4 2
68 371 15 14 4 2
68 386 32 14 4 5
68 418 30 14 4 3
68 448 22 14 4 5
68 470 30 14 4 5
82 0 92 33 4 5
82 92 69 45 4 5
82 161 75 45 4 1
82 236 83 39 4 5
82 319 8 39 4 4
82 327 82 39 4 3
82 409 59 39 4 1
82 468 32 21 4 5
103 468 8 18 4 5
103 476 24 12 4 1
115 476 2 6 4 4
115 478 18 6 4 5
115 496 4 6 4 5
121 236 1 6 4 3
121 237 6 6 4 5
121 243 1 6 4 1
121 244 4 6 4 5
121 248 4 6 4 1
121 252 17 6 4 1
121 269 10 6 4 4
121 279 10 6 4 5
121 289 16 6 4 5
121 305 6 6 4 1
121 311 2 6 4 3
121 313 3 6 4 4
121 316 10 6 4 1
121 326 17 6 4 5
121 343 1 6 4 5
121 344 3 6 4 4
121 347 5 6 4 2
121 352 18 6 4 5
121 370 14 6 4 2
121 384 14 6 4 5
121 398 1 6 4 3
121 399 13 6 4 3
121 412 18 6 4 3
121 430 18 6 4 2
121 448 1 6 4 4
121 449 10 6 4 1
121 459 18 6 4 5
121 477 3 6 4 3
121 480 8 6 4 5
121 488 5 6 4 5
121 493 7 6 4 1
127 92 36 80 4 3
127 128 35 87 4 5
127 163 93 33 4 3
127 256 99 33 4 4
127 355 48 33 4 1
127 403 84 33 4 5
127 487 7 33 4 1
127 494 6 11 4 3
138 494 6 22 4 5
160 163 22 54 4 4
160 185 11 54 4 5
160 196 68 54 4 2
160 264 21 54 4 1
160 285 79 36 4 5
160 364 90 36 4 1
160 454 13 36 4 4
160 467 14 36 4 2
160 481 19 15 4 5
175 481 19 12 4 2
187 481 9 9 4 4
187 490 2 9 4 4
187 492 8 9 4 1
196 285 48 18 4 5
196 333 9 18 4 3
196 342 17 18 4 3
196 359 34 18 4 1
196 393 34 18 4 3
196 427 40 18 4 4
196 467 33 18 4 1
214 128 26 116 4 3
214 154 29 105 4 4
214 183 57 56 4 2
214 240 39 79 4 5
214 279 86 37 4 4
214 365 96 32 4 5
214 461 39 24 4 1
238 461 21 8 4 5
238 482 18 8 4 1
246 365 3 5 4 5
246 368 4 5 4 1
246 372 15 5 4 5
246 387 3 5 4 1
246 390 1 5 4 2
246 391 15 5 4 5
246 406 2 5 4 1
246 408 1 5 4 3
246 409 7 5 4 1
246 416 10 5 4 5
246 426 12 5 4 3
246 438 13 5 4 2
246 451 9 5 4 2
246 460 8 5 4 1
246 468 2 5 4 1
246 470 4 5 4 5
246 474 13 5 4 5
246 487 13 5 4 3
251 279 25 126 4 2
251 304 86 36 4 4
251 390 82 37 4 3
251 472 28 96 4 4
347 472 28 56 4 2
403 472 28 112 4 5
515 472 28 85 4 4
600 472 28 22 4 1
622 472 28 16 4 3
638 472 21 12 4 4
638 493 7 6 4 4
644 493 7 6 4 1
288 390 27 109 4 4
288 417 55 40 4 5
328 417 55 33 4 1
361 417 9 36 4 4
361 426 14 36 4 5
361 440 32 20 4 5
381 440 32 16 4 3
397 390 34 92 4 5
397 424 48 31 4 1
428 424 48 59 4 2
487 424 48 48 4 5
535 424 48 33 4 5
568 424 16 82 4 3
568 440 32 32 4 2
600 440 32 24 4 2
624 440 32 18 4 4
642 440 6 8 4 2
642 446 10 8 4 4
642 456 6 8 4 5
642 462 3 8 4 1
642 465 7 8 4 2
489 390 34 85 4 4
574 390 34 29 4 4
603 390 34 27 4 5
630 390 34 20 4 4
287 304 74 43 4 3
287 378 12 44 4 2
331 378 12 48 4 2
379 378 12 67 4 5
446 378 12 30 4 5
476 378 12 32 4 3
508 378 12 24 4 2
532 378 12 78 4 4
610 378 12 13 4 3
623 378 12 11 4 5
634 378 12 10 4 4
644 378 12 6 4 2
330 304 54 49 4 3
330 358 20 18 4 1
348 358 20 14 4 2
362 358 5 17 4 2
362 363 15 9 4 1
371 363 5 8 4 5
371 368 2 8 4 4
371 370 8 8 4 2
379 304 74 33 4 4
412 304 74 35 4 1
447 304 42 64 4 4
447 346 32 28 4 1
475 346 32 20 4 3
495 346 6 16 4 2
495 352 26 12 4 1
507 352 1 4 4 1
507 353 1 4 4 2
507 354 1 4 4 3
507 355 2 4 4 4
507 357 10 4 4 1
507 367 11 4 4 5
511 304 74 34 4 2
545 304 74 31 4 4
576 304 15 74 4 2
576 319 59 38 4 3
614 319 59 27 4 5
641 319 2 9 4 4
641 321 6 9 4 2
641 327 23 9 4 1
641 350 20 9 4 2
641 370 8 9 4 3
377 279 25 44 4 4
421 279 25 34 4 3
455 279 25 32 4 2
487 279 25 37 4 4
524 279 25 33 4 1
557 279 25 33 4 2
590 279 25 23 4 1
613 279 25 24 4 3
637 279 25 13 4 5
293 240 39 40 4 5
333 240 39 37 4 1
370 240 39 46 4 3
416 240 39 69 4 1
485 240 39 72 4 3
557 240 39 42 4 1
599 240 39 29 4 5
628 240 22 22 4 5
628 262 17 16 4 5
644 262 5 6 4 2
644 267 7 6 4 1
644 274 5 6 4 3
270 183 57 33 4 5
303 183 57 40 4 2
343 183 45 72 4 3
343 228 12 89 4 5
432 228 12 102 4 5
534 228 12 22 4 5
556 228 12 20 4 2
576 228 12 18 4 1
594 228 12 56 4 1
415 183 45 34 4 1
449 183 45 31 4 1
480 183 45 32 4 2
512 183 45 33 4 5
545 183 22 105 4 4
545 205 23 105 4 1
319 154 29 75 4 5
394 154 25 126 4 4
394 179 4 14 4 4
408 179 4 46 4 5
454 179 4 11 4 5
465 179 4 10 4 5
475 179 4 12 4 5
487 179 4 21 4 2
508 179 4 5 4 5
513 179 4 3 4 4
516 179 4 4 4 1
520 154 29 67 4 3
587 154 29 31 4 1
618 154 29 18 4 4
636 154 29 14 4 2
330 128 26 114 4 1
444 128 26 35 4 2
479 128 26 49 4 1
528 128 26 44 4 3
572 128 26 78 4 3
207 92 36 32 4 4
239 92 36 40 4 1
279 92 36 39 4 1
318 92 36 45 4 4
363 92 36 50 4 4
413 92 36 47 4 3
460 92 36 32 4 5
492 92 36 37 4 2
529 92 36 72 4 1
601 92 36 26 4 4
627 92 26 23 4 1
627 118 10 9 4 4
636 118 10 7 4 5
643 118 10 7 4 4
115 0 92 35 4 5
150 0 31 95 4 1
150 31 25 95 4 3
150 56 36 41 4 2
191 56 11 54 4 3
191 67 18 54 4 5
191 85 7 16 4 2
207 85 7 28 4 4
235 85 7 10 4 2
245 0 72 44 4 3
245 72 20 69 4 1
314 72 20 121 4 1
435 72 20 54 4 4
489 72 20 37 4 1
526 72 20 67 4 2
593 72 13 57 4 5
593 85 7 13 4 2
606 85 7 10 4 2
616 85 7 9 4 1
625 85 7 8 4 4
633 85 7 8 4 3
641 85 7 5 4 5
646 85 7 4 4 1
289 0 31 100 4 2
289 31 41 36 4 5
325 31 37 82 4 2
325 68 4 11 4 2
336 68 4 11 4 3
347 68 4 9 4 4
356 68 4 14 4 2
370 68 4 10 4 4
380 68 4 22 4 1
402 68 4 5 4 2
407 31 41 38 4 1
445 31 41 41 4 4
486 31 41 33 4 4
519 31 41 55 4 2
574 31 41 51 4 5
625 31 41 20 4 2
645 31 6 5 4 5
645 37 4 5 4 3
645 41 15 5 4 2
645 56 11 5 4 3
645 67 5 5 4 4
389 0 31 55 4 3
444 0 31 37 4 5
481 0 27 119 4 4
481 27 4 18 4 2
499 27 4 14 4 5
513 27 4 15 4 1
528 27 4 13 4 5
541 27 4 21 4 1
562 27 4 14 4 5
576 27 4 10 4 1
586 27 4 11 4 1
597 27 4 20 4 5
617 27 4 26 4 4
643 27 4 3 4 4
646 27 4 4 4 5
600 0 10 50 4 2
600 10 17 17 4 5
617 10 17 16 4 1
633 10 17 10 4 1
643 10 9 7 4 1
643 19 8 7 4 5
0 0 66 22 3 5
0 66 65 22 3 1
0 131 10 22 3 2
0 141 9 22 3 4
0 150 50 22 3 5
0 200 8 22 3 3
0 208 42 22 3 5
0 250 39 22 3 1
0 289 66 22 3 3
0 355 37 22 3 5
0 392 66 22 3 4
0 458 13 22 3 4
0 471 29 22 3 2
22 0 23 71 3 5
22 23 50 30 3 1
22 73 69 23 3 5
22 142 42 30 3 5
22 184 17 30 3 1
22 201 47 30 3 2
22 248 64 25 3 1
22 312 55 25 3 4
22 367 72 25 3 1
22 439 29 25 3 5
22 468 23 25 3 2
22 491 9 25 3 1
47 248 1 5 3 4
47 249 9 5 3 4
47 258 14 5 3 4
47 272 2 5 3 5
47 274 15 5 3 3
47 289 2 5 3 5
47 291 15 5 3 1
47 306 2 5 3 1
47 308 2 5 3 5
47 310 13 5 3 3
47 323 11 5 3 2
47 334 1 5 3 4
47 335 14 5 3 4
47 349 1 5 3 4
47 350 15 5 3 5
47 365 4 5 3 1
47 369 7 5 3 4
47 376 4 5 3 2
47 380 3 5 3 4
47 383 2 5 3 5
47 385 1 5 3 2
47 386 5 5 3 4
47 391 1 5 3 1
47 392 8 5 3 1
47 400 12 5 3 5
47 412 14 5 3 2
47 426 6 5 3 1
47 432 2 5 3 5
47 434 9 5 3 5
47 443 4 5 3 2
47 447 5 5 3 3
47 452 5 5 3 5
47 457 1 5 3 5
47 458 13 5 3 3
47 471 8 5 3 2
47 479 9 5 3 4
47 488 5 5 3 2
47 493 7 5 3 5
45 73 21 7 3 5
45 94 21 7 3 2
45 115 15 7 3 4
45 130 8 7 3 4
45 138 4 7 3 5
52 23 66 22 3 5
52 89 59 25 3 1
52 148 55 25 3 2
52 203 47 25 3 4
52 250 72 25 3 3
52 322 64 25 3 4
52 386 17 25 3 3
52 403 21 25 3 3
52 424 16 25 3 5
52 440 60 25 3 1
77 89 20 73 3 2
77 109 51 30 3 4
77 160 55 30 3 1
77 215 64 22 3 5
77 279 10 30 3 2
77 289 29 30 3 2
77 318 66 24 3 3
77 384 12 30 3 2
77 396 67 23 3 5
77 463 37 30 3 1
100 396 20 7 3 4
100 416 17 7 3 2
100 433 20 7 3 4
100 453 10 7 3 2
101 318 3 6 3 3
101 321 8 6 3 5
101 329 10 6 3 3
101 339 8 6 3 5
101 347 17 6 3 3
101 364 20 6 3 5
99 215 2 8 3 1
99 217 8 8 3 4
99 225 11 8 3 1
99 236 6 8 3 5
99 242 18 8 3 4
99 260 19 8 3 4
107 109 51 31 3 4
107 160 6 31 3 5
107 166 13 31 3 5
107 179 65 25 3 4
107 244 16 31 3 5
107 260 51 31 3 4
107 311 62 27 3 1
107 373 64 25 3 4
107 437 20 25 3 1
107 457 20 25 3 2
107 477 5 25 3 4
107 482 5 25 3 1
107 487 8 25 3 2
107 495 5 25 3 2
132 373 2 6 3 3
132 375 5 6 3 5
132 380 5 6 3 4
132 385 3 6 3 4
132 388 13 6 3 2
132 401 5 6 3 4
132 406 1 6 3 1
132 407 16 6 3 4
132 423 7 6 3 4
132 430 9 6 3 4
132 439 14 6 3 1
132 453 18 6 3 3
132 471 3 6 3 5
132 474 12 6 3 3
132 486 14 6 3 5
134 311 2 4 3 4
134 313 7 4 3 4
134 320 4 4 3 4
134 324 3 4 3 2
134 327 8 4 3 2
134 335 10 4 3 4
134 345 2 4 3 4
134 347 4 4 3 5
134 351 1 4 3 5
134 352 12 4 3 4
134 364 1 4 3 3
134 365 8 4 3 5
132 179 18 6 3 1
132 197 1 6 3 4
132 198 14 6 3 5
132 212 2 6 3 3
132 214 10 6 3 4
132 224 1 6 3 4
132 225 1 6 3 3
132 226 5 6 3 3
132 231 13 6 3 4
138 109 27 61 3 1
138 136 50 33 3 4
138 186 63 26 3 2
138 249 7 33 3 2
138 256 8 33 3 1
138 264 61 26 3 1
138 325 46 26 3 2
138 371 39 26 3 1
138 410 76 26 3 2
138 486 14 17 3 1
155 486 14 9 3 5
164 264 5 7 3 1
164 269 15 7 3 1
164 284 18 7 3 2
164 302 14 7 3 1
164 316 2 7 3 1
164 318 21 7 3 5
164 339 7 7 3 1
164 346 17 7 3 5
164 363 17 7 3 5
164 380 2 7 3 3
164 382 11 7 3 5
164 393 2 7 3 3
164 395 20 7 3 5
164 415 21 7 3 2
164 436 20 7 3 3
164 456 21 7 3 2
164 477 3 7 3 2
164 480 3 7 3 3
164 483 8 7 3 2
164 491 9 7 3 1
164 186 14 7 3 4
164 200 3 7 3 5
164 203 6 7 3 4
164 209 20 7 3 1
164 229 4 7 3 5
164 233 11 7 3 5
164 244 5 7 3 5
171 136 11 28 3 1
171 147 36 28 3 5
171 183 64 24 3 4
171 247 36 24 3 3
171 283 57 24 3 5
171 340 31 24 3 2
171 371 52 24 3 1
171 423 23 24 3 1
171 446 43 24 3 3
171 489 11 15 3 1
186 489 11 9 3 5
195 183 4 4 3 1
195 187 2 4 3 1
195 189 12 4 3 1
195 201 8 4 3 2
195 209 2 4 3 5
195 211 3 4 3 2
195 214 7 4 3 3
195 221 11 4 3 1
195 232 4 4 3 4
195 236 11 4 3 3
195 247 3 4 3 5
195 250 3 4 3 1
195 253 5 4 3 5
195 258 10 4 3 1
195 268 2 4 3 1
195 270 5 4 3 2
195 275 5 4 3 3
195 280 8 4 3 5
195 288 2 4 3 1
195 290 11 4 3 1
195 301 12 4 3 4
195 313 11 4 3 3
195 324 7 4 3 4
195 331 7 4 3 5
195 338 7 4 3 1
195 345 6 4 3 4
195 351 12 4 3 2
195 363 3 4 3 3
195 366 10 4 3 3
195 376 10 4 3 3
195 386 3 4 3 5
195 389 12 4 3 1
195 401 12 4 3 4
195 413 12 4 3 5
195 425 12 4 3 3
195 437 9 4 3 2
195 446 3 4 3 5
195 449 7 4 3 2
195 456 1 4 3 1
195 457 1 4 3 5
195 458 2 4 3 4
195 460 2 4 3 1
195 462 10 4 3 2
195 472 6 4 3 4
195 478 3 4 3 5
195 481 12 4 3 1
195 493 7 4 3 1
199 109 71 24 3 3
199 180 33 47 3 2
199 213 10 47 3 2
199 223 57 28 3 4
199 280 39 47 3 5
199 319 54 28 3 5
199 373 64 28 3 5
199 437 6 28 3 5
199 443 12 28 3 5
199 455 26 28 3 1
199 481 19 21 3 1
220 481 4 7 3 4
220 485 15 7 3 2
227 319 21 19 3 1
227 340 48 19 3 2
227 388 8 19 3 3
227 396 50 19 3 5
227 446 18 19 3 3
227 464 32 19 3 5
227 496 4 19 3 2
227 223 31 19 3 4
227 254 26 19 3 3
246 180 63 21 3 1
246 243 17 84 3 5
246 260 28 60 3 5
246 288 44 35 3 4
246 332 42 40 3 5
246 374 60 26 3 3
246 434 12 26 3 1
246 446 6 26 3 1
246 452 32 26 3 3
246 484 16 16 3 4
262 484 16 10 3 1
272 374 44 36 3 1
272 418 30 36 3 3
272 448 52 23 3 3
295 448 39 13 3 1
295 487 4 13 3 4
295 491 9 7 3 2
302 491 1 6 3 1
302 492 8 6 3 5
308 374 4 22 3 4
308 378 8 22 3 5
308 386 47 22 3 1
308 433 11 22 3 5
308 444 56 22 3 1
286 332 42 25 3 2
311 332 10 19 3 2
311 342 28 19 3 4
311 370 4 7 3 4
318 370 4 4 3 3
322 370 4 3 3 3
325 370 4 5 3 5
281 288 44 41 3 4
322 288 6 8 3 2
322 294 24 8 3 4
322 318 14 8 3 1
306 260 28 15 3 4
321 260 21 9 3 1
321 281 7 5 3 5
326 281 2 4 3 1
326 283 5 4 3 4
267 180 14 63 3 2
267 194 49 24 3 4
291 194 49 26 3 5
317 194 37 13 3 1
317 231 12 7 3 5
324 231 12 6 3 2
223 109 25 65 3 1
223 134 35 47 3 4
223 169 11 44 3 2
267 169 11 16 3 2
283 169 11 17 3 3
300 169 11 30 3 5
270 134 13 60 3 3
270 147 22 25 3 3
295 147 22 22 3 5
317 147 22 13 3 2
288 109 25 37 3 1
325 109 15 5 3 2
325 124 1 5 3 4
325 125 9 5 3 5
150 89 20 23 3 3
173 89 20 24 3 4
197 89 20 23 3 5
220 89 20 86 3 1
306 89 20 14 3 1
320 89 9 10 3 5
320 98 11 10 3 1
74 23 61 27 3 4
74 84 5 12 3 2
86 84 5 6 3 3
92 84 5 5 3 5
97 84 5 4 3 3
101 23 31 52 3 1
101 54 35 29 3 5
130 54 35 23 3 5
153 54 18 90 3 5
153 72 17 22 3 5
175 72 17 25 3 1
200 72 17 17 3 4
217 72 5 26 3 1
217 77 12 17 3 3
234 77 12 9 3 1
243 54 35 26 3 1
269 54 30 55 3 5
269 84 5 10 3 5
279 84 5 10 3 3
289 84 5 15 3 2
304 84 5 11 3 3
315 84 5 15 3 1
324 54 4 6 3 2
324 58 15 6 3 4
324 73 11 6 3 4
153 23 24 66 3 5
153 47 7 45 3 5
198 47 7 21 3 5
219 47 7 55 3 3
274 47 7 13 3 3
287 47 7 10 3 3
297 47 7 10 3 3
307 47 7 23 3 1
219 23 17 86 3 3
219 40 7 14 3 1
233 40 7 39 3 5
272 40 7 24 3 4
296 40 7 9 3 1
305 23 24 16 3 3
321 23 17 9 3 5
321 40 7 5 3 2
326 40 7 4 3 2
93 0 23 26 3 2
119 0 23 23 3 5
142 0 23 26 3 3
168 0 23 29 3 4
197 0 18 79 3 5
197 18 5 31 3 5
228 18 5 14 3 1
242 18 5 26 3 5
268 18 5 4 3 1
272 18 5 4 3 1
276 0 23 35 3 3
311 0 15 19 3 3
311 15 8 8 3 5
319 15 8 7 3 5
326 15 8 4 3 2
0 0 20 81 2 1
0 20 69 24 2 1
0 89 67 24 2 2
0 156 6 24 2 5
0 162 37 24 2 2
0 199 28 24 2 5
0 227 13 11 2 1
11 227 13 9 2 3
20 227 4 4 2 3
20 231 1 4 2 1
20 232 8 4 2 5
24 20 36 46 2 4
24 56 69 23 2 3
24 125 10 23 2 4
24 135 69 23 2 3
24 204 36 17 2 4
41 204 17 6 2 3
41 221 5 6 2 5
41 226 14 6 2 3
47 56 36 23 2 5
47 92 5 23 2 5
47 97 5 23 2 3
47 102 16 23 2 1
47 118 69 23 2 2
47 187 53 23 2 4
70 20 66 23 2 5
70 86 10 23 2 5
70 96 69 23 2 4
70 165 18 23 2 4
70 183 26 23 2 1
70 209 31 23 2 5
93 20 57 27 2 4
93 77 53 29 2 5
93 130 29 29 2 1
93 159 38 29 2 5
93 197 39 29 2 1
93 236 4 10 2 4
103 236 4 15 2 1
118 236 4 4 2 2
122 77 25 66 2 2
122 102 69 23 2 5
122 171 5 23 2 2
122 176 24 23 2 1
122 200 40 23 2 1
145 102 20 43 2 5
145 122 10 43 2 4
145 132 49 35 2 2
145 181 34 43 2 3
145 215 25 20 2 1
165 215 25 15 2 5
180 215 11 8 2 3
180 226 14 8 2 5
180 132 22 8 2 1
180 154 15 8 2 2
180 169 12 8 2 2
188 77 69 24 2 1
188 146 29 56 2 4
188 175 60 28 2 4
188 235 5 7 2 4
195 235 5 13 2 2
208 235 5 8 2 2
216 175 32 28 2 3
216 207 33 18 2 4
234 207 4 10 2 5
234 211 5 10 2 3
234 216 24 10 2 2
244 146 28 59 2 2
244 174 17 59 2 4
244 191 41 38 2 1
244 232 8 13 2 4
257 232 8 17 2 2
274 232 8 9 2 1
283 232 8 9 2 4
292 232 8 11 2 4
282 191 41 21 2 1
303 146 30 53 2 2
303 176 60 23 2 1
303 236 4 8 2 2
311 236 4 11 2 1
322 236 4 21 2 3
343 236 4 13 2 1
326 176 10 30 2 1
326 186 50 30 2 2
356 146 43 36 2 1
356 189 51 29 2 1
385 189 27 59 2 3
385 216 24 26 2 4
411 216 24 16 2 2
427 216 24 12 2 5
439 216 4 5 2 3
439 220 11 5 2 1
439 231 5 5 2 4
439 236 4 5 2 5
444 189 51 32 2 5
476 189 51 26 2 2
502 189 22 71 2 5
502 211 29 26 2 4
528 211 16 45 2 3
528 227 13 41 2 3
569 227 5 4 2 2
569 232 1 4 2 5
569 233 7 4 2 1
573 189 24 68 2 4
573 213 27 45 2 3
618 213 21 23 2 3
618 234 6 11 2 1
629 234 6 12 2 2
641 189 51 25 2 1
666 189 51 39 2 5
392 146 43 34 2 5
426 146 43 38 2 5
464 146 43 35 2 2
499 146 31 51 2 3
499 177 12 23 2 4
522 177 12 11 2 2
533 177 12 10 2 3
543 177 12 7 2 4
550 146 43 24 2 1
574 146 43 22 2 4
596 146 43 26 2 1
622 146 22 68 2 4
622 168 21 54 2 1
676 168 21 15 2 2
691 168 4 14 2 5
691 172 17 9 2 1
700 172 17 5 2 4
690 146 3 15 2 5
690 149 19 10 2 3
700 149 4 5 2 2
700 153 1 5 2 3
700 154 8 5 2 4
700 162 6 5 2 4
212 77 59 29 2 4
212 136 10 11 2 3
223 136 10 8 2 1
231 136 10 6 2 4
237 136 6 4 2 5
237 142 4 4 2 5
241 77 40 40 2 5
241 117 29 24 2 5
265 117 29 57 2 1
322 117 29 54 2 2
376 117 29 57 2 5
433 117 29 25 2 4
458 117 29 34 2 5
492 117 23 70 2 5
492 140 6 31 2 3
523 140 6 12 2 3
535 140 6 10 2 4
545 140 6 17 2 3
562 117 29 24 2 5
586 117 29 24 2 1
610 117 29 46 2 4
656 117 29 39 2 3
695 117 23 10 2 2
695 140 6 4 2 2
699 140 6 6 2 4
281 77 40 25 2 5
306 77 40 40 2 4
346 77 40 41 2 4
387 77 40 25 2 1
412 77 40 32 2 4
444 77 40 30 2 4
474 77 35 46 2 2
474 112 5 20 2 5
494 112 5 61 2 2
555 112 5 47 2 4
602 112 5 13 2 1
615 112 5 12 2 2
627 112 5 15 2 4
642 112 5 40 2 4
682 112 5 6 2 3
688 112 5 17 2 3
520 77 35 23 2 5
543 77 35 23 2 4
566 77 35 24 2 1
590 77 35 36 2 3
626 77 35 24 2 2
650 77 12 55 2 3
650 89 15 55 2 2
650 104 8 37 2 3
687 104 8 18 2 1
120 20 57 24 2 2
144 20 57 27 2 2
171 20 57 30 2 1
201 20 57 27 2 2
228 20 27 59 2 4
228 47 30 23 2 3
251 47 30 36 2 5
287 20 50 31 2 4
287 70 7 10 2 5
297 70 7 17 2 5
314 70 7 4 2 2
318 20 28 56 2 3
318 48 29 22 2 3
340 48 29 28 2 5
368 48 9 6 2 5
368 57 20 6 2 3
374 20 57 25 2 5
399 20 57 25 2 1
424 20 45 34 2 5
424 65 12 65 2 5
489 65 12 23 2 3
512 65 12 77 2 1
589 65 12 22 2 4
611 65 12 21 2 4
632 65 12 33 2 2
665 65 12 33 2 4
698 65 8 7 2 3
698 73 4 7 2 1
458 20 28 60 2 2
458 48 17 33 2 4
491 48 17 27 2 4
518 20 36 46 2 1
518 56 9 30 2 5
548 56 9 21 2 3
569 56 9 20 2 5
589 56 9 32 2 1
621 56 9 57 2 5
678 56 9 15 2 5
693 56 9 12 2 1
564 20 36 25 2 1
589 20 20 71 2 3
589 40 16 20 2 2
609 40 16 31 2 3
640 40 16 11 2 5
651 40 16 9 2 4
660 20 36 24 2 4
684 20 36 21 2 1
81 0 20 24 2 3
105 0 20 47 2 1
152 0 20 61 2 4
213 0 20 24 2 1
237 0 20 22 2 5
259 0 20 50 2 3
309 0 20 43 2 5
352 0 20 30 2 2
382 0 20 28 2 4
410 0 20 46 2 5
456 0 20 47 2 3
503 0 20 32 2 2
535 0 20 39 2 5
574 0 20 35 2 3
609 0 20 50 2 4
659 0 20 21 2 5
680 0 20 13 2 4
693 0 20 12 2 5
0 0 43 82 1 3
0 43 97 37 1 5
0 140 80 43 1 2
0 220 72 47 1 1
0 292 102 35 1 1
0 394 28 47 1 2
0 422 83 47 1 5
0 505 31 47 1 1
0 536 97 36 1 5
0 633 100 36 1 4
0 733 47 24 1 2
24 733 35 12 1 3
24 768 8 12 1 5
24 776 4 5 1 5
29 776 4 7 1 1
36 536 5 11 1 5
36 541 28 11 1 2
36 569 30 11 1 3
36 599 14 11 1 4
36 613 3 11 1 1
36 616 28 11 1 5
36 644 2 11 1 3
36 646 14 11 1 5
36 660 27 11 1 4
36 687 4 11 1 1
36 691 27 11 1 4
36 718 10 11 1 3
36 728 4 11 1 5
36 732 11 11 1 4
36 743 18 11 1 3
36 761 19 11 1 4
35 292 34 12 1 2
35 326 29 12 1 1
35 355 4 12 1 5
35 359 11 12 1 5
35 370 20 12 1 4
35 390 4 4 1 1
39 390 4 4 1 1
43 390 4 4 1 5
47 220 10 35 1 5
47 230 92 31 1 5
47 322 22 31 1 1
47 344 35 31 1 1
47 379 34 31 1 3
47 413 38 31 1 2
47 451 34 31 1 4
47 485 50 31 1 1
47 535 27 31 1 2
47 562 64 31 1 2
47 626 93 31 1 5
47 719 61 25 1 3
72 719 1 6 1 2
72 720 10 6 1 2
72 730 18 6 1 2
72 748 1 6 1 2
72 749 2 6 1 2
72 751 2 6 1 4
72 753 10 6 1 5
72 763 6 6 1 4
72 769 1 6 1 2
72 770 1 6 1 2
72 771 9 6 1 5
78 230 4 4 1 1
78 234 1 4 1 2
78 235 7 4 1 5
78 242 1 4 1 4
78 243 12 4 1 5
78 255 12 4 1 5
78 267 4 4 1 4
78 271 1 4 1 2
78 272 7 4 1 3
78 279 4 4 1 5
78 283 11 4 1 4
78 294 11 4 1 5
78 305 1 4 1 5
78 306 11 4 1 1
78 317 5 4 1 1
78 322 1 4 1 4
78 323 1 4 1 5
78 324 5 4 1 3
78 329 5 4 1 5
78 334 3 4 1 3
78 337 8 4 1 1
78 345 5 4 1 4
78 350 4 4 1 2
78 354 3 4 1 2
78 357 6 4 1 1
78 363 4 4 1 3
78 367 4 4 1 4
78 371 12 4 1 5
78 383 6 4 1 4
78 389 1 4 1 3
78 390 1 4 1 3
78 391 5 4 1 3
78 396 5 4 1 2
78 401 9 4 1 2
78 410 11 4 1 1
78 421 1 4 1 1
78 422 4 4 1 3
78 426 2 4 1 2
78 428 9 4 1 2
78 437 3 4 1 5
78 440 1 4 1 4
78 441 11 4 1 3
78 452 9 4 1 2
78 461 1 4 1 4
78 462 3 4 1 4
78 465 7 4 1 5
78 472 12 4 1 1
78 484 2 4 1 2
78 486 8 4 1 4
78 494 1 4 1 2
78 495 11 4 1 5
78 506 12 4 1 5
78 518 12 4 1 5
78 530 3 4 1 1
78 533 12 4 1 3
78 545 2 4 1 2
78 547 2 4 1 5
78 549 1 4 1 3
78 550 7 4 1 1
78 557 1 4 1 4
78 558 11 4 1 5
78 569 1 4 1 4
78 570 8 4 1 2
78 578 3 4 1 3
78 581 3 4 1 2
78 584 6 4 1 4
78 590 2 4 1 3
78 592 1 4 1 2
78 593 5 4 1 1
78 598 5 4 1 5
78 603 10 4 1 2
78 613 4 4 1 3
78 617 1 4 1 4
78 618 4 4 1 1
78 622 2 4 1 1
78 624 7 4 1 1
78 631 2 4 1 4
78 633 9 4 1 4
78 642 1 4 1 1
78 643 11 4 1 1
78 654 2 4 1 5
78 656 7 4 1 3
78 663 8 4 1 5
78 671 12 4 1 4
78 683 8 4 1 2
78 691 3 4 1 5
78 694 11 4 1 1
78 705 5 4 1 1
78 710 3 4 1 5
78 713 6 4 1 2
78 719 9 4 1 5
78 728 1 4 1 2
78 729 2 4 1 1
78 731 4 4 1 3
78 735 9 4 1 2
78 744 9 4 1 5
78 753 6 4 1 5
78 759 2 4 1 1
78 761 1 4 1 2
78 762 12 4 1 1
78 774 6 4 1 1
43 140 13 39 1 5
43 153 15 39 1 5
43 168 9 39 1 3
43 177 43 24 1 5
67 177 3 15 1 3
67 180 4 15 1 4
67 184 36 15 1 4
37 43 90 39 1 5
37 133 7 12 1 1
49 133 7 16 1 2
65 133 7 6 1 5
71 133 7 5 1 2
76 133 7 6 1 4
76 43 3 6 1 4
76 46 16 6 1 4
76 62 8 6 1 2
76 70 11 6 1 4
76 81 1 6 1 1
76 82 4 6 1 2
76 86 7 6 1 5
76 93 2 6 1 2
76 95 18 6 1 2
76 113 11 6 1 1
76 124 9 6 1 5
82 0 33 108 1 5
82 33 25 108 1 3
82 58 67 55 1 5
82 125 98 34 1 1
82 223 10 34 1 2
82 233 102 34 1 1
82 335 40 34 1 5
82 375 71 34 1 2
82 446 71 34 1 5
82 517 64 34 1 2
82 581 16 34 1 3
82 597 13 34 1 4
82 610 72 34 1 2
82 682 91 34 1 5
82 773 7 10 1 5
92 773 7 8 1 5
100 773 7 8 1 1
108 773 7 4 1 1
112 773 7 4 1 3
116 125 88 40 1 3
116 213 105 35 1 3
116 318 96 35 1 5
116 414 42 35 1 1
116 456 61 35 1 1
116 517 55 35 1 5
116 572 83 35 1 3
116 655 100 35 1 4
116 755 25 18 1 2
134 755 25 13 1 3
147 755 1 4 1 5
147 756 11 4 1 4
147 767 13 4 1 5
151 213 40 39 1 2
151 253 21 39 1 3
151 274 27 39 1 5
151 301 110 39 1 5
151 411 49 39 1 3
151 460 47 39 1 5
151 507 83 39 1 2
151 590 101 34 1 4
151 691 89 34 1 5
185 590 10 5 1 3
185 600 3 5 1 1
185 603 4 5 1 2
185 607 8 5 1 5
185 615 13 5 1 3
185 628 8 5 1 4
185 636 1 5 1 5
185 637 7 5 1 1
185 644 1 5 1 1
185 645 9 5 1 5
185 654 1 5 1 2
185 655 8 5 1 3
185 663 2 5 1 2
185 665 1 5 1 1
185 666 10 5 1 5
185 676 15 5 1 3
185 691 12 5 1 4
185 703 6 5 1 2
185 709 12 5 1 3
185 721 10 5 1 4
185 731 5 5 1 5
185 736 14 5 1 2
185 750 2 5 1 3
185 752 3 5 1 3
185 755 10 5 1 2
185 765 15 5 1 5
156 125 88 34 1 2
137 58 67 35 1 5
172 58 6 18 1 2
172 64 48 18 1 4
172 112 5 18 1 5
172 117 8 7 1 4
179 117 8 6 1 5
185 117 2 5 1 2
185 119 6 5 1 1
190 0 59 51 1 1
190 59 90 40 1 1
190 149 96 32 1 3
190 245 72 32 1 1
190 317 46 32 1 1
190 363 7 32 1 5
190 370 70 32 1 3
190 440 58 32 1 5
190 498 54 32 1 4
190 552 60 32 1 3
190 612 30 32 1 4
190 642 71 32 1 1
190 713 67 32 1 4
222 149 76 47 1 2
222 225 86 40 1 4
222 311 61 40 1 5
222 372 18 40 1 1
222 390 76 40 1 2
222 466 104 40 1 2
222 570 12 40 1 4
222 582 70 40 1 1
222 652 10 40 1 4
222 662 102 35 1 1
222 764 8 35 1 1
222 772 8 18 1 4
240 772 8 10 1 1
250 772 8 7 1 4
257 662 1 5 1 4
257 663 1 5 1 1
257 664 11 5 1 1
257 675 2 5 1 1
257 677 1 5 1 1
257 678 7 5 1 1
257 685 2 5 1 5
257 687 14 5 1 2
257 701 3 5 1 5
257 704 9 5 1 3
257 713 14 5 1 4
257 727 6 5 1 2
257 733 14 5 1 5
257 747 14 5 1 3
257 761 2 5 1 5
257 763 1 5 1 3
257 764 1 5 1 2
257 765 3 5 1 5
257 768 2 5 1 2
257 770 10 5 1 1
262 225 90 37 1 5
262 315 62 37 1 3
262 377 108 37 1 3
262 485 16 37 1 5
262 501 30 37 1 1
262 531 105 37 1 4
262 636 109 37 1 3
262 745 29 37 1 3
262 774 6 9 1 3
271 774 6 7 1 5
278 774 6 21 1 3
299 225 73 44 1 2
299 298 102 34 1 4
299 400 56 61 1 3
299 456 51 61 1 4
299 507 77 44 1 1
299 584 49 44 1 4
299 633 92 38 1 1
299 725 22 38 1 2
299 747 33 23 1 1
322 747 15 15 1 4
322 762 18 9 1 1
331 762 6 6 1 4
331 768 2 6 1 3
331 770 6 6 1 5
331 776 4 6 1 1
337 633 10 6 1 5
337 643 18 6 1 1
337 661 2 6 1 2
337 663 18 6 1 4
337 681 7 6 1 2
337 688 5 6 1 1
337 693 16 6 1 5
337 709 16 6 1 4
337 725 3 6 1 4
337 728 4 6 1 5
337 732 15 6 1 4
337 747 18 6 1 5
337 765 2 6 1 5
337 767 13 6 1 5
343 507 28 17 1 2
343 535 4 17 1 3
343 539 48 17 1 1
343 587 5 17 1 5
343 592 21 17 1 1
343 613 34 17 1 4
343 647 3 17 1 1
343 650 26 17 1 5
343 676 34 17 1 4
343 710 28 17 1 3
343 738 30 17 1 2
343 768 12 10 1 3
353 768 12 7 1 4
360 400 47 75 1 2
360 447 37 75 1 4
360 484 63 56 1 1
360 547 30 56 1 3
360 577 68 51 1 1
360 645 81 43 1 4
360 726 19 43 1 4
360 745 22 43 1 1
360 767 13 22 1 1
382 767 13 10 1 3
392 767 7 11 1 2
392 774 6 5 1 1
397 774 6 6 1 2
403 645 8 8 1 3
403 653 10 8 1 2
403 663 15 8 1 4
403 678 22 8 1 4
403 700 23 8 1 1
403 723 10 8 1 4
403 733 18 8 1 1
403 751 18 8 1 3
403 769 11 8 1 3
411 577 4 5 1 2
411 581 2 5 1 5
411 583 2 5 1 1
411 585 2 5 1 3
411 587 5 5 1 1
411 592 13 5 1 5
411 605 4 5 1 4
411 609 4 5 1 4
411 613 7 5 1 5
411 620 14 5 1 3
411 634 15 5 1 1
411 649 9 5 1 3
411 658 3 5 1 4
411 661 3 5 1 1
411 664 15 5 1 3
411 679 6 5 1 5
411 685 14 5 1 1
411 699 15 5 1 3
411 714 6 5 1 4
411 720 15 5 1 3
411 735 10 5 1 5
411 745 14 5 1 2
411 759 15 5 1 1
411 774 6 5 1 5
416 484 4 19 1 2
416 488 49 19 1 1
416 537 57 19 1 5
416 594 45 19 1 1
416 639 4 19 1 5
416 643 11 19 1 4
416 654 13 19 1 4
416 667 8 19 1 3
416 675 56 19 1 3
416 731 39 19 1 3
416 770 10 9 1 3
425 770 4 10 1 3
425 774 6 10 1 4
435 400 100 35 1 3
435 500 68 35 1 4
435 568 43 35 1 5
435 611 74 35 1 2
435 685 9 35 1 2
435 694 68 35 1 4
435 762 18 16 1 2
451 762 4 19 1 5
451 766 5 19 1 4
451 771 4 19 1 1
451 775 5 14 1 5
465 775 5 5 1 4
333 298 95 38 1 5
333 393 7 38 1 3
371 298 79 46 1 1
371 377 23 95 1 3
466 377 4 4 1 5
466 381 1 4 1 5
466 382 4 4 1 1
466 386 9 4 1 5
466 395 5 4 1 2
417 298 19 53 1 5
417 317 60 31 1 1
448 317 27 22 1 1
448 344 33 17 1 4
465 344 1 5 1 5
465 345 13 5 1 1
465 358 10 5 1 4
465 368 9 5 1 5
343 225 73 37 1 5
380 225 50 73 1 5
380 275 23 40 1 5
420 275 23 18 1 1
438 275 11 15 1 2
438 286 12 9 1 5
447 286 2 6 1 1
447 288 10 6 1 5
453 225 7 17 1 4
453 232 42 17 1 4
453 274 24 13 1 2
466 274 10 4 1 5
466 284 5 4 1 3
466 289 9 4 1 5
269 149 68 51 1 5
269 217 8 50 1 2
319 217 8 20 1 3
339 217 8 19 1 5
358 217 8 44 1 5
402 217 8 15 1 3
417 217 8 12 1 1
429 217 8 35 1 1
464 217 8 6 1 1
320 149 68 47 1 5
367 149 68 46 1 1
413 149 68 35 1 4
448 149 68 22 1 5
230 59 76 45 1 2
230 135 14 38 1 1
268 135 14 42 1 5
310 135 14 95 1 2
405 135 14 33 1 3
438 135 14 19 1 2
457 135 3 13 1 4
457 138 11 9 1 1
466 138 11 4 1 1
275 59 52 68 1 3
275 111 24 41 1 1
316 111 24 43 1 3
359 111 24 43 1 3
402 111 24 25 1 2
427 111 24 34 1 3
461 111 8 9 1 1
461 119 16 9 1 1
343 59 52 34 1 2
377 59 52 35 1 2
412 59 52 58 1 4
241 0 59 35 1 5
276 0 59 35 1 1
311 0 59 34 1 5
345 0 59 42 1 3
387 0 59 34 1 2
421 0 59 31 1 5
452 0 52 18 1 1
452 52 7 8 1 5
460 52 7 5 1 4
465 52 3 5 1 2
465 55 4 5 1 5
