160 200 21
6
160 540 4
160 600 3
135 80 2
70 60 1.5
70 80 1
70 140 0.5
128
0 0 43 50 4 2
50 0 43 92 4 3
142 0 43 81 4 3
0 43 43 89 4 2
89 43 43 54 4 1
143 43 43 80 4 1
223 0 86 57 4 2
280 0 86 64 4 2
344 0 41 37 4 2
344 41 45 37 4 2
381 0 86 89 4 2
470 0 86 70 4 2
223 86 37 63 4 3
286 86 37 76 4 2
362 86 37 82 4 2
444 86 37 62 4 1
506 86 37 34 4 3
223 123 37 84 4 1
307 123 37 85 4 1
392 123 37 56 4 2
448 123 37 92 4 1
0 86 74 111 4 3
111 86 47 60 4 1
111 133 27 60 4 1
171 86 74 52 4 2
0 0 37 79 3 2
79 0 37 64 3 1
143 0 37 60 3 2
203 0 37 60 3 2
0 37 37 74 3 2
74 37 37 73 3 2
147 37 37 51 3 2
198 37 37 65 3 2
263 0 74 72 3 1
335 0 74 96 3 1
431 0 74 58 3 1
489 0 74 61 3 3
550 0 74 50 3 1
263 74 43 73 3 3
336 74 43 61 3 3
397 74 43 80 3 3
477 74 43 64 3 1
541 74 43 59 3 3
263 117 43 74 3 2
337 117 43 79 3 3
416 117 43 68 3 2
484 117 43 55 3 3
539 117 43 61 3 3
0 74 86 56 3 2
56 74 86 75 3 2
131 74 86 132 3 3
0 0 19 18 2 1
0 19 17 18 2 2
18 0 19 18 2 1
18 19 17 18 2 3
0 36 18 20 2 1
0 54 19 20 2 3
20 36 12 16 2 2
20 48 14 16 2 2
20 62 11 16 2 2
36 0 28 22 2 3
36 28 18 22 2 3
36 46 27 22 2 2
58 0 24 22 2 3
58 24 24 22 2 3
58 48 25 22 2 1
36 73 17 21 2 2
36 90 14 24 2 1
60 90 14 20 2 2
57 73 17 23 2 1
36 104 31 44 2 3
0 73 18 18 2 2
0 91 16 18 2 2
0 107 17 18 2 3
0 124 11 18 2 2
18 73 14 18 2 1
18 87 15 18 2 2
18 102 19 18 2 2
18 121 14 18 2 1
0 0 19 28 1 1
0 19 20 11 1 3
11 19 20 17 1 3
28 0 16 16 1 3
28 16 14 16 1 3
28 30 9 16 1 3
44 0 17 16 1 3
44 17 22 16 1 3
28 39 15 17 1 3
45 39 15 15 1 3
28 54 16 17 1 1
45 54 16 15 1 3
0 39 12 14 1 1
0 51 19 14 1 1
14 39 15 14 1 3
14 54 16 14 1 1
0 0 15 20 1 1
20 0 15 16 1 1
0 15 16 16 1 1
16 15 16 20 1 2
36 0 31 22 1 3
58 0 16 22 1 2
58 16 15 22 1 2
36 31 19 16 1 3
52 31 19 28 1 2
36 50 20 23 1 3
59 50 20 21 1 3
0 31 17 18 1 2
0 48 22 18 1 3
18 31 16 18 1 1
18 47 23 18 1 1
0 0 19 21 0.5 3
21 0 19 26 0.5 3
47 0 19 17 0.5 2
64 0 9 9 0.5 3
64 9 10 9 0.5 1
0 19 19 30 0.5 1
30 19 19 21 0.5 2
51 19 19 22 0.5 1
73 0 38 33 0.5 1
106 0 38 34 0.5 2
73 38 16 22 0.5 1
95 38 16 26 0.5 3
121 38 16 19 0.5 1
73 54 16 27 0.5 1
100 54 16 21 0.5 3
121 54 16 19 0.5 1
0 38 32 36 0.5 3
36 38 32 37 0.5 1
