500 500 15
6
1875 190 4
1100 310 3
580 310 2.5
1075 310 2
300 380 1
600 240 0.5
2732
0 0 84 42 4 3
0 84 26 42 4 1
0 110 53 42 4 2
0 163 64 42 4 1
0 227 50 42 4 3
0 277 42 42 4 2
0 319 81 42 4 2
0 400 36 42 4 1
0 436 8 42 4 2
0 444 50 42 4 2
0 494 9 42 4 2
0 503 9 42 4 2
0 512 84 42 4 1
0 596 83 42 4 1
0 679 54 42 4 2
0 733 74 42 4 2
0 807 13 42 4 1
0 820 80 42 4 2
0 900 82 42 4 2
0 982 84 42 4 1
0 1066 83 42 4 2
0 1149 10 42 4 1
0 1159 80 42 4 1
0 1239 13 42 4 1
0 1252 66 42 4 1
0 1318 10 42 4 1
0 1328 76 42 4 2
0 1404 43 42 4 1
0 1447 61 42 4 1
0 1508 80 42 4 2
0 1588 79 42 4 1
0 1667 34 42 4 2
0 1701 26 42 4 1
0 1727 22 42 4 1
0 1749 77 42 4 2
0 1826 30 42 4 3
0 1856 19 20 4 1
20 1856 4 22 4 1
20 1860 15 13 4 2
33 1860 15 9 4 2
42 0 70 63 4 1
42 70 52 63 4 2
42 122 13 63 4 2
42 135 79 40 4 1
42 214 80 40 4 2
42 294 32 40 4 2
42 326 78 40 4 2
42 404 62 40 4 1
42 466 20 40 4 3
42 486 9 40 4 2
42 495 10 40 4 1
42 505 70 40 4 1
42 575 31 40 4 1
42 606 20 40 4 2
42 626 10 40 4 2
42 636 60 40 4 2
42 696 8 40 4 2
42 704 79 40 4 1
42 783 23 40 4 2
42 806 18 40 4 3
42 824 78 40 4 2
42 902 10 40 4 1
42 912 28 40 4 3
42 940 21 40 4 2
42 961 16 40 4 1
42 977 78 40 4 2
42 1055 79 40 4 2
42 1134 78 40 4 1
42 1212 13 40 4 1
42 1225 59 40 4 2
42 1284 73 40 4 1
42 1357 11 40 4 2
42 1368 58 40 4 1
42 1426 80 40 4 1
42 1506 61 40 4 1
42 1567 80 40 4 1
42 1647 80 40 4 2
42 1727 49 40 4 3
42 1776 75 40 4 2
42 1851 24 23 4 1
65 1851 17 17 4 1
65 1868 7 17 4 2
82 135 12 23 4 1
82 147 41 23 4 2
82 188 32 23 4 2
82 220 45 23 4 1
82 265 36 23 4 1
82 301 28 23 4 1
82 329 43 23 4 4
82 372 46 23 4 1
82 418 8 23 4 2
82 426 42 23 4 2
82 468 36 23 4 1
82 504 15 23 4 1
82 519 33 23 4 2
82 552 46 23 4 2
82 598 24 23 4 1
82 622 22 23 4 1
82 644 18 23 4 3
82 662 19 23 4 2
82 681 12 23 4 2
82 693 34 23 4 1
82 727 11 23 4 2
82 738 8 23 4 1
82 746 14 23 4 3
82 760 5 23 4 1
82 765 45 23 4 1
82 810 13 23 4 3
82 823 46 23 4 1
82 869 10 23 4 1
82 879 6 23 4 1
82 885 44 23 4 3
82 929 42 23 4 1
82 971 21 23 4 1
82 992 33 23 4 2
82 1025 28 23 4 2
82 1053 46 23 4 2
82 1099 13 23 4 2
82 1112 11 23 4 2
82 1123 46 23 4 1
82 1169 23 23 4 1
82 1192 42 23 4 3
82 1234 18 23 4 1
82 1252 44 23 4 1
82 1296 34 23 4 2
82 1330 23 23 4 2
82 1353 28 23 4 3
82 1381 37 23 4 3
82 1418 46 23 4 1
82 1464 40 23 4 1
82 1504 41 23 4 1
82 1545 23 23 4 2
82 1568 43 23 4 3
82 1611 45 23 4 2
82 1656 7 23 4 1
82 1663 11 23 4 2
82 1674 12 23 4 1
82 1686 12 23 4 2
82 1698 27 23 4 1
82 1725 36 23 4 1
82 1761 43 23 4 2
82 1804 44 23 4 3
82 1848 27 19 4 1
101 1848 1 4 4 1
101 1849 2 4 4 1
101 1851 1 4 4 2
101 1852 1 4 4 1
101 1853 1 4 4 1
101 1854 1 4 4 1
101 1855 1 4 4 2
101 1856 1 4 4 1
101 1857 1 4 4 1
101 1858 4 4 4 1
101 1862 3 4 4 2
101 1865 3 4 4 1
101 1868 7 4 4 2
105 0 61 49 4 1
105 61 50 59 4 3
105 111 35 59 4 1
105 146 12 59 4 1
105 158 19 59 4 2
105 177 77 48 4 1
105 254 18 59 4 2
105 272 82 51 4 3
105 354 23 59 4 2
105 377 27 59 4 2
105 404 12 59 4 2
105 416 87 47 4 1
105 503 94 47 4 2
105 597 79 47 4 1
105 676 13 47 4 1
105 689 9 47 4 2
105 698 94 47 4 1
105 792 77 39 4 1
105 869 42 47 4 2
105 911 76 40 4 3
105 987 9 47 4 4
105 996 15 47 4 1
105 1011 90 47 4 2
105 1101 35 47 4 2
105 1136 72 47 4 1
105 1208 23 47 4 2
105 1231 78 40 4 2
105 1309 8 40 4 2
105 1317 69 40 4 2
105 1386 53 40 4 2
105 1439 16 40 4 1
105 1455 10 40 4 3
105 1465 80 40 4 1
105 1545 78 40 4 1
105 1623 12 40 4 1
105 1635 26 40 4 1
105 1661 30 40 4 1
105 1691 77 40 4 3
105 1768 42 40 4 2
105 1810 65 36 4 1
141 1810 2 4 4 1
141 1812 5 4 4 1
141 1817 2 4 4 3
141 1819 8 4 4 1
141 1827 3 4 4 2
141 1830 3 4 4 2
141 1833 2 4 4 2
141 1835 8 4 4 2
141 1843 7 4 4 1
141 1850 4 4 4 2
141 1854 2 4 4 2
141 1856 7 4 4 2
141 1863 7 4 4 1
141 1870 5 4 4 3
145 1231 4 7 4 1
145 1235 12 7 4 1
145 1247 13 7 4 1
145 1260 11 7 4 2
145 1271 11 7 4 1
145 1282 14 7 4 1
145 1296 3 7 4 1
145 1299 2 7 4 2
145 1301 5 7 4 2
145 1306 5 7 4 2
145 1311 14 7 4 1
145 1325 2 7 4 1
145 1327 7 7 4 2
145 1334 11 7 4 3
145 1345 10 7 4 1
145 1355 14 7 4 2
145 1369 14 7 4 2
145 1383 1 7 4 1
145 1384 12 7 4 1
145 1396 14 7 4 2
145 1410 12 7 4 1
145 1422 12 7 4 1
145 1434 12 7 4 1
145 1446 2 7 4 1
145 1448 9 7 4 2
145 1457 14 7 4 1
145 1471 7 7 4 3
145 1478 12 7 4 1
145 1490 14 7 4 2
145 1504 4 7 4 2
145 1508 2 7 4 2
145 1510 2 7 4 2
145 1512 5 7 4 2
145 1517 3 7 4 2
145 1520 9 7 4 2
145 1529 4 7 4 2
145 1533 10 7 4 2
145 1543 12 7 4 1
145 1555 3 7 4 2
145 1558 3 7 4 1
145 1561 2 7 4 1
145 1563 14 7 4 2
145 1577 1 7 4 2
145 1578 13 7 4 3
145 1591 13 7 4 1
145 1604 9 7 4 3
145 1613 6 7 4 1
145 1619 11 7 4 1
145 1630 8 7 4 1
145 1638 12 7 4 2
145 1650 3 7 4 2
145 1653 2 7 4 3
145 1655 14 7 4 1
145 1669 12 7 4 2
145 1681 12 7 4 2
145 1693 1 7 4 2
145 1694 2 7 4 3
145 1696 14 7 4 1
145 1710 10 7 4 1
145 1720 1 7 4 1
145 1721 11 7 4 1
145 1732 13 7 4 2
145 1745 12 7 4 1
145 1757 14 7 4 1
145 1771 14 7 4 1
145 1785 10 7 4 2
145 1795 6 7 4 1
145 1801 8 7 4 1
145 1809 10 7 4 1
145 1819 13 7 4 2
145 1832 14 7 4 2
145 1846 9 7 4 2
145 1855 10 7 4 1
145 1865 2 7 4 2
145 1867 8 7 4 1
145 911 10 7 4 1
145 921 14 7 4 2
145 935 11 7 4 1
145 946 13 7 4 3
145 959 5 7 4 1
145 964 13 7 4 1
145 977 5 7 4 2
145 982 5 7 4 1
144 792 16 8 4 1
144 808 16 8 4 1
144 824 4 8 4 1
144 828 2 8 4 1
144 830 16 8 4 1
144 846 15 8 4 3
144 861 8 8 4 1
152 416 24 12 4 1
152 440 4 12 4 2
152 444 3 12 4 1
152 447 24 12 4 1
152 471 21 12 4 1
152 492 5 12 4 1
152 497 13 12 4 1
152 510 9 12 4 2
152 519 18 12 4 1
152 537 14 12 4 3
152 551 14 12 4 1
152 565 3 12 4 2
152 568 7 12 4 3
152 575 22 12 4 2
152 597 4 12 4 1
152 601 16 12 4 2
152 617 13 12 4 1
152 630 20 12 4 1
152 650 11 12 4 2
152 661 5 12 4 1
152 666 17 12 4 1
152 683 3 12 4 2
152 686 24 12 4 1
152 710 14 12 4 1
152 724 10 12 4 3
152 734 20 12 4 1
152 754 2 12 4 1
152 756 9 12 4 1
152 765 24 12 4 4
152 789 8 12 4 2
152 797 3 12 4 2
152 800 4 12 4 2
152 804 18 12 4 1
152 822 23 12 4 1
152 845 8 12 4 1
152 853 24 12 4 1
152 877 5 12 4 1
152 882 24 12 4 1
152 906 20 12 4 2
152 926 23 12 4 1
152 949 3 12 4 2
152 952 5 12 4 1
152 957 14 12 4 2
152 971 5 12 4 3
152 976 3 12 4 1
152 979 21 12 4 1
152 1000 7 12 4 1
152 1007 24 12 4 2
152 1031 14 12 4 1
152 1045 8 12 4 1
152 1053 4 12 4 2
152 1057 12 12 4 1
152 1069 23 12 4 1
152 1092 6 12 4 1
152 1098 3 12 4 2
152 1101 3 12 4 1
152 1104 3 12 4 2
152 1107 23 12 4 2
152 1130 3 12 4 3
152 1133 11 12 4 2
152 1144 24 12 4 1
152 1168 7 12 4 3
152 1175 23 12 4 2
152 1198 12 12 4 1
152 1210 19 12 4 3
152 1229 23 12 4 1
152 1252 3 12 4 1
152 1255 15 12 4 1
152 1270 22 12 4 2
152 1292 24 12 4 2
152 1316 3 12 4 2
152 1319 15 12 4 1
152 1334 17 12 4 3
152 1351 14 12 4 2
152 1365 24 12 4 2
152 1389 4 12 4 2
152 1393 19 12 4 1
152 1412 11 12 4 2
152 1423 23 12 4 1
152 1446 11 12 4 2
152 1457 24 12 4 1
152 1481 24 12 4 1
152 1505 3 12 4 1
152 1508 17 12 4 1
152 1525 17 12 4 2
152 1542 20 12 4 3
152 1562 19 12 4 1
152 1581 15 12 4 1
152 1596 17 12 4 3
152 1613 2 12 4 3
152 1615 24 12 4 2
152 1639 24 12 4 1
152 1663 5 12 4 1
152 1668 24 12 4 1
152 1692 24 12 4 1
152 1716 21 12 4 2
152 1737 23 12 4 1
152 1760 3 12 4 1
152 1763 14 12 4 1
152 1777 6 12 4 1
152 1783 24 12 4 2
152 1807 7 12 4 2
152 1814 24 12 4 2
152 1838 3 12 4 1
152 1841 2 12 4 1
152 1843 4 12 4 1
152 1847 3 12 4 3
152 1850 21 12 4 1
152 1871 4 12 4 2
156 272 3 8 4 2
156 275 16 8 4 2
156 291 15 8 4 1
156 306 2 8 4 3
156 308 16 8 4 1
156 324 14 8 4 2
156 338 11 8 4 1
156 349 5 8 4 1
153 177 8 11 4 1
153 185 22 11 4 2
153 207 2 11 4 2
153 209 8 11 4 2
153 217 12 11 4 2
153 229 21 11 4 1
153 250 4 5 4 1
158 250 4 6 4 2
164 61 41 26 4 1
164 102 10 26 4 3
164 112 32 26 4 1
164 144 5 26 4 2
164 149 5 26 4 3
164 154 31 26 4 2
164 185 22 26 4 1
164 207 27 26 4 2
164 234 52 26 4 2
164 286 7 26 4 1
164 293 38 26 4 1
164 331 48 26 4 2
164 379 16 26 4 2
164 395 5 26 4 1
164 400 24 26 4 1
164 424 6 26 4 2
164 430 51 26 4 1
164 481 33 26 4 2
164 514 35 26 4 2
164 549 9 26 4 1
164 558 30 26 4 2
164 588 36 26 4 1
164 624 26 26 4 1
164 650 49 26 4 1
164 699 52 26 4 2
164 751 52 26 4 3
164 803 5 26 4 2
164 808 51 26 4 1
164 859 51 26 4 1
164 910 51 26 4 2
164 961 47 26 4 1
164 1008 6 26 4 3
164 1014 30 26 4 3
164 1044 32 26 4 3
164 1076 20 26 4 2
164 1096 51 26 4 1
164 1147 38 26 4 2
164 1185 5 26 4 3
164 1190 6 26 4 2
164 1196 28 26 4 2
164 1224 19 26 4 2
164 1243 7 26 4 1
164 1250 48 26 4 1
164 1298 19 26 4 1
164 1317 10 26 4 1
164 1327 16 26 4 2
164 1343 36 26 4 1
164 1379 31 26 4 1
164 1410 49 26 4 2
164 1459 12 26 4 2
164 1471 36 26 4 2
164 1507 16 26 4 1
164 1523 26 26 4 1
164 1549 51 26 4 1
164 1600 45 26 4 2
164 1645 52 26 4 2
164 1697 11 26 4 1
164 1708 49 26 4 1
164 1757 6 26 4 1
164 1763 45 26 4 1
164 1808 40 26 4 3
164 1848 27 20 4 2
184 1848 12 6 4 1
184 1860 11 6 4 1
184 1871 4 6 4 1
154 0 33 36 4 1
154 33 28 23 4 1
177 33 11 13 4 2
177 44 17 13 4 2
0 0 56 74 3 3
0 56 40 79 3 1
0 96 44 75 3 1
0 140 71 42 3 2
0 211 73 40 3 2
0 284 12 40 3 1
0 296 70 40 3 1
0 366 10 40 3 1
0 376 19 40 3 1
0 395 75 40 3 2
0 470 31 40 3 2
0 501 8 40 3 3
0 509 16 40 3 2
0 525 23 40 3 3
0 548 69 40 3 2
0 617 9 40 3 1
0 626 44 40 3 1
0 670 18 40 3 1
0 688 56 40 3 2
0 744 30 40 3 1
0 774 80 40 3 1
0 854 38 40 3 2
0 892 8 40 3 1
0 900 75 40 3 1
0 975 14 40 3 1
0 989 8 40 3 4
0 997 58 40 3 2
0 1055 9 40 3 2
0 1064 8 40 3 1
0 1072 11 40 3 2
0 1083 17 23 3 2
23 1083 12 17 3 2
23 1095 5 8 3 2
31 1095 5 9 3 1
40 211 80 50 3 1
40 291 75 50 3 2
40 366 63 50 3 2
40 429 76 38 3 2
40 505 55 38 3 2
40 560 52 38 3 1
40 612 73 38 3 1
40 685 75 38 3 1
40 760 25 38 3 2
40 785 70 38 3 1
40 855 51 38 3 3
40 906 62 38 3 2
40 968 11 38 3 1
40 979 56 38 3 2
40 1035 36 38 3 1
40 1071 10 38 3 2
40 1081 19 25 3 1
65 1081 19 13 3 1
78 429 24 12 3 3
78 453 12 12 3 1
78 465 18 12 3 1
78 483 10 12 3 3
78 493 9 12 3 2
78 502 13 12 3 2
78 515 2 12 3 2
78 517 14 12 3 1
78 531 23 12 3 2
78 554 22 12 3 1
78 576 15 12 3 1
78 591 23 12 3 1
78 614 4 12 3 1
78 618 19 12 3 1
78 637 23 12 3 3
78 660 6 12 3 1
78 666 5 12 3 1
78 671 14 12 3 3
78 685 2 12 3 2
78 687 16 12 3 1
78 703 23 12 3 3
78 726 24 12 3 2
78 750 8 12 3 1
78 758 23 12 3 2
78 781 14 12 3 1
78 795 15 12 3 1
78 810 15 12 3 2
78 825 12 12 3 1
78 837 10 12 3 1
78 847 5 12 3 3
78 852 3 12 3 1
78 855 21 12 3 1
78 876 8 12 3 1
78 884 15 12 3 2
78 899 23 12 3 2
78 922 15 12 3 2
78 937 23 12 3 2
78 960 24 12 3 2
78 984 2 12 3 3
78 986 6 12 3 1
78 992 24 12 3 1
78 1016 3 12 3 1
78 1019 9 12 3 2
78 1028 24 12 3 2
78 1052 14 12 3 2
78 1066 24 12 3 1
78 1090 3 12 3 2
78 1093 3 12 3 2
78 1096 4 7 3 2
85 1096 4 5 3 1
90 211 40 83 3 1
90 251 52 69 3 1
90 303 69 53 3 1
90 372 80 45 3 2
90 452 14 45 3 1
90 466 31 45 3 2
90 497 87 45 3 1
90 584 9 45 3 1
90 593 90 45 3 1
90 683 33 45 3 2
90 716 75 38 3 1
90 791 26 45 3 1
90 817 58 45 3 1
90 875 74 39 3 1
90 949 48 39 3 4
90 997 11 39 3 1
90 1008 78 39 3 1
90 1086 14 26 3 1
116 1086 14 13 3 2
129 875 6 6 3 1
129 881 10 6 3 3
129 891 7 6 3 1
129 898 1 6 3 2
129 899 6 6 3 2
129 905 10 6 3 1
129 915 8 6 3 2
129 923 2 6 3 2
129 925 1 6 3 1
129 926 9 6 3 2
129 935 4 6 3 2
129 939 10 6 3 2
129 949 10 6 3 1
129 959 5 6 3 1
129 964 4 6 3 2
129 968 2 6 3 1
129 970 1 6 3 2
129 971 11 6 3 2
129 982 10 6 3 3
129 992 11 6 3 2
129 1003 7 6 3 3
129 1010 5 6 3 2
129 1015 11 6 3 1
129 1026 12 6 3 2
129 1038 6 6 3 2
129 1044 10 6 3 1
129 1054 12 6 3 2
129 1066 1 6 3 3
129 1067 2 6 3 2
129 1069 1 6 3 1
129 1070 4 6 3 2
129 1074 2 6 3 1
129 1076 6 6 3 1
129 1082 5 6 3 2
129 1087 1 6 3 1
129 1088 12 6 3 3
128 716 10 7 3 3
128 726 14 7 3 1
128 740 14 7 3 1
128 754 4 7 3 2
128 758 11 7 3 2
128 769 13 7 3 1
128 782 9 7 3 3
135 372 15 8 3 2
135 387 11 8 3 2
135 398 15 8 3 2
135 413 8 8 3 1
135 421 11 8 3 1
135 432 6 8 3 1
135 438 16 8 3 2
135 454 2 8 3 2
135 456 3 8 3 1
135 459 10 8 3 2
135 469 13 8 3 1
135 482 16 8 3 1
135 498 6 8 3 1
135 504 5 8 3 1
135 509 14 8 3 3
135 523 7 8 3 3
135 530 2 8 3 1
135 532 13 8 3 1
135 545 3 8 3 1
135 548 2 8 3 1
135 550 14 8 3 2
135 564 7 8 3 2
135 571 3 8 3 1
135 574 9 8 3 2
135 583 9 8 3 1
135 592 3 8 3 2
135 595 15 8 3 3
135 610 16 8 3 1
135 626 16 8 3 2
135 642 8 8 3 1
135 650 13 8 3 2
135 663 4 8 3 2
135 667 2 8 3 1
135 669 2 8 3 2
135 671 12 8 3 3
135 683 5 8 3 1
135 688 5 8 3 1
135 693 16 8 3 3
135 709 9 8 3 1
135 718 11 8 3 2
135 729 3 8 3 1
135 732 16 8 3 2
135 748 2 8 3 1
135 750 8 8 3 2
135 758 3 8 3 1
135 761 6 8 3 1
135 767 10 8 3 2
135 777 3 8 3 2
135 780 15 8 3 1
135 795 9 8 3 2
135 804 11 8 3 2
135 815 2 8 3 2
135 817 11 8 3 1
135 828 8 8 3 2
135 836 2 8 3 2
135 838 16 8 3 2
135 854 5 8 3 2
135 859 4 8 3 2
135 863 2 8 3 2
135 865 16 8 3 1
135 881 2 8 3 4
135 883 14 8 3 1
135 897 8 8 3 1
135 905 8 8 3 2
135 913 12 8 3 1
135 925 2 8 3 2
135 927 11 8 3 2
135 938 10 8 3 1
135 948 7 8 3 1
135 955 15 8 3 1
135 970 16 8 3 1
135 986 2 8 3 2
135 988 4 8 3 2
135 992 9 8 3 1
135 1001 13 8 3 2
135 1014 5 8 3 1
135 1019 3 8 3 1
135 1022 7 8 3 1
135 1029 5 8 3 2
135 1034 4 8 3 2
135 1038 16 8 3 2
135 1054 7 8 3 3
135 1061 4 8 3 1
135 1065 15 8 3 1
135 1080 9 8 3 2
135 1089 2 8 3 1
135 1091 9 8 3 2
143 303 28 30 3 1
143 331 15 30 3 3
143 346 25 30 3 2
143 371 6 30 3 1
143 377 57 30 3 1
143 434 59 30 3 1
143 493 7 30 3 1
143 500 58 30 3 2
143 558 21 30 3 1
143 579 29 30 3 1
143 608 10 30 3 2
143 618 6 30 3 1
143 624 36 30 3 2
143 660 12 30 3 1
143 672 40 30 3 1
143 712 8 30 3 2
143 720 35 30 3 1
143 755 49 30 3 1
143 804 6 30 3 3
143 810 42 30 3 1
143 852 9 30 3 1
143 861 12 30 3 2
143 873 60 30 3 3
143 933 59 30 3 3
143 992 26 30 3 3
143 1018 59 30 3 2
143 1077 23 23 3 1
166 1077 12 7 3 2
166 1089 11 7 3 2
159 251 15 14 3 1
159 266 3 14 3 2
159 269 15 14 3 1
159 284 4 14 3 1
159 288 6 14 3 1
159 294 9 10 3 2
169 294 2 4 3 1
169 296 3 4 3 2
169 299 4 4 3 1
173 211 32 93 3 2
173 243 61 55 3 1
173 304 69 55 3 2
173 373 18 55 3 1
173 391 42 55 3 3
173 433 28 55 3 1
173 461 35 55 3 3
173 496 43 55 3 2
173 539 45 55 3 3
173 584 46 55 3 2
173 630 62 55 3 2
173 692 76 38 3 2
173 768 45 38 3 2
173 813 55 38 3 2
173 868 62 38 3 1
173 930 27 38 3 1
173 957 25 38 3 1
173 982 20 38 3 2
173 1002 75 38 3 1
173 1077 23 25 3 2
198 1077 6 13 3 2
198 1083 17 13 3 1
211 692 4 17 3 1
211 696 6 17 3 1
211 702 4 17 3 3
211 706 31 17 3 2
211 737 15 17 3 2
211 752 7 17 3 2
211 759 14 17 3 2
211 773 7 17 3 1
211 780 22 17 3 2
211 802 5 17 3 1
211 807 30 17 3 1
211 837 9 17 3 1
211 846 4 17 3 1
211 850 34 17 3 2
211 884 32 17 3 1
211 916 4 17 3 1
211 920 28 17 3 2
211 948 3 17 3 1
211 951 7 17 3 2
211 958 4 17 3 1
211 962 26 17 3 1
211 988 33 17 3 1
211 1021 20 17 3 3
211 1041 10 17 3 2
211 1051 19 17 3 2
211 1070 30 17 3 1
228 243 31 38 3 1
228 274 52 38 3 2
228 326 55 38 3 3
228 381 22 38 3 2
228 403 21 38 3 2
228 424 40 38 3 1
228 464 12 38 3 2
228 476 21 38 3 3
228 497 74 38 3 1
228 571 44 38 3 2
228 615 76 38 3 1
228 691 8 38 3 1
228 699 71 38 3 1
228 770 76 38 3 2
228 846 58 38 3 3
228 904 73 38 3 1
228 977 31 38 3 2
228 1008 8 38 3 3
228 1016 13 38 3 2
228 1029 17 38 3 1
228 1046 25 38 3 1
228 1071 29 38 3 1
266 211 13 44 3 2
266 224 21 44 3 1
266 245 9 44 3 1
266 254 87 44 3 2
266 341 69 44 3 2
266 410 10 44 3 1
266 420 10 44 3 2
266 430 31 44 3 1
266 461 17 44 3 2
266 478 17 44 3 3
266 495 43 44 3 1
266 538 53 44 3 3
266 591 33 44 3 1
266 624 12 44 3 1
266 636 20 44 3 1
266 656 87 44 3 2
266 743 74 44 3 3
266 817 18 44 3 1
266 835 53 44 3 1
266 888 23 44 3 1
266 911 45 44 3 1
266 956 87 44 3 1
266 1043 44 44 3 1
266 1087 13 44 3 1
42 140 31 102 3 2
42 171 29 97 3 2
42 200 11 73 3 2
115 200 11 13 3 2
128 200 11 11 3 1
139 171 4 5 3 3
139 175 1 5 3 1
139 176 2 5 3 1
139 178 10 5 3 2
139 188 7 5 3 1
139 195 8 5 3 1
139 203 8 5 3 1
144 140 29 139 3 2
144 169 34 104 3 2
144 203 8 26 3 1
170 203 8 24 3 3
194 203 8 23 3 2
217 203 8 37 3 2
254 203 8 25 3 2
279 203 8 31 3 1
248 169 34 50 3 2
298 169 24 12 3 1
298 193 10 12 3 2
283 140 5 27 3 2
283 145 24 18 3 1
301 145 3 9 3 1
301 148 16 9 3 3
301 164 5 5 3 1
306 164 5 4 3 1
75 96 44 51 3 1
126 96 44 64 3 1
190 96 44 71 3 1
261 96 44 33 3 1
294 96 12 16 3 2
294 108 6 16 3 1
294 114 8 16 3 1
294 122 4 16 3 2
294 126 14 16 3 2
79 56 40 57 3 2
136 56 40 45 3 1
181 56 40 66 3 2
247 56 30 63 3 2
247 86 10 47 3 1
294 86 10 9 3 2
303 86 2 7 3 2
303 88 8 7 3 1
74 0 31 119 3 1
74 31 25 38 3 2
112 31 25 57 3 2
169 31 25 24 3 2
193 0 56 45 3 2
238 0 56 45 3 1
283 0 45 27 3 2
283 45 11 16 3 1
299 45 11 11 3 2
0 0 58 31 2.5 1
0 58 62 31 2.5 1
0 120 55 31 2.5 2
0 175 16 31 2.5 2
0 191 60 31 2.5 2
0 251 30 31 2.5 2
0 281 61 31 2.5 2
0 342 11 31 2.5 2
0 353 15 31 2.5 1
0 368 61 31 2.5 2
0 429 41 31 2.5 2
0 470 29 31 2.5 1
0 499 13 31 2.5 1
0 512 18 31 2.5 2
0 530 11 31 2.5 2
0 541 17 31 2.5 1
0 558 22 23 2.5 2
23 558 2 8 2.5 2
23 560 2 8 2.5 2
23 562 13 8 2.5 2
23 575 5 8 2.5 2
31 0 23 78 2.5 1
31 23 27 75 2.5 1
31 50 44 35 2.5 1
31 94 50 44 2.5 2
31 144 32 62 2.5 2
31 176 46 36 2.5 2
31 222 21 101 2.5 1
31 243 32 66 2.5 1
31 275 62 31 2.5 2
31 337 21 66 2.5 2
31 358 18 66 2.5 3
31 376 39 56 2.5 2
31 415 53 29 2.5 1
31 468 27 66 2.5 2
31 495 34 43 2.5 1
31 529 51 33 2.5 1
64 529 18 10 2.5 1
64 547 8 10 2.5 2
64 555 20 10 2.5 2
64 575 5 10 2.5 1
74 495 37 23 2.5 1
74 532 48 23 2.5 1
60 415 9 37 2.5 2
60 424 9 37 2.5 2
60 433 29 37 2.5 2
60 462 6 11 2.5 2
71 462 6 11 2.5 1
82 462 6 7 2.5 2
89 462 6 8 2.5 2
87 376 4 10 2.5 2
87 380 5 10 2.5 2
87 385 20 10 2.5 2
87 405 2 10 2.5 2
87 407 2 10 2.5 2
87 409 6 6 2.5 1
93 409 2 4 2.5 2
93 411 4 4 2.5 3
62 275 31 35 2.5 2
62 306 31 23 2.5 1
85 306 4 12 2.5 2
85 310 18 12 2.5 3
85 328 9 12 2.5 1
97 243 57 29 2.5 1
97 300 61 35 2.5 1
97 361 16 35 2.5 1
97 377 19 35 2.5 1
97 396 13 35 2.5 1
97 409 21 35 2.5 1
97 430 45 35 2.5 1
97 475 43 35 2.5 1
97 518 62 35 2.5 2
126 243 9 6 2.5 2
126 252 12 6 2.5 1
126 264 12 6 2.5 2
126 276 10 6 2.5 2
126 286 3 6 2.5 1
126 289 1 6 2.5 1
126 290 2 6 2.5 1
126 292 8 6 2.5 2
132 222 48 44 2.5 1
132 270 49 44 2.5 1
132 319 56 28 2.5 1
132 375 25 28 2.5 1
132 400 55 28 2.5 2
132 455 36 28 2.5 2
132 491 7 28 2.5 3
132 498 56 28 2.5 1
132 554 26 19 2.5 2
151 554 8 9 2.5 1
151 562 14 9 2.5 1
151 576 4 9 2.5 2
160 319 31 16 2.5 1
160 350 32 16 2.5 1
160 382 31 16 2.5 2
160 413 22 16 2.5 2
160 435 6 16 2.5 2
160 441 32 16 2.5 2
160 473 20 16 2.5 2
160 493 32 16 2.5 1
160 525 13 16 2.5 1
160 538 23 16 2.5 2
160 561 19 16 2.5 3
176 222 48 46 2.5 3
176 270 30 50 2.5 1
176 300 56 31 2.5 1
176 356 54 33 2.5 2
176 410 54 38 2.5 1
176 464 65 33 2.5 2
176 529 28 50 2.5 2
176 557 23 30 2.5 1
206 557 4 20 2.5 1
206 561 14 20 2.5 1
206 575 5 8 2.5 3
214 575 5 12 2.5 2
209 464 4 17 2.5 1
209 468 10 17 2.5 2
209 478 3 17 2.5 1
209 481 5 17 2.5 2
209 486 16 17 2.5 1
209 502 27 17 2.5 1
214 410 16 12 2.5 1
214 426 21 12 2.5 1
214 447 17 12 2.5 1
209 356 34 17 2.5 2
209 390 5 17 2.5 2
209 395 3 17 2.5 2
209 398 12 17 2.5 3
207 300 5 19 2.5 1
207 305 37 19 2.5 2
207 342 14 19 2.5 1
226 270 66 33 2.5 1
226 336 38 40 2.5 2
226 374 48 32 2.5 2
226 422 8 40 2.5 1
226 430 19 40 2.5 1
226 449 20 40 2.5 1
226 469 49 30 2.5 1
226 518 55 40 2.5 2
226 573 7 12 2.5 2
238 573 7 15 2.5 1
253 573 7 7 2.5 1
260 573 2 6 2.5 2
260 575 5 6 2.5 1
256 469 15 10 2.5 2
256 484 9 10 2.5 1
256 493 10 10 2.5 2
256 503 2 10 2.5 2
256 505 13 10 2.5 1
258 374 15 8 2.5 2
258 389 15 8 2.5 1
258 404 13 8 2.5 1
258 417 5 8 2.5 2
266 336 25 44 2.5 2
266 361 50 30 2.5 2
266 411 42 30 2.5 1
266 453 48 30 2.5 2
266 501 58 30 2.5 3
266 559 21 24 2.5 1
290 559 2 6 2.5 2
290 561 4 6 2.5 1
290 565 1 6 2.5 2
290 566 1 6 2.5 2
290 567 13 6 2.5 3
296 361 25 14 2.5 1
296 386 12 14 2.5 2
296 398 18 14 2.5 3
296 416 28 14 2.5 2
296 444 17 14 2.5 1
296 461 11 14 2.5 1
296 472 25 14 2.5 1
296 497 7 14 2.5 1
296 504 16 14 2.5 1
296 520 27 14 2.5 2
296 547 3 14 2.5 1
296 550 8 14 2.5 3
296 558 22 14 2.5 1
259 270 14 51 2.5 1
259 284 52 32 2.5 1
291 284 15 19 2.5 1
291 299 17 19 2.5 1
291 316 20 19 2.5 3
222 222 20 88 2.5 2
222 242 20 88 2.5 4
222 262 8 33 2.5 3
255 262 8 16 2.5 1
271 262 8 13 2.5 1
284 262 8 26 2.5 2
67 176 46 34 2.5 1
101 176 21 103 2.5 1
101 197 25 58 2.5 2
159 197 25 39 2.5 2
198 197 25 35 2.5 1
233 197 25 73 2.5 1
306 197 8 4 2.5 3
306 205 7 4 2.5 1
306 212 4 4 2.5 1
306 216 6 4 2.5 1
204 176 21 40 2.5 2
244 176 21 59 2.5 2
303 176 10 7 2.5 1
303 186 11 7 2.5 2
93 144 32 33 2.5 1
126 144 32 56 2.5 2
182 144 32 44 2.5 1
226 144 32 34 2.5 2
260 144 32 40 2.5 2
300 144 7 10 2.5 2
300 151 20 10 2.5 3
300 171 5 6 2.5 1
306 171 5 4 2.5 2
75 94 36 51 2.5 2
75 130 14 31 2.5 1
106 130 7 20 2.5 3
106 137 7 20 2.5 2
126 94 50 38 2.5 1
164 94 18 88 2.5 1
164 112 32 41 2.5 2
205 112 32 28 2.5 2
233 112 10 19 2.5 1
233 122 10 19 2.5 2
233 132 12 11 2.5 1
244 132 12 8 2.5 1
252 94 44 36 2.5 1
252 138 6 11 2.5 2
263 138 6 16 2.5 1
279 138 6 9 2.5 2
288 94 7 22 2.5 2
288 101 26 22 2.5 1
288 127 17 14 2.5 2
302 127 17 8 2.5 2
66 50 44 30 2.5 1
96 50 44 46 2.5 1
142 50 44 35 2.5 2
177 50 44 36 2.5 2
213 50 36 45 2.5 1
213 86 8 31 2.5 2
244 86 8 14 2.5 1
258 50 10 52 2.5 1
258 60 25 52 2.5 1
258 85 9 42 2.5 2
300 85 9 10 2.5 2
106 23 27 52 2.5 1
158 23 27 61 2.5 1
219 23 27 30 2.5 2
249 23 27 28 2.5 1
277 23 27 24 2.5 1
301 23 15 9 2.5 1
301 38 12 9 2.5 2
109 0 23 60 2.5 2
169 0 23 40 2.5 1
209 0 23 76 2.5 2
285 0 23 18 2.5 2
303 0 13 7 2.5 4
303 13 10 7 2.5 1
0 0 41 98 2 1
0 41 48 58 2 2
0 89 60 52 2 2
0 149 41 52 2 2
0 190 69 47 2 3
0 259 15 52 2 2
0 274 35 52 2 1
0 309 14 52 2 2
0 323 76 38 2 2
0 399 69 42 2 2
0 468 59 42 2 1
0 527 25 42 2 2
0 552 21 42 2 2
0 573 39 42 2 1
0 612 10 42 2 1
0 622 39 42 2 2
0 661 81 42 2 1
0 742 47 42 2 1
0 789 84 42 2 1
0 873 82 42 2 2
0 955 25 42 2 1
0 980 60 42 2 2
0 1040 35 28 2 1
28 1040 24 14 2 2
28 1064 11 9 2 2
37 1064 11 5 2 1
42 399 5 10 2 3
42 404 11 10 2 1
42 415 16 10 2 2
42 431 6 10 2 2
42 437 18 10 2 1
42 455 14 10 2 2
42 469 9 10 2 1
42 478 12 10 2 1
42 490 19 10 2 1
42 509 4 10 2 2
42 513 2 10 2 2
42 515 19 10 2 2
42 534 3 10 2 1
42 537 3 10 2 2
42 540 4 10 2 2
42 544 2 10 2 2
42 546 19 10 2 2
42 565 20 10 2 1
42 585 20 10 2 3
42 605 17 10 2 2
42 622 13 10 2 2
42 635 2 10 2 1
42 637 16 10 2 2
42 653 17 10 2 2
42 670 9 10 2 2
42 679 12 10 2 2
42 691 12 10 2 2
42 703 3 10 2 2
42 706 20 10 2 2
42 726 19 10 2 2
42 745 2 10 2 1
42 747 20 10 2 1
42 767 20 10 2 2
42 787 15 10 2 2
42 802 2 10 2 1
42 804 6 10 2 1
42 810 4 10 2 1
42 814 3 10 2 2
42 817 20 10 2 1
42 837 17 10 2 2
42 854 12 10 2 1
42 866 2 10 2 1
42 868 2 10 2 1
42 870 14 10 2 2
42 884 13 10 2 2
42 897 15 10 2 2
42 912 4 10 2 1
42 916 13 10 2 1
42 929 20 10 2 1
42 949 19 10 2 2
42 968 20 10 2 1
42 988 18 10 2 1
42 1006 19 10 2 1
42 1025 20 10 2 3
42 1045 5 10 2 2
42 1050 5 10 2 2
42 1055 13 10 2 2
42 1068 7 6 2 1
48 1068 1 4 2 1
48 1069 6 4 2 1
38 323 13 14 2 2
38 336 25 14 2 1
38 361 28 14 2 2
38 389 4 14 2 1
38 393 6 14 2 2
47 190 1 5 2 1
47 191 10 5 2 2
47 201 4 5 2 2
47 205 10 5 2 1
47 215 1 5 2 2
47 216 3 5 2 1
47 219 10 5 2 1
47 229 1 5 2 1
47 230 1 5 2 2
47 231 6 5 2 1
47 237 10 5 2 1
47 247 7 5 2 3
47 254 5 5 2 2
52 89 3 6 2 1
52 92 11 6 2 3
52 103 2 6 2 1
52 105 6 6 2 1
52 111 7 6 2 2
52 118 3 6 2 2
52 121 8 6 2 1
52 129 6 6 2 2
52 135 11 6 2 1
52 146 3 6 2 2
52 149 4 6 2 1
52 153 5 6 2 1
52 158 5 6 2 1
52 163 12 6 2 1
52 175 11 6 2 1
52 186 10 6 2 1
52 196 12 6 2 1
52 208 8 6 2 1
52 216 10 6 2 2
52 226 2 6 2 1
52 228 6 6 2 1
52 234 2 6 2 2
52 236 11 6 2 1
52 247 3 6 2 1
52 250 5 6 2 1
52 255 8 6 2 2
52 263 12 6 2 1
52 275 9 6 2 3
52 284 8 6 2 2
52 292 2 6 2 1
52 294 6 6 2 1
52 300 4 6 2 2
52 304 11 6 2 2
52 315 3 6 2 1
52 318 5 6 2 3
52 323 6 6 2 2
52 329 9 6 2 3
52 338 10 6 2 2
52 348 1 6 2 2
52 349 6 6 2 3
52 355 12 6 2 2
52 367 4 6 2 2
52 371 9 6 2 2
52 380 7 6 2 3
52 387 2 6 2 1
52 389 10 6 2 2
52 399 11 6 2 2
52 410 8 6 2 2
52 418 12 6 2 2
52 430 9 6 2 2
52 439 2 6 2 1
52 441 2 6 2 2
52 443 12 6 2 2
52 455 2 6 2 1
52 457 10 6 2 1
52 467 7 6 2 2
52 474 3 6 2 1
52 477 1 6 2 2
52 478 3 6 2 1
52 481 1 6 2 1
52 482 6 6 2 2
52 488 7 6 2 2
52 495 9 6 2 1
52 504 1 6 2 1
52 505 12 6 2 1
52 517 11 6 2 2
52 528 8 6 2 1
52 536 1 6 2 2
52 537 12 6 2 1
52 549 8 6 2 3
52 557 10 6 2 1
52 567 10 6 2 1
52 577 10 6 2 2
52 587 5 6 2 2
52 592 8 6 2 2
52 600 12 6 2 2
52 612 8 6 2 1
52 620 1 6 2 2
52 621 3 6 2 2
52 624 3 6 2 2
52 627 11 6 2 1
52 638 12 6 2 1
52 650 3 6 2 2
52 653 3 6 2 1
52 656 2 6 2 1
52 658 11 6 2 1
52 669 1 6 2 1
52 670 10 6 2 1
52 680 7 6 2 1
52 687 1 6 2 2
52 688 2 6 2 2
52 690 2 6 2 1
52 692 6 6 2 1
52 698 7 6 2 1
52 705 11 6 2 1
52 716 2 6 2 1
52 718 2 6 2 1
52 720 9 6 2 1
52 729 12 6 2 1
52 741 5 6 2 2
52 746 1 6 2 2
52 747 11 6 2 1
52 758 6 6 2 1
52 764 7 6 2 1
52 771 7 6 2 2
52 778 2 6 2 2
52 780 1 6 2 1
52 781 5 6 2 2
52 786 2 6 2 1
52 788 11 6 2 2
52 799 7 6 2 2
52 806 12 6 2 2
52 818 11 6 2 1
52 829 12 6 2 3
52 841 11 6 2 2
52 852 4 6 2 1
52 856 1 6 2 1
52 857 5 6 2 3
52 862 6 6 2 1
52 868 12 6 2 4
52 880 9 6 2 1
52 889 12 6 2 1
52 901 1 6 2 1
52 902 5 6 2 2
52 907 12 6 2 2
52 919 6 6 2 3
52 925 2 6 2 2
52 927 2 6 2 2
52 929 6 6 2 2
52 935 11 6 2 1
52 946 12 6 2 1
52 958 10 6 2 1
52 968 5 6 2 1
52 973 9 6 2 1
52 982 4 6 2 2
52 986 7 6 2 1
52 993 9 6 2 1
52 1002 3 6 2 1
52 1005 6 6 2 1
52 1011 10 6 2 1
52 1021 2 6 2 1
52 1023 6 6 2 2
52 1029 3 6 2 1
52 1032 9 6 2 1
52 1041 7 6 2 1
52 1048 8 6 2 2
52 1056 1 6 2 3
52 1057 4 6 2 2
52 1061 14 6 2 1
58 41 8 40 2 1
58 49 41 40 2 2
58 90 63 40 2 2
58 153 11 40 2 1
58 164 14 40 2 1
58 178 80 40 2 2
58 258 78 40 2 1
58 336 67 40 2 3
58 403 13 40 2 2
58 416 72 40 2 1
58 488 80 40 2 2
58 568 62 40 2 1
58 630 24 40 2 3
58 654 24 40 2 2
58 678 8 40 2 1
58 686 8 40 2 1
58 694 12 40 2 1
58 706 59 40 2 2
58 765 62 40 2 2
58 827 68 40 2 1
58 895 8 40 2 2
58 903 79 40 2 1
58 982 28 40 2 1
58 1010 38 40 2 1
58 1048 27 24 2 1
82 1048 12 16 2 3
82 1060 15 16 2 2
98 0 80 42 2 3
98 80 35 117 2 2
98 115 27 117 2 1
98 142 27 117 2 1
98 169 90 47 2 2
98 259 86 47 2 2
98 345 61 47 2 1
98 406 25 47 2 2
98 431 79 47 2 1
98 510 74 47 2 2
98 584 14 47 2 1
98 598 82 41 2 1
98 680 79 41 2 2
98 759 31 41 2 1
98 790 26 41 2 2
98 816 50 41 2 3
98 866 9 41 2 1
98 875 80 41 2 2
98 955 19 41 2 2
98 974 79 41 2 1
98 1053 22 30 2 1
128 1053 10 11 2 2
128 1063 2 11 2 3
128 1065 4 11 2 1
128 1069 6 11 2 2
139 598 11 6 2 1
139 609 6 6 2 2
139 615 11 6 2 4
139 626 9 6 2 2
139 635 9 6 2 2
139 644 4 6 2 1
139 648 11 6 2 2
139 659 4 6 2 1
139 663 11 6 2 1
139 674 1 6 2 2
139 675 1 6 2 3
139 676 12 6 2 1
139 688 10 6 2 1
139 698 7 6 2 1
139 705 8 6 2 2
139 713 9 6 2 1
139 722 1 6 2 2
139 723 12 6 2 1
139 735 4 6 2 1
139 739 3 6 2 2
139 742 2 6 2 2
139 744 5 6 2 1
139 749 10 6 2 1
139 759 12 6 2 1
139 771 8 6 2 1
139 779 2 6 2 2
139 781 9 6 2 2
139 790 5 6 2 2
139 795 3 6 2 2
139 798 1 6 2 2
139 799 5 6 2 1
139 804 12 6 2 1
139 816 3 6 2 1
139 819 4 6 2 2
139 823 12 6 2 1
139 835 11 6 2 2
139 846 8 6 2 1
139 854 1 6 2 2
139 855 10 6 2 2
139 865 11 6 2 1
139 876 2 6 2 1
139 878 5 6 2 2
139 883 1 6 2 2
139 884 12 6 2 1
139 896 2 6 2 1
139 898 2 6 2 3
139 900 12 6 2 1
139 912 9 6 2 1
139 921 12 6 2 1
139 933 1 6 2 1
139 934 6 6 2 2
139 940 1 6 2 2
139 941 11 6 2 2
139 952 9 6 2 1
139 961 11 6 2 3
139 972 12 6 2 1
139 984 3 6 2 2
139 987 11 6 2 3
139 998 6 6 2 1
139 1004 4 6 2 1
139 1008 10 6 2 2
139 1018 10 6 2 1
139 1028 1 6 2 1
139 1029 6 6 2 1
139 1035 4 6 2 1
139 1039 4 6 2 2
139 1043 5 6 2 3
139 1048 11 6 2 2
139 1059 4 6 2 1
139 1063 2 6 2 1
139 1065 5 6 2 1
139 1070 5 6 2 2
145 259 15 70 2 1
145 274 58 49 2 1
145 332 81 42 2 2
145 413 28 42 2 2
145 441 15 42 2 3
145 456 10 42 2 1
145 466 81 42 2 2
145 547 83 42 2 1
145 630 80 42 2 2
145 710 71 42 2 1
145 781 34 42 2 1
145 815 61 42 2 1
145 876 8 42 2 1
145 884 15 42 2 2
145 899 10 42 2 1
145 909 9 42 2 1
145 918 29 42 2 1
145 947 67 42 2 2
145 1014 61 36 2 1
181 1014 12 6 2 2
181 1026 12 6 2 2
181 1038 12 6 2 1
181 1050 3 6 2 1
181 1053 9 6 2 1
181 1062 2 6 2 2
181 1064 2 6 2 2
181 1066 9 6 2 1
187 332 3 7 2 1
187 335 10 7 2 1
187 345 14 7 2 2
187 359 14 7 2 1
187 373 14 7 2 2
187 387 13 7 2 2
187 400 14 7 2 2
187 414 7 7 2 2
187 421 10 7 2 1
187 431 14 7 2 1
187 445 3 7 2 1
187 448 6 7 2 2
187 454 14 7 2 1
187 468 4 7 2 2
187 472 14 7 2 2
187 486 13 7 2 2
187 499 1 7 2 1
187 500 11 7 2 2
187 511 6 7 2 1
187 517 12 7 2 1
187 529 11 7 2 1
187 540 10 7 2 2
187 550 14 7 2 2
187 564 9 7 2 3
187 573 13 7 2 1
187 586 14 7 2 2
187 600 10 7 2 1
187 610 3 7 2 2
187 613 3 7 2 1
187 616 2 7 2 2
187 618 12 7 2 1
187 630 9 7 2 2
187 639 14 7 2 1
187 653 2 7 2 2
187 655 10 7 2 2
187 665 2 7 2 1
187 667 5 7 2 3
187 672 1 7 2 2
187 673 13 7 2 2
187 686 13 7 2 2
187 699 6 7 2 2
187 705 3 7 2 1
187 708 13 7 2 2
187 721 8 7 2 2
187 729 11 7 2 2
187 740 2 7 2 1
187 742 1 7 2 2
187 743 8 7 2 2
187 751 2 7 2 1
187 753 13 7 2 2
187 766 12 7 2 1
187 778 14 7 2 1
187 792 1 7 2 3
187 793 2 7 2 1
187 795 4 7 2 1
187 799 9 7 2 1
187 808 3 7 2 2
187 811 6 7 2 2
187 817 3 7 2 2
187 820 2 7 2 2
187 822 2 7 2 1
187 824 2 7 2 3
187 826 2 7 2 1
187 828 8 7 2 2
187 836 7 7 2 1
187 843 12 7 2 3
187 855 13 7 2 2
187 868 2 7 2 3
187 870 4 7 2 2
187 874 2 7 2 1
187 876 4 7 2 1
187 880 14 7 2 1
187 894 8 7 2 1
187 902 12 7 2 1
187 914 3 7 2 2
187 917 11 7 2 1
187 928 6 7 2 2
187 934 2 7 2 1
187 936 14 7 2 1
187 950 3 7 2 3
187 953 5 7 2 2
187 958 8 7 2 3
187 966 14 7 2 1
187 980 11 7 2 1
187 991 11 7 2 1
187 1002 2 7 2 3
187 1004 3 7 2 2
187 1007 14 7 2 1
187 1021 9 7 2 1
187 1030 10 7 2 1
187 1040 2 7 2 1
187 1042 10 7 2 2
187 1052 7 7 2 3
187 1059 4 7 2 2
187 1063 2 7 2 2
187 1065 4 7 2 1
187 1069 6 7 2 2
194 274 39 21 2 1
194 313 24 21 2 2
194 337 4 21 2 1
194 341 26 21 2 1
194 367 7 21 2 2
194 374 37 21 2 1
194 411 12 21 2 1
194 423 29 21 2 1
194 452 11 21 2 1
194 463 41 21 2 1
194 504 37 21 2 2
194 541 40 21 2 1
194 581 32 21 2 1
194 613 6 21 2 1
194 619 5 21 2 1
194 624 19 21 2 1
194 643 42 21 2 1
194 685 14 21 2 3
194 699 7 21 2 1
194 706 39 21 2 4
194 745 5 21 2 1
194 750 35 21 2 1
194 785 25 21 2 4
194 810 38 21 2 2
194 848 7 21 2 2
194 855 31 21 2 2
194 886 20 21 2 2
194 906 16 21 2 2
194 922 8 21 2 1
194 930 39 21 2 1
194 969 33 21 2 2
194 1002 11 21 2 2
194 1013 41 21 2 1
194 1054 21 15 2 3
209 1054 3 6 2 1
209 1057 2 6 2 1
209 1059 1 6 2 1
209 1060 1 6 2 1
209 1061 4 6 2 1
209 1065 6 6 2 1
209 1071 4 6 2 2
145 169 38 70 2 2
145 207 24 70 2 1
145 231 28 42 2 1
187 231 28 22 2 2
209 231 3 6 2 2
209 234 2 6 2 1
209 236 9 6 2 1
209 245 14 6 2 2
215 80 19 95 2 2
215 99 19 95 2 2
215 118 47 81 2 1
215 165 88 47 2 1
215 253 75 39 2 1
215 328 81 47 2 1
215 409 93 47 2 3
215 502 88 47 2 2
215 590 77 47 2 1
215 667 83 43 2 2
215 750 23 43 2 2
215 773 72 43 2 2
215 845 70 43 2 1
215 915 84 43 2 1
215 999 67 43 2 2
215 1066 9 23 2 1
238 1066 9 11 2 2
249 1066 2 9 2 2
249 1068 7 9 2 1
258 667 4 4 2 2
258 671 4 4 2 3
258 675 1 4 2 1
258 676 8 4 2 1
258 684 2 4 2 2
258 686 7 4 2 2
258 693 1 4 2 2
258 694 3 4 2 2
258 697 3 4 2 1
258 700 1 4 2 1
258 701 3 4 2 2
258 704 8 4 2 2
258 712 1 4 2 1
258 713 6 4 2 1
258 719 3 4 2 2
258 722 7 4 2 2
258 729 6 4 2 2
258 735 7 4 2 1
258 742 2 4 2 3
258 744 3 4 2 2
258 747 7 4 2 2
258 754 8 4 2 1
258 762 8 4 2 1
258 770 2 4 2 1
258 772 6 4 2 2
258 778 8 4 2 1
258 786 7 4 2 1
258 793 7 4 2 2
258 800 4 4 2 1
258 804 8 4 2 2
258 812 1 4 2 2
258 813 7 4 2 2
258 820 7 4 2 1
258 827 4 4 2 3
258 831 1 4 2 3
258 832 5 4 2 1
258 837 8 4 2 2
258 845 8 4 2 1
258 853 8 4 2 1
258 861 3 4 2 1
258 864 7 4 2 1
258 871 3 4 2 1
258 874 3 4 2 1
258 877 2 4 2 2
258 879 3 4 2 3
258 882 7 4 2 1
258 889 8 4 2 1
258 897 3 4 2 1
258 900 2 4 2 1
258 902 8 4 2 1
258 910 1 4 2 1
258 911 1 4 2 1
258 912 6 4 2 2
258 918 3 4 2 2
258 921 4 4 2 2
258 925 5 4 2 2
258 930 8 4 2 1
258 938 7 4 2 2
258 945 1 4 2 3
258 946 2 4 2 1
258 948 5 4 2 1
258 953 6 4 2 2
258 959 7 4 2 2
258 966 7 4 2 2
258 973 5 4 2 2
258 978 8 4 2 1
258 986 2 4 2 1
258 988 1 4 2 3
258 989 1 4 2 2
258 990 7 4 2 1
258 997 4 4 2 1
258 1001 6 4 2 1
258 1007 7 4 2 1
258 1014 1 4 2 1
258 1015 3 4 2 2
258 1018 8 4 2 2
258 1026 7 4 2 2
258 1033 7 4 2 2
258 1040 7 4 2 2
258 1047 8 4 2 2
258 1055 3 4 2 2
258 1058 5 4 2 1
258 1063 8 4 2 2
258 1071 4 4 2 1
254 253 16 8 2 1
254 269 4 8 2 2
254 273 9 8 2 1
254 282 10 8 2 2
254 292 15 8 2 1
254 307 3 8 2 1
254 310 12 8 2 2
254 322 2 8 2 1
254 324 4 8 2 1
262 165 25 48 2 1
262 190 95 48 2 4
262 285 10 48 2 2
262 295 38 48 2 4
262 333 30 48 2 1
262 363 74 44 2 3
262 437 25 44 2 2
262 462 15 44 2 2
262 477 9 44 2 1
262 486 16 44 2 2
262 502 84 44 2 1
262 586 68 44 2 2
262 654 85 44 2 2
262 739 39 44 2 2
262 778 55 44 2 2
262 833 10 44 2 1
262 843 18 44 2 2
262 861 66 44 2 1
262 927 44 44 2 2
262 971 76 40 2 2
262 1047 15 44 2 1
262 1062 13 17 2 1
279 1062 13 27 2 2
302 971 4 4 2 2
302 975 1 4 2 2
302 976 1 4 2 2
302 977 7 4 2 1
302 984 8 4 2 2
302 992 8 4 2 2
302 1000 1 4 2 2
302 1001 7 4 2 2
302 1008 1 4 2 2
302 1009 1 4 2 2
302 1010 1 4 2 1
302 1011 6 4 2 2
302 1017 3 4 2 1
302 1020 1 4 2 1
302 1021 2 4 2 1
302 1023 2 4 2 3
302 1025 6 4 2 2
302 1031 5 4 2 1
302 1036 7 4 2 2
302 1043 4 4 2 1
306 363 2 4 2 2
306 365 7 4 2 1
306 372 1 4 2 1
306 373 5 4 2 3
306 378 2 4 2 1
306 380 2 4 2 2
306 382 3 4 2 2
306 385 5 4 2 1
306 390 1 4 2 1
306 391 3 4 2 1
306 394 2 4 2 2
306 396 8 4 2 2
306 404 3 4 2 2
306 407 4 4 2 1
306 411 1 4 2 3
306 412 3 4 2 1
306 415 5 4 2 1
306 420 4 4 2 1
306 424 8 4 2 1
306 432 5 4 2 1
306 437 3 4 2 1
306 440 2 4 2 2
306 442 7 4 2 1
306 449 6 4 2 2
306 455 3 4 2 3
306 458 1 4 2 1
306 459 4 4 2 2
306 463 8 4 2 2
306 471 8 4 2 1
306 479 3 4 2 2
306 482 8 4 2 2
306 490 7 4 2 1
306 497 1 4 2 2
306 498 8 4 2 2
306 506 8 4 2 1
306 514 6 4 2 1
306 520 8 4 2 2
306 528 5 4 2 2
306 533 1 4 2 2
306 534 7 4 2 3
306 541 6 4 2 2
306 547 2 4 2 2
306 549 8 4 2 1
306 557 5 4 2 1
306 562 7 4 2 1
306 569 1 4 2 2
306 570 8 4 2 1
306 578 5 4 2 2
306 583 5 4 2 1
306 588 3 4 2 2
306 591 8 4 2 1
306 599 7 4 2 2
306 606 4 4 2 1
306 610 3 4 2 2
306 613 3 4 2 1
306 616 2 4 2 3
306 618 5 4 2 2
306 623 2 4 2 1
306 625 8 4 2 1
306 633 7 4 2 1
306 640 6 4 2 3
306 646 8 4 2 2
306 654 2 4 2 1
306 656 8 4 2 1
306 664 8 4 2 1
306 672 3 4 2 4
306 675 8 4 2 2
306 683 1 4 2 1
306 684 2 4 2 1
306 686 1 4 2 2
306 687 1 4 2 2
306 688 7 4 2 2
306 695 2 4 2 2
306 697 3 4 2 4
306 700 5 4 2 1
306 705 6 4 2 3
306 711 3 4 2 1
306 714 6 4 2 1
306 720 1 4 2 2
306 721 2 4 2 2
306 723 8 4 2 2
306 731 6 4 2 1
306 737 8 4 2 2
306 745 3 4 2 1
306 748 8 4 2 2
306 756 5 4 2 2
306 761 7 4 2 1
306 768 5 4 2 1
306 773 1 4 2 1
306 774 8 4 2 1
306 782 7 4 2 1
306 789 5 4 2 1
306 794 3 4 2 1
306 797 7 4 2 2
306 804 2 4 2 4
306 806 1 4 2 3
306 807 2 4 2 2
306 809 7 4 2 2
306 816 1 4 2 1
306 817 5 4 2 2
306 822 6 4 2 1
306 828 1 4 2 1
306 829 2 4 2 2
306 831 7 4 2 3
306 838 3 4 2 2
306 841 1 4 2 2
306 842 6 4 2 2
306 848 3 4 2 1
306 851 1 4 2 2
306 852 8 4 2 1
306 860 2 4 2 2
306 862 8 4 2 1
306 870 2 4 2 1
306 872 8 4 2 1
306 880 2 4 2 2
306 882 6 4 2 2
306 888 4 4 2 1
306 892 1 4 2 1
306 893 4 4 2 1
306 897 5 4 2 2
306 902 7 4 2 1
306 909 6 4 2 1
306 915 8 4 2 2
306 923 2 4 2 1
306 925 4 4 2 1
306 929 2 4 2 2
306 931 8 4 2 3
306 939 2 4 2 1
306 941 1 4 2 2
306 942 1 4 2 1
306 943 8 4 2 1
306 951 8 4 2 1
306 959 8 4 2 3
306 967 5 4 2 3
306 972 8 4 2 1
306 980 7 4 2 1
306 987 5 4 2 1
306 992 4 4 2 1
306 996 4 4 2 1
306 1000 8 4 2 2
306 1008 1 4 2 1
306 1009 6 4 2 1
306 1015 5 4 2 1
306 1020 3 4 2 1
306 1023 1 4 2 2
306 1024 5 4 2 1
306 1029 3 4 2 1
306 1032 4 4 2 1
306 1036 8 4 2 2
306 1044 1 4 2 2
306 1045 4 4 2 2
306 1049 5 4 2 2
306 1054 4 4 2 2
306 1058 7 4 2 3
306 1065 10 4 2 2
296 118 28 14 2 2
296 146 4 14 2 1
296 150 5 14 2 2
296 155 10 14 2 1
140 0 49 61 2 2
140 49 31 77 2 2
217 49 20 93 2 2
217 69 11 67 2 1
284 69 11 19 2 1
303 69 11 7 2 3
201 0 22 109 2 3
201 22 22 109 2 1
201 44 5 20 2 2
221 44 5 16 2 2
237 44 5 14 2 2
251 44 5 26 2 1
277 44 5 19 2 2
296 44 5 7 2 1
303 44 5 7 2 1
0 0 25 55 1 1
0 25 50 28 1 3
0 75 23 28 1 2
0 98 32 28 1 1
0 130 48 24 1 1
0 178 38 24 1 2
0 216 15 24 1 1
0 231 35 24 1 1
0 266 12 24 1 1
0 278 9 24 1 2
0 287 8 24 1 2
0 295 5 11 1 1
11 295 5 13 1 2
24 130 1 4 1 3
24 131 2 4 1 2
24 133 4 4 1 1
24 137 4 4 1 2
24 141 5 4 1 2
24 146 8 4 1 1
24 154 1 4 1 2
24 155 1 4 1 2
24 156 4 4 1 3
24 160 7 4 1 2
24 167 6 4 1 1
24 173 5 4 1 1
24 178 1 4 1 1
24 179 1 4 1 1
24 180 4 4 1 3
24 184 6 4 1 1
24 190 7 4 1 2
24 197 2 4 1 1
24 199 8 4 1 1
24 207 7 4 1 1
24 214 3 4 1 1
24 217 6 4 1 2
24 223 8 4 1 2
24 231 6 4 1 2
24 237 1 4 1 1
24 238 8 4 1 2
24 246 4 4 1 2
24 250 8 4 1 2
24 258 6 4 1 3
24 264 8 4 1 1
24 272 8 4 1 1
24 280 3 4 1 3
24 283 8 4 1 1
24 291 2 4 1 1
24 293 7 4 1 1
28 25 7 27 1 1
28 32 14 27 1 2
28 46 39 27 1 2
28 85 53 27 1 2
28 138 14 27 1 1
28 152 13 27 1 1
28 165 53 27 1 1
28 218 29 27 1 1
28 247 33 27 1 3
28 280 16 27 1 3
28 296 4 18 1 3
46 296 4 4 1 2
50 296 4 5 1 2
55 0 32 33 1 2
55 32 44 22 1 2
55 76 46 25 1 3
55 122 7 25 1 1
55 129 42 25 1 1
55 171 50 25 1 1
55 221 34 25 1 2
55 255 13 25 1 3
55 268 16 25 1 2
55 284 9 25 1 1
55 293 7 15 1 1
70 293 7 10 1 1
80 76 52 26 1 3
80 128 8 26 1 1
80 136 48 26 1 2
80 184 9 26 1 3
80 193 29 26 1 2
80 222 42 26 1 1
80 264 36 22 1 2
102 264 5 4 1 2
102 269 3 4 1 1
102 272 8 4 1 2
102 280 6 4 1 1
102 286 5 4 1 2
102 291 2 4 1 1
102 293 2 4 1 1
102 295 5 4 1 2
106 76 45 23 1 2
106 121 15 75 1 1
106 136 43 22 1 1
106 179 36 27 1 1
106 215 33 32 1 1
106 248 6 32 1 1
106 254 46 24 1 1
130 254 2 8 1 2
130 256 8 8 1 1
130 264 15 8 1 1
130 279 13 8 1 2
130 292 8 8 1 1
138 215 18 56 1 1
138 233 40 26 1 1
138 273 27 26 1 1
164 233 13 30 1 1
164 246 24 30 1 1
164 270 6 30 1 1
164 276 6 30 1 2
164 282 18 17 1 2
181 282 18 13 1 1
194 215 19 71 1 2
194 234 31 46 1 1
194 265 28 34 1 2
194 293 7 16 1 1
210 293 7 20 1 3
230 293 7 11 1 2
241 293 7 9 1 1
250 293 7 10 1 1
260 293 7 5 1 3
228 265 28 31 1 1
259 265 2 6 1 2
259 267 7 6 1 2
259 274 11 6 1 1
259 285 3 6 1 1
259 288 5 6 1 2
240 234 11 25 1 1
240 245 20 18 1 1
258 245 11 7 1 1
258 256 2 7 1 2
258 258 7 7 1 2
265 215 19 49 1 2
265 234 47 26 1 1
265 281 19 37 1 1
302 281 19 47 1 2
349 281 19 19 1 1
368 281 11 12 1 1
368 292 4 12 1 2
368 296 4 5 1 1
373 296 4 7 1 1
291 234 17 82 1 2
291 251 30 39 1 1
330 251 25 43 1 2
330 276 5 21 1 1
351 276 5 15 1 1
366 276 5 7 1 1
373 234 8 7 1 3
373 242 13 7 1 1
373 255 10 7 1 2
373 265 1 7 1 1
373 266 4 7 1 1
373 270 11 7 1 2
314 215 19 25 1 1
339 215 14 41 1 1
339 229 5 14 1 2
353 229 5 8 1 1
361 229 5 12 1 2
373 229 5 7 1 1
133 179 36 38 1 1
171 179 14 68 1 2
171 193 22 58 1 1
229 193 15 70 1 1
229 208 7 26 1 1
255 208 7 15 1 1
270 208 7 15 1 2
285 208 7 14 1 1
299 193 22 28 1 1
327 193 22 53 1 1
239 179 14 55 1 1
294 179 14 24 1 3
318 179 14 22 1 1
340 179 14 40 1 1
128 136 27 46 1 1
128 163 16 36 1 2
164 163 11 10 1 1
164 174 5 5 1 1
169 174 5 5 1 1
174 136 43 25 1 2
199 136 25 56 1 1
199 161 18 23 1 1
222 161 18 25 1 2
247 161 18 8 1 1
255 136 43 30 1 2
285 136 43 29 1 2
314 136 43 25 1 3
339 136 9 41 1 2
339 145 8 41 1 2
339 153 11 41 1 2
339 164 15 18 1 2
357 164 8 23 1 1
357 172 7 11 1 2
368 172 7 7 1 3
375 172 1 5 1 1
375 173 2 5 1 1
375 175 4 5 1 2
181 121 15 32 1 1
213 121 15 26 1 1
239 121 15 66 1 2
305 121 15 28 1 3
333 121 15 21 1 4
354 121 15 14 1 1
368 121 15 12 1 1
129 76 35 36 1 1
129 111 10 36 1 1
165 76 30 40 1 2
165 106 15 26 1 1
191 106 15 33 1 2
224 106 15 80 1 1
304 106 15 30 1 2
334 106 15 21 1 1
355 106 15 17 1 1
372 106 2 8 1 1
372 108 13 8 1 2
205 76 30 32 1 2
237 76 23 55 1 1
237 99 7 25 1 1
262 99 7 42 1 1
304 99 7 17 1 1
321 99 7 20 1 2
341 99 7 31 1 2
372 99 2 8 1 1
372 101 5 8 1 3
292 76 23 25 1 1
317 76 23 28 1 2
345 76 23 35 1 1
77 32 44 28 1 2
105 32 17 59 1 1
105 49 27 24 1 2
129 49 27 25 1 2
154 49 27 41 1 2
195 49 19 60 1 1
195 68 8 28 1 1
223 68 8 43 1 2
266 68 8 22 1 2
288 68 8 22 1 1
310 68 8 18 1 2
328 68 8 17 1 1
345 68 8 16 1 2
361 68 8 11 1 2
372 68 8 8 1 2
255 49 19 26 1 2
281 49 19 30 1 1
311 49 19 23 1 1
334 49 19 29 1 2
363 49 4 17 1 3
363 53 15 17 1 1
164 32 17 36 1 1
200 32 17 25 1 3
225 32 17 50 1 2
275 32 17 22 1 1
297 32 17 25 1 2
322 32 17 37 1 1
359 32 17 14 1 1
373 32 12 7 1 3
373 44 5 7 1 2
88 0 17 67 1 3
88 17 15 31 1 1
119 17 15 23 1 2
142 17 15 36 1 1
178 17 15 27 1 2
205 17 15 61 1 1
266 17 15 62 1 1
328 17 15 36 1 1
364 17 15 16 1 2
155 0 17 25 1 2
180 0 17 37 1 2
217 0 17 24 1 1
241 0 17 56 1 2
297 0 17 29 1 1
326 0 17 39 1 1
365 0 17 11 1 2
376 0 4 4 1 2
376 4 5 4 1 1
376 9 4 4 1 1
376 13 4 4 1 2
0 0 45 29 0.5 2
0 45 50 29 0.5 1
0 95 7 29 0.5 1
0 102 34 29 0.5 3
0 136 49 25 0.5 2
0 185 27 25 0.5 1
0 212 7 25 0.5 3
0 219 6 25 0.5 3
0 225 46 25 0.5 1
0 271 33 25 0.5 3
0 304 50 25 0.5 1
0 354 28 25 0.5 1
0 382 38 25 0.5 2
0 420 6 25 0.5 1
0 426 28 25 0.5 2
0 454 38 25 0.5 1
0 492 5 25 0.5 1
0 497 45 25 0.5 2
0 542 30 25 0.5 1
0 572 28 21 0.5 3
21 572 6 4 0.5 1
21 578 7 4 0.5 1
21 585 1 4 0.5 1
21 586 4 4 0.5 1
21 590 1 4 0.5 1
21 591 3 4 0.5 1
21 594 1 4 0.5 2
21 595 5 4 0.5 2
25 136 1 4 0.5 1
25 137 1 4 0.5 2
25 138 2 4 0.5 2
25 140 1 4 0.5 1
25 141 6 4 0.5 2
25 147 6 4 0.5 2
25 153 2 4 0.5 1
25 155 3 4 0.5 2
25 158 8 4 0.5 1
25 166 2 4 0.5 1
25 168 1 4 0.5 1
25 169 2 4 0.5 1
25 171 7 4 0.5 3
25 178 3 4 0.5 1
25 181 1 4 0.5 1
25 182 3 4 0.5 1
25 185 7 4 0.5 1
25 192 1 4 0.5 1
25 193 3 4 0.5 1
25 196 1 4 0.5 1
25 197 1 4 0.5 1
25 198 2 4 0.5 2
25 200 7 4 0.5 1
25 207 7 4 0.5 1
25 214 4 4 0.5 2
25 218 2 4 0.5 1
25 220 1 4 0.5 3
25 221 2 4 0.5 1
25 223 1 4 0.5 3
25 224 2 4 0.5 1
25 226 1 4 0.5 2
25 227 2 4 0.5 1
25 229 3 4 0.5 2
25 232 8 4 0.5 2
25 240 6 4 0.5 1
25 246 7 4 0.5 3
25 253 7 4 0.5 3
25 260 4 4 0.5 2
25 264 6 4 0.5 2
25 270 4 4 0.5 1
25 274 7 4 0.5 1
25 281 6 4 0.5 2
25 287 5 4 0.5 2
25 292 6 4 0.5 2
25 298 8 4 0.5 3
25 306 8 4 0.5 1
25 314 8 4 0.5 3
25 322 1 4 0.5 3
25 323 7 4 0.5 1
25 330 4 4 0.5 3
25 334 6 4 0.5 1
25 340 5 4 0.5 4
25 345 7 4 0.5 1
25 352 7 4 0.5 4
25 359 6 4 0.5 1
25 365 2 4 0.5 1
25 367 5 4 0.5 2
25 372 2 4 0.5 2
25 374 5 4 0.5 2
25 379 6 4 0.5 2
25 385 2 4 0.5 2
25 387 5 4 0.5 2
25 392 1 4 0.5 1
25 393 3 4 0.5 2
25 396 7 4 0.5 1
25 403 3 4 0.5 2
25 406 6 4 0.5 2
25 412 8 4 0.5 2
25 420 1 4 0.5 1
25 421 5 4 0.5 1
25 426 5 4 0.5 1
25 431 4 4 0.5 1
25 435 7 4 0.5 1
25 442 3 4 0.5 2
25 445 3 4 0.5 3
25 448 8 4 0.5 1
25 456 8 4 0.5 1
25 464 1 4 0.5 2
25 465 8 4 0.5 1
25 473 2 4 0.5 2
25 475 1 4 0.5 2
25 476 3 4 0.5 2
25 479 7 4 0.5 3
25 486 3 4 0.5 1
25 489 3 4 0.5 1
25 492 8 4 0.5 1
25 500 6 4 0.5 2
25 506 2 4 0.5 1
25 508 2 4 0.5 1
25 510 1 4 0.5 1
25 511 8 4 0.5 1
25 519 5 4 0.5 2
25 524 7 4 0.5 2
25 531 1 4 0.5 2
25 532 8 4 0.5 1
25 540 2 4 0.5 1
25 542 4 4 0.5 2
25 546 8 4 0.5 2
25 554 8 4 0.5 2
25 562 7 4 0.5 4
25 569 2 4 0.5 2
25 571 2 4 0.5 3
25 573 6 4 0.5 1
25 579 1 4 0.5 1
25 580 3 4 0.5 1
25 583 3 4 0.5 1
25 586 8 4 0.5 1
25 594 6 4 0.5 1
29 0 20 66 0.5 1
29 20 16 78 0.5 1
29 36 18 80 0.5 1
29 54 48 36 0.5 1
29 102 41 42 0.5 2
29 143 41 41 0.5 2
29 184 50 25 0.5 1
29 234 22 25 0.5 1
29 256 24 25 0.5 2
29 280 44 25 0.5 1
29 324 17 25 0.5 1
29 341 37 25 0.5 1
29 378 28 25 0.5 1
29 406 31 25 0.5 1
29 437 12 25 0.5 1
29 449 16 25 0.5 2
29 465 22 25 0.5 1
29 487 47 25 0.5 2
29 534 6 25 0.5 1
29 540 9 25 0.5 2
29 549 42 25 0.5 1
29 591 9 12 0.5 1
41 591 5 13 0.5 2
41 596 4 13 0.5 1
54 184 52 26 0.5 2
54 236 40 26 0.5 1
54 276 43 26 0.5 1
54 319 20 26 0.5 1
54 339 9 26 0.5 1
54 348 11 26 0.5 2
54 359 46 26 0.5 2
54 405 50 26 0.5 2
54 455 46 26 0.5 1
54 501 16 26 0.5 3
54 517 21 26 0.5 3
54 538 50 26 0.5 1
54 588 12 14 0.5 1
68 588 12 12 0.5 3
80 184 39 31 0.5 1
80 223 33 41 0.5 1
80 256 26 51 0.5 1
80 282 60 31 0.5 2
80 342 56 29 0.5 1
80 398 58 29 0.5 1
80 456 6 29 0.5 1
80 462 28 29 0.5 1
80 490 6 29 0.5 2
80 496 31 29 0.5 1
80 527 58 29 0.5 1
80 585 15 29 0.5 2
109 342 58 29 0.5 1
109 400 18 29 0.5 1
109 418 55 29 0.5 2
109 473 7 29 0.5 1
109 480 53 29 0.5 2
109 533 51 29 0.5 1
109 584 16 16 0.5 3
125 584 16 13 0.5 1
138 342 37 38 0.5 2
138 379 18 38 0.5 2
138 397 49 25 0.5 2
138 446 40 25 0.5 1
138 486 6 25 0.5 2
138 492 14 25 0.5 2
138 506 16 25 0.5 4
138 522 35 25 0.5 1
138 557 43 25 0.5 2
163 397 24 13 0.5 2
163 421 4 13 0.5 2
163 425 11 13 0.5 2
163 436 25 13 0.5 2
163 461 4 13 0.5 1
163 465 4 13 0.5 1
163 469 22 13 0.5 2
163 491 25 13 0.5 1
163 516 3 13 0.5 2
163 519 3 13 0.5 2
163 522 13 13 0.5 1
163 535 3 13 0.5 2
163 538 19 13 0.5 1
163 557 3 13 0.5 1
163 560 20 13 0.5 2
163 580 10 13 0.5 1
163 590 5 13 0.5 2
163 595 5 6 0.5 2
169 595 5 7 0.5 2
176 342 26 52 0.5 2
176 368 52 27 0.5 2
176 420 38 34 0.5 2
176 458 43 28 0.5 1
176 501 35 28 0.5 2
176 536 29 28 0.5 1
176 565 35 22 0.5 1
198 565 7 6 0.5 2
198 572 5 6 0.5 2
198 577 8 6 0.5 1
198 585 3 6 0.5 2
198 588 2 6 0.5 2
198 590 1 6 0.5 3
198 591 9 6 0.5 3
204 458 12 6 0.5 2
204 470 7 6 0.5 1
204 477 2 6 0.5 1
204 479 8 6 0.5 2
204 487 1 6 0.5 2
204 488 2 6 0.5 3
204 490 11 6 0.5 1
204 501 2 6 0.5 1
204 503 12 6 0.5 3
204 515 7 6 0.5 3
204 522 11 6 0.5 1
204 533 3 6 0.5 2
204 536 3 6 0.5 3
204 539 3 6 0.5 2
204 542 1 6 0.5 1
204 543 2 6 0.5 1
204 545 8 6 0.5 2
204 553 6 6 0.5 2
204 559 11 6 0.5 1
204 570 6 6 0.5 1
204 576 4 6 0.5 1
204 580 4 6 0.5 1
204 584 8 6 0.5 1
204 592 8 6 0.5 2
210 420 28 18 0.5 1
210 448 34 18 0.5 1
210 482 17 18 0.5 1
210 499 36 18 0.5 2
210 535 36 18 0.5 2
210 571 8 18 0.5 1
210 579 21 14 0.5 1
224 579 7 4 0.5 1
224 586 3 4 0.5 3
224 589 7 4 0.5 1
224 596 4 4 0.5 2
203 368 14 25 0.5 1
203 382 23 25 0.5 2
203 405 8 25 0.5 1
203 413 7 19 0.5 2
222 413 7 6 0.5 1
228 342 22 12 0.5 2
228 364 15 12 0.5 2
228 379 6 12 0.5 1
228 385 13 12 0.5 2
228 398 11 12 0.5 1
228 409 18 12 0.5 1
228 427 20 12 0.5 1
228 447 24 12 0.5 1
228 471 21 12 0.5 2
228 492 21 12 0.5 1
228 513 18 12 0.5 1
228 531 13 12 0.5 1
228 544 23 12 0.5 2
228 567 13 12 0.5 1
228 580 10 12 0.5 1
228 590 10 12 0.5 2
111 282 40 44 0.5 2
111 322 20 29 0.5 2
140 322 20 69 0.5 1
209 322 20 24 0.5 3
233 322 9 7 0.5 2
233 331 3 7 0.5 2
233 334 8 7 0.5 2
155 282 40 27 0.5 1
182 282 18 58 0.5 1
182 300 22 42 0.5 1
224 300 14 16 0.5 2
224 314 8 9 0.5 2
233 314 8 7 0.5 2
131 256 26 48 0.5 2
179 256 26 25 0.5 2
204 256 26 22 0.5 2
226 256 11 14 0.5 3
226 267 15 14 0.5 3
121 223 33 49 0.5 2
170 223 25 62 0.5 1
170 248 8 17 0.5 1
187 248 8 16 0.5 1
203 248 8 21 0.5 2
224 248 8 16 0.5 1
232 223 9 8 0.5 1
232 232 2 8 0.5 1
232 234 14 8 0.5 1
111 184 39 43 0.5 1
154 184 39 25 0.5 3
179 184 31 57 0.5 4
179 215 8 38 0.5 1
217 215 8 19 0.5 2
236 184 2 4 0.5 1
236 186 3 4 0.5 1
236 189 3 4 0.5 3
236 192 6 4 0.5 1
236 198 1 4 0.5 1
236 199 3 4 0.5 2
236 202 1 4 0.5 2
236 203 6 4 0.5 2
236 209 7 4 0.5 2
236 216 7 4 0.5 3
70 143 41 34 0.5 1
104 143 41 26 0.5 1
130 143 28 44 0.5 2
130 171 13 17 0.5 1
147 171 13 18 0.5 2
165 171 5 9 0.5 1
165 176 8 9 0.5 3
174 143 41 30 0.5 2
204 143 7 36 0.5 1
204 150 16 36 0.5 2
204 166 18 29 0.5 2
233 166 12 7 0.5 1
233 178 6 7 0.5 1
71 102 16 78 0.5 1
71 118 25 52 0.5 1
123 118 25 26 0.5 2
149 102 16 77 0.5 2
149 118 25 42 0.5 1
191 118 25 24 0.5 2
215 118 4 11 0.5 1
215 122 2 11 0.5 1
215 124 13 11 0.5 2
215 137 6 11 0.5 1
226 102 7 14 0.5 2
226 109 13 14 0.5 1
226 122 21 14 0.5 1
65 54 27 44 0.5 2
65 81 21 35 0.5 2
100 81 4 9 0.5 1
100 85 2 9 0.5 1
100 87 15 9 0.5 1
109 54 21 86 0.5 1
109 75 22 70 0.5 1
109 97 5 18 0.5 2
127 97 5 19 0.5 1
146 97 5 23 0.5 2
169 97 5 5 0.5 1
174 97 5 5 0.5 2
179 75 27 30 0.5 2
209 75 27 31 0.5 1
195 54 10 45 0.5 1
195 64 11 22 0.5 2
217 64 11 18 0.5 1
235 64 11 5 0.5 3
109 36 18 30 0.5 2
139 36 18 28 0.5 3
167 36 18 73 0.5 1
107 20 16 47 0.5 1
154 20 16 28 0.5 1
182 20 16 38 0.5 1
220 20 6 20 0.5 1
220 26 10 13 0.5 1
233 26 4 7 0.5 1
233 30 6 7 0.5 1
95 0 20 72 0.5 1
167 0 20 68 0.5 3
235 0 10 5 0.5 3
235 10 6 5 0.5 2
235 16 4 5 0.5 1
