400 500 15
8
1200 180 5
190 1200 4
900 200 3.5
210 270 3
210 405 2
130 120 1.5
160 40 1
80 200 0.5
2381
0 0 47 50 5 1
0 47 44 50 5 2
0 91 57 41 5 1
0 148 51 48 5 1
0 199 43 44 5 1
0 242 37 72 5 2
0 279 40 59 5 1
0 319 44 45 5 1
0 363 45 53 5 1
0 408 28 53 5 1
0 436 58 45 5 2
0 494 40 45 5 1
0 534 44 45 5 2
0 578 51 45 5 2
0 629 45 45 5 1
0 674 32 45 5 2
0 706 60 41 5 1
0 766 52 41 5 1
0 818 21 41 5 1
0 839 62 41 5 3
0 901 41 41 5 2
0 942 27 41 5 1
0 969 25 41 5 2
0 994 50 41 5 2
0 1044 45 41 5 3
0 1089 56 37 5 1
0 1145 47 37 5 2
0 1192 8 14 5 3
14 1192 8 12 5 3
26 1192 8 11 5 1
37 1089 4 4 5 1
37 1093 6 4 5 2
37 1099 3 4 5 1
37 1102 6 4 5 1
37 1108 2 4 5 2
37 1110 2 4 5 3
37 1112 3 4 5 1
37 1115 4 4 5 1
37 1119 2 4 5 1
37 1121 2 4 5 3
37 1123 6 4 5 2
37 1129 6 4 5 2
37 1135 3 4 5 2
37 1138 6 4 5 1
37 1144 6 4 5 2
37 1150 3 4 5 2
37 1153 2 4 5 1
37 1155 6 4 5 1
37 1161 6 4 5 2
37 1167 3 4 5 2
37 1170 3 4 5 3
37 1173 4 4 5 3
37 1177 6 4 5 1
37 1183 3 4 5 1
37 1186 3 4 5 1
37 1189 2 4 5 2
37 1191 4 4 5 3
37 1195 5 4 5 2
41 706 6 4 5 1
41 712 2 4 5 2
41 714 2 4 5 1
41 716 3 4 5 1
41 719 5 4 5 1
41 724 3 4 5 2
41 727 6 4 5 2
41 733 2 4 5 1
41 735 4 4 5 2
41 739 6 4 5 1
41 745 2 4 5 1
41 747 6 4 5 1
41 753 3 4 5 1
41 756 5 4 5 2
41 761 5 4 5 1
41 766 2 4 5 2
41 768 6 4 5 2
41 774 6 4 5 2
41 780 6 4 5 2
41 786 5 4 5 1
41 791 6 4 5 2
41 797 3 4 5 2
41 800 4 4 5 1
41 804 2 4 5 1
41 806 2 4 5 3
41 808 4 4 5 3
41 812 4 4 5 1
41 816 6 4 5 1
41 822 6 4 5 2
41 828 4 4 5 1
41 832 3 4 5 2
41 835 5 4 5 2
41 840 6 4 5 1
41 846 3 4 5 2
41 849 2 4 5 1
41 851 4 4 5 2
41 855 6 4 5 1
41 861 2 4 5 1
41 863 5 4 5 1
41 868 4 4 5 1
41 872 6 4 5 1
41 878 4 4 5 2
41 882 5 4 5 2
41 887 6 4 5 2
41 893 3 4 5 1
41 896 2 4 5 2
41 898 3 4 5 1
41 901 4 4 5 1
41 905 6 4 5 2
41 911 4 4 5 1
41 915 2 4 5 1
41 917 5 4 5 1
41 922 2 4 5 2
41 924 4 4 5 2
41 928 6 4 5 1
41 934 6 4 5 1
41 940 6 4 5 1
41 946 6 4 5 1
41 952 6 4 5 1
41 958 5 4 5 2
41 963 4 4 5 1
41 967 2 4 5 1
41 969 2 4 5 1
41 971 6 4 5 1
41 977 4 4 5 3
41 981 3 4 5 1
41 984 3 4 5 2
41 987 5 4 5 1
41 992 5 4 5 2
41 997 5 4 5 3
41 1002 5 4 5 1
41 1007 2 4 5 2
41 1009 6 4 5 1
41 1015 2 4 5 2
41 1017 6 4 5 2
41 1023 6 4 5 1
41 1029 3 4 5 1
41 1032 5 4 5 1
41 1037 3 4 5 1
41 1040 6 4 5 1
41 1046 6 4 5 2
41 1052 4 4 5 2
41 1056 2 4 5 1
41 1058 2 4 5 1
41 1060 5 4 5 2
41 1065 6 4 5 2
41 1071 4 4 5 1
41 1075 2 4 5 1
41 1077 4 4 5 2
41 1081 6 4 5 1
41 1087 3 4 5 2
41 1090 2 4 5 1
41 1092 3 4 5 1
41 1095 6 4 5 1
41 1101 2 4 5 2
41 1103 6 4 5 3
41 1109 4 4 5 1
41 1113 5 4 5 2
41 1118 4 4 5 1
41 1122 5 4 5 2
41 1127 4 4 5 1
41 1131 4 4 5 2
41 1135 5 4 5 2
41 1140 2 4 5 2
41 1142 2 4 5 1
41 1144 4 4 5 1
41 1148 2 4 5 1
41 1150 2 4 5 2
41 1152 6 4 5 3
41 1158 5 4 5 2
41 1163 6 4 5 2
41 1169 6 4 5 2
41 1175 4 4 5 1
41 1179 4 4 5 2
41 1183 4 4 5 1
41 1187 3 4 5 1
41 1190 6 4 5 1
41 1196 4 4 5 2
45 436 4 8 5 1
45 440 12 8 5 2
45 452 9 8 5 3
45 461 4 8 5 2
45 465 11 8 5 3
45 476 12 8 5 2
45 488 4 8 5 1
45 492 12 8 5 1
45 504 6 8 5 1
45 510 4 8 5 1
45 514 6 8 5 2
45 520 9 8 5 2
45 529 5 8 5 2
45 534 12 8 5 1
45 546 12 8 5 2
45 558 12 8 5 2
45 570 9 8 5 1
45 579 8 8 5 2
45 587 8 8 5 2
45 595 6 8 5 1
45 601 9 8 5 1
45 610 10 8 5 2
45 620 12 8 5 1
45 632 4 8 5 1
45 636 8 8 5 1
45 644 8 8 5 1
45 652 9 8 5 2
45 661 10 8 5 1
45 671 4 8 5 1
45 675 4 8 5 2
45 679 10 8 5 1
45 689 8 8 5 2
45 697 5 8 5 2
45 702 6 8 5 2
45 708 8 8 5 1
45 716 11 8 5 1
45 727 12 8 5 1
45 739 8 8 5 2
45 747 5 8 5 4
45 752 7 8 5 1
45 759 8 8 5 2
45 767 5 8 5 1
45 772 4 8 5 2
45 776 11 8 5 1
45 787 12 8 5 2
45 799 8 8 5 1
45 807 12 8 5 1
45 819 12 8 5 2
45 831 12 8 5 2
45 843 8 8 5 1
45 851 4 8 5 1
45 855 4 8 5 2
45 859 11 8 5 2
45 870 8 8 5 1
45 878 5 8 5 1
45 883 12 8 5 1
45 895 12 8 5 1
45 907 9 8 5 1
45 916 5 8 5 2
45 921 7 8 5 2
45 928 12 8 5 1
45 940 6 8 5 3
45 946 12 8 5 1
45 958 11 8 5 2
45 969 4 8 5 1
45 973 11 8 5 2
45 984 8 8 5 2
45 992 11 8 5 1
45 1003 11 8 5 3
45 1014 12 8 5 2
45 1026 9 8 5 2
45 1035 5 8 5 1
45 1040 12 8 5 1
45 1052 12 8 5 2
45 1064 7 8 5 1
45 1071 10 8 5 2
45 1081 4 8 5 1
45 1085 5 8 5 1
45 1090 12 8 5 2
45 1102 4 8 5 2
45 1106 12 8 5 1
45 1118 11 8 5 1
45 1129 4 8 5 2
45 1133 11 8 5 2
45 1144 4 8 5 1
45 1148 4 8 5 1
45 1152 8 8 5 1
45 1160 12 8 5 2
45 1172 4 8 5 1
45 1176 10 8 5 1
45 1186 14 8 5 2
53 363 5 6 5 2
53 368 9 6 5 1
53 377 9 6 5 1
53 386 9 6 5 1
53 395 3 6 5 2
53 398 3 6 5 1
53 401 6 6 5 2
53 407 6 6 5 1
53 413 6 6 5 1
53 419 9 6 5 2
53 428 5 6 5 1
53 433 9 6 5 1
53 442 4 6 5 1
53 446 6 6 5 3
53 452 4 6 5 1
53 456 3 6 5 1
53 459 9 6 5 1
53 468 5 6 5 2
53 473 3 6 5 3
53 476 3 6 5 2
53 479 7 6 5 4
53 486 4 6 5 2
53 490 8 6 5 2
53 498 3 6 5 2
53 501 9 6 5 2
53 510 3 6 5 2
53 513 9 6 5 1
53 522 9 6 5 2
53 531 9 6 5 1
53 540 7 6 5 3
53 547 5 6 5 2
53 552 5 6 5 1
53 557 8 6 5 3
53 565 9 6 5 1
53 574 5 6 5 1
53 579 7 6 5 2
53 586 4 6 5 2
53 590 5 6 5 2
53 595 9 6 5 3
53 604 3 6 5 1
53 607 7 6 5 1
53 614 8 6 5 2
53 622 4 6 5 2
53 626 9 6 5 1
53 635 4 6 5 1
53 639 8 6 5 1
53 647 9 6 5 2
53 656 4 6 5 2
53 660 8 6 5 1
53 668 9 6 5 1
53 677 7 6 5 2
53 684 7 6 5 3
53 691 8 6 5 3
53 699 7 6 5 1
53 706 3 6 5 2
53 709 4 6 5 1
53 713 5 6 5 1
53 718 7 6 5 2
53 725 9 6 5 1
53 734 5 6 5 1
53 739 3 6 5 1
53 742 8 6 5 3
53 750 6 6 5 2
53 756 9 6 5 1
53 765 3 6 5 2
53 768 9 6 5 2
53 777 3 6 5 1
53 780 8 6 5 3
53 788 8 6 5 2
53 796 5 6 5 2
53 801 3 6 5 2
53 804 9 6 5 1
53 813 7 6 5 1
53 820 9 6 5 2
53 829 7 6 5 2
53 836 9 6 5 2
53 845 6 6 5 3
53 851 3 6 5 2
53 854 6 6 5 1
53 860 8 6 5 2
53 868 6 6 5 1
53 874 3 6 5 1
53 877 7 6 5 2
53 884 9 6 5 3
53 893 5 6 5 2
53 898 4 6 5 1
53 902 7 6 5 1
53 909 8 6 5 2
53 917 5 6 5 2
53 922 4 6 5 1
53 926 6 6 5 2
53 932 3 6 5 2
53 935 5 6 5 1
53 940 4 6 5 1
53 944 9 6 5 1
53 953 4 6 5 1
53 957 6 6 5 2
53 963 4 6 5 1
53 967 3 6 5 2
53 970 8 6 5 1
53 978 3 6 5 1
53 981 7 6 5 1
53 988 6 6 5 2
53 994 6 6 5 1
53 1000 9 6 5 2
53 1009 8 6 5 1
53 1017 9 6 5 2
53 1026 5 6 5 2
53 1031 3 6 5 1
53 1034 9 6 5 1
53 1043 5 6 5 1
53 1048 3 6 5 1
53 1051 3 6 5 2
53 1054 6 6 5 1
53 1060 8 6 5 2
53 1068 9 6 5 1
53 1077 9 6 5 1
53 1086 3 6 5 2
53 1089 4 6 5 2
53 1093 7 6 5 2
53 1100 3 6 5 1
53 1103 4 6 5 1
53 1107 3 6 5 1
53 1110 8 6 5 1
53 1118 8 6 5 2
53 1126 9 6 5 2
53 1135 5 6 5 2
53 1140 9 6 5 1
53 1149 5 6 5 1
53 1154 9 6 5 2
53 1163 9 6 5 1
53 1172 3 6 5 1
53 1175 6 6 5 2
53 1181 8 6 5 1
53 1189 6 6 5 1
53 1195 5 6 5 1
45 319 15 14 5 1
45 334 7 14 5 1
45 341 13 14 5 2
45 354 9 10 5 1
55 354 9 4 5 1
59 279 18 13 5 3
59 297 20 13 5 1
59 317 7 13 5 2
59 324 18 13 5 1
59 342 11 13 5 1
59 353 6 13 5 2
59 359 10 13 5 2
59 369 14 13 5 1
59 383 13 13 5 2
59 396 15 13 5 1
59 411 9 13 5 1
59 420 7 13 5 1
59 427 10 13 5 3
59 437 8 13 5 1
59 445 11 13 5 1
59 456 18 13 5 3
59 474 9 13 5 1
59 483 11 13 5 1
59 494 7 13 5 1
59 501 18 13 5 2
59 519 17 13 5 1
59 536 11 13 5 1
59 547 19 13 5 1
59 566 6 13 5 1
59 572 16 13 5 1
59 588 7 13 5 1
59 595 8 13 5 1
59 603 7 13 5 1
59 610 7 13 5 1
59 617 17 13 5 3
59 634 15 13 5 1
59 649 16 13 5 2
59 665 8 13 5 1
59 673 7 13 5 2
59 680 9 13 5 1
59 689 19 13 5 3
59 708 12 13 5 1
59 720 15 13 5 3
59 735 12 13 5 1
59 747 18 13 5 2
59 765 10 13 5 1
59 775 7 13 5 1
59 782 9 13 5 2
59 791 13 13 5 2
59 804 13 13 5 1
59 817 7 13 5 2
59 824 7 13 5 2
59 831 11 13 5 2
59 842 20 13 5 1
59 862 9 13 5 1
59 871 9 13 5 2
59 880 11 13 5 1
59 891 17 13 5 1
59 908 7 13 5 1
59 915 10 13 5 1
59 925 17 13 5 2
59 942 18 13 5 1
59 960 7 13 5 2
59 967 11 13 5 1
59 978 7 13 5 2
59 985 19 13 5 1
59 1004 9 13 5 2
59 1013 11 13 5 3
59 1024 18 13 5 3
59 1042 13 13 5 1
59 1055 8 13 5 2
59 1063 8 13 5 2
59 1071 18 13 5 1
59 1089 15 13 5 2
59 1104 16 13 5 1
59 1120 18 13 5 2
59 1138 14 13 5 1
59 1152 20 13 5 2
59 1172 11 13 5 1
59 1183 7 13 5 3
59 1190 10 13 5 2
72 242 38 50 5 1
72 280 50 38 5 2
72 330 57 39 5 2
72 387 59 41 5 2
72 446 58 40 5 2
72 504 50 41 5 2
72 554 34 41 5 1
72 588 56 41 5 2
72 644 20 41 5 1
72 664 23 41 5 1
72 687 22 41 5 2
72 709 27 41 5 1
72 736 32 41 5 2
72 768 52 41 5 1
72 820 23 41 5 1
72 843 61 41 5 3
72 904 21 41 5 2
72 925 25 41 5 1
72 950 62 41 5 1
72 1012 20 41 5 1
72 1032 57 41 5 3
72 1089 22 41 5 2
72 1111 61 41 5 2
72 1172 24 41 5 1
72 1196 4 11 5 2
83 1196 4 9 5 2
92 1196 4 11 5 3
103 1196 4 5 5 1
108 1196 4 5 5 2
113 504 39 61 5 1
113 543 40 61 5 1
113 583 58 41 5 2
113 641 47 43 5 2
113 688 22 43 5 1
113 710 45 43 5 2
113 755 23 43 5 2
113 778 60 43 5 2
113 838 64 43 5 1
113 902 51 43 5 2
113 953 25 43 5 2
113 978 22 43 5 1
113 1000 30 43 5 2
113 1030 56 37 5 1
113 1086 25 37 5 1
113 1111 55 37 5 1
113 1166 34 30 5 3
143 1166 4 7 5 2
143 1170 4 7 5 1
143 1174 4 7 5 2
143 1178 4 7 5 2
143 1182 4 7 5 2
143 1186 10 7 5 1
143 1196 4 7 5 1
150 1030 7 6 5 2
150 1037 8 6 5 1
150 1045 7 6 5 1
150 1052 7 6 5 2
150 1059 4 6 5 2
150 1063 8 6 5 2
150 1071 6 6 5 2
150 1077 7 6 5 2
150 1084 8 6 5 2
150 1092 3 6 5 1
150 1095 7 6 5 2
150 1102 8 6 5 1
150 1110 3 6 5 2
150 1113 7 6 5 1
150 1120 4 6 5 2
150 1124 9 6 5 1
150 1133 8 6 5 2
150 1141 7 6 5 1
150 1148 9 6 5 2
150 1157 9 6 5 1
150 1166 5 6 5 1
150 1171 9 6 5 2
150 1180 8 6 5 2
150 1188 4 6 5 2
150 1192 8 6 5 1
156 641 9 18 5 2
156 650 14 18 5 1
156 664 23 18 5 1
156 687 24 18 5 2
156 711 11 18 5 1
156 722 16 18 5 1
156 738 12 18 5 2
156 750 25 18 5 2
156 775 21 18 5 1
156 796 18 18 5 2
156 814 26 18 5 1
156 840 26 18 5 2
156 866 15 18 5 2
156 881 27 18 5 2
156 908 26 18 5 1
156 934 26 18 5 1
156 960 10 18 5 2
156 970 17 18 5 1
156 987 13 18 5 3
156 1000 11 18 5 2
156 1011 22 18 5 1
156 1033 25 18 5 2
156 1058 12 18 5 2
156 1070 13 18 5 1
156 1083 11 18 5 1
156 1094 14 18 5 1
156 1108 9 18 5 2
156 1117 13 18 5 1
156 1130 11 18 5 1
156 1141 12 18 5 2
156 1153 25 18 5 2
156 1178 22 18 5 1
154 583 23 20 5 3
154 606 22 20 5 1
154 628 13 20 5 1
174 543 9 6 5 2
174 552 4 6 5 1
174 556 5 6 5 3
174 561 8 6 5 1
174 569 3 6 5 1
174 572 3 6 5 2
174 575 8 6 5 1
174 583 7 6 5 2
174 590 3 6 5 2
174 593 7 6 5 2
174 600 3 6 5 2
174 603 9 6 5 2
174 612 8 6 5 1
174 620 6 6 5 3
174 626 8 6 5 2
174 634 3 6 5 1
174 637 4 6 5 1
174 641 7 6 5 1
174 648 8 6 5 2
174 656 8 6 5 1
174 664 4 6 5 1
174 668 5 6 5 1
174 673 4 6 5 1
174 677 6 6 5 1
174 683 8 6 5 1
174 691 9 6 5 1
174 700 3 6 5 2
174 703 9 6 5 2
174 712 3 6 5 1
174 715 3 6 5 2
174 718 5 6 5 2
174 723 9 6 5 1
174 732 9 6 5 2
174 741 4 6 5 1
174 745 4 6 5 2
174 749 7 6 5 1
174 756 3 6 5 1
174 759 6 6 5 1
174 765 9 6 5 2
174 774 3 6 5 2
174 777 7 6 5 1
174 784 8 6 5 1
174 792 5 6 5 2
174 797 5 6 5 1
174 802 7 6 5 1
174 809 9 6 5 3
174 818 4 6 5 1
174 822 4 6 5 1
174 826 9 6 5 1
174 835 3 6 5 1
174 838 8 6 5 2
174 846 3 6 5 2
174 849 4 6 5 2
174 853 8 6 5 2
174 861 4 6 5 1
174 865 7 6 5 1
174 872 4 6 5 1
174 876 4 6 5 1
174 880 5 6 5 2
174 885 3 6 5 2
174 888 7 6 5 1
174 895 7 6 5 2
174 902 6 6 5 2
174 908 5 6 5 1
174 913 9 6 5 1
174 922 7 6 5 1
174 929 9 6 5 1
174 938 9 6 5 2
174 947 6 6 5 1
174 953 6 6 5 3
174 959 7 6 5 3
174 966 8 6 5 2
174 974 5 6 5 2
174 979 6 6 5 1
174 985 4 6 5 1
174 989 3 6 5 3
174 992 6 6 5 1
174 998 7 6 5 2
174 1005 7 6 5 2
174 1012 9 6 5 2
174 1021 3 6 5 2
174 1024 8 6 5 2
174 1032 5 6 5 3
174 1037 6 6 5 2
174 1043 4 6 5 2
174 1047 9 6 5 2
174 1056 3 6 5 2
174 1059 3 6 5 2
174 1062 9 6 5 2
174 1071 8 6 5 1
174 1079 4 6 5 1
174 1083 8 6 5 1
174 1091 4 6 5 1
174 1095 9 6 5 1
174 1104 4 6 5 1
174 1108 4 6 5 1
174 1112 9 6 5 2
174 1121 5 6 5 1
174 1126 3 6 5 1
174 1129 4 6 5 2
174 1133 4 6 5 2
174 1137 7 6 5 1
174 1144 8 6 5 1
174 1152 6 6 5 3
174 1158 3 6 5 3
174 1161 4 6 5 1
174 1165 8 6 5 1
174 1173 6 6 5 1
174 1179 3 6 5 1
174 1182 9 6 5 2
174 1191 9 6 5 3
174 504 3 6 5 2
174 507 9 6 5 2
174 516 9 6 5 1
174 525 9 6 5 1
174 534 9 6 5 1
112 446 52 35 5 2
112 498 6 20 5 2
132 498 6 8 5 1
140 498 6 7 5 1
147 446 37 33 5 1
147 483 21 24 5 2
171 483 13 9 5 3
171 496 8 9 5 1
113 387 36 54 5 1
113 423 23 32 5 1
145 423 23 25 5 2
170 423 5 10 5 1
170 428 18 10 5 1
167 387 6 13 5 2
167 393 7 13 5 2
167 400 11 13 5 2
167 411 12 13 5 2
111 330 57 43 5 1
154 330 36 26 5 2
154 366 21 26 5 2
110 280 36 70 5 1
110 316 14 36 5 1
146 316 14 30 5 3
176 316 6 4 5 1
176 322 8 4 5 1
122 242 38 51 5 1
173 242 4 7 5 3
173 246 5 7 5 1
173 251 10 7 5 2
173 261 9 7 5 2
173 270 4 7 5 1
173 274 6 7 5 1
44 199 35 67 5 3
44 234 8 32 5 2
76 234 8 25 5 1
101 234 8 21 5 1
122 234 8 19 5 3
141 234 8 15 5 2
156 234 8 14 5 2
170 234 8 10 5 1
111 199 35 37 5 1
148 199 27 32 5 1
148 226 8 16 5 1
164 226 8 9 5 2
173 226 8 7 5 1
48 148 38 57 5 2
48 186 13 22 5 1
70 186 13 20 5 1
90 186 13 15 5 1
105 148 42 51 5 2
105 190 9 22 5 1
127 190 9 18 5 2
145 190 9 17 5 2
162 190 9 12 5 2
174 190 9 6 5 2
156 148 13 24 5 2
156 161 24 24 5 1
156 185 5 9 5 3
165 185 5 8 5 2
173 185 5 7 5 4
41 91 35 60 5 1
41 126 22 38 5 2
79 126 22 41 5 2
120 126 22 37 5 1
157 126 22 23 5 1
101 91 35 45 5 1
146 91 35 30 5 3
176 91 2 4 5 1
176 93 4 4 5 1
176 97 6 4 5 1
176 103 2 4 5 2
176 105 2 4 5 1
176 107 2 4 5 1
176 109 5 4 5 2
176 114 6 4 5 2
176 120 6 4 5 2
50 47 44 49 5 1
99 47 44 38 5 1
137 47 37 43 5 2
137 84 7 24 5 1
161 84 7 9 5 1
170 84 7 10 5 1
50 0 42 57 5 1
50 42 5 35 5 1
85 42 5 18 5 2
103 42 5 17 5 1
120 42 5 17 5 2
137 42 5 20 5 2
157 42 5 11 5 2
168 42 5 8 5 2
176 42 5 4 5 1
107 0 33 63 5 2
107 33 9 36 5 2
143 33 9 22 5 2
165 33 9 9 5 2
174 33 9 6 5 2
170 0 6 10 5 2
170 6 5 10 5 1
170 11 11 10 5 2
170 22 11 10 5 1
0 0 58 46 4 1
0 58 56 40 4 1
0 114 41 40 4 2
0 155 27 40 4 1
0 182 8 16 4 1
16 182 8 20 4 1
36 182 8 4 4 2
40 58 8 6 4 1
40 66 8 6 4 2
40 74 5 6 4 1
40 79 4 6 4 2
40 83 6 6 4 1
40 89 9 6 4 2
40 98 4 6 4 3
40 102 9 6 4 3
40 111 4 6 4 1
40 115 4 6 4 2
40 119 9 6 4 1
40 128 3 6 4 1
40 131 4 6 4 2
40 135 4 6 4 1
40 139 8 6 4 1
40 147 3 6 4 1
40 150 4 6 4 1
40 154 3 6 4 1
40 157 5 6 4 2
40 162 9 6 4 3
40 171 5 6 4 1
40 176 4 6 4 3
40 180 10 6 4 1
46 0 41 60 4 1
46 41 63 43 4 2
46 104 22 43 4 3
46 126 50 43 4 2
46 176 14 30 4 1
76 176 14 13 4 4
89 41 25 17 4 1
89 66 9 17 4 1
89 75 26 17 4 2
89 101 25 17 4 2
89 126 19 17 4 1
89 145 25 17 4 3
89 170 20 17 4 1
106 0 42 50 4 1
106 42 55 41 4 1
106 97 39 50 4 2
106 136 54 42 4 2
148 136 4 8 4 1
148 140 7 8 4 1
148 147 6 8 4 2
148 153 9 8 4 2
148 162 10 8 4 1
148 172 9 8 4 2
148 181 9 8 4 1
147 42 7 9 4 1
147 49 5 9 4 3
147 54 12 9 4 1
147 66 10 9 4 2
147 76 11 9 4 1
147 87 6 9 4 2
147 93 4 5 4 2
152 93 4 4 4 1
156 0 37 57 4 3
156 37 48 48 4 1
156 85 42 55 4 1
156 127 38 65 4 2
156 165 25 56 4 3
212 165 25 75 4 3
287 165 25 67 4 1
354 165 25 41 4 1
395 165 25 38 4 1
433 165 25 40 4 3
473 165 25 40 4 1
513 165 25 66 4 1
579 165 25 51 4 1
630 165 25 54 4 3
684 165 25 58 4 2
742 165 25 60 4 2
802 165 25 43 4 2
845 165 25 40 4 1
885 165 25 57 4 1
942 165 25 42 4 2
984 165 25 42 4 2
1026 165 25 39 4 2
1065 165 25 54 4 1
1119 165 25 41 4 1
1160 165 25 26 4 1
1186 165 8 14 4 2
1186 173 8 14 4 1
1186 181 9 14 4 2
221 127 38 44 4 2
265 127 38 58 4 3
323 127 38 71 4 1
394 127 38 57 4 1
451 127 38 39 4 1
490 127 34 67 4 2
490 161 4 20 4 1
510 161 4 19 4 2
529 161 4 9 4 2
538 161 4 9 4 2
547 161 4 5 4 1
552 161 4 5 4 2
557 127 38 49 4 1
606 127 38 46 4 1
652 127 38 45 4 2
697 127 38 52 4 1
749 127 38 48 4 3
797 127 38 49 4 1
846 127 38 51 4 2
897 127 38 65 4 2
962 127 38 58 4 1
1020 127 38 63 4 2
1083 127 38 50 4 1
1133 127 38 54 4 2
1187 127 15 13 4 1
1187 142 11 13 4 2
1187 153 8 13 4 2
1187 161 4 8 4 2
1195 161 4 5 4 1
211 85 42 63 4 2
274 85 42 56 4 2
330 85 42 53 4 1
383 85 42 38 4 1
421 85 42 49 4 1
470 85 42 37 4 2
507 85 36 70 4 2
507 121 6 20 4 2
527 121 6 23 4 1
550 121 6 13 4 1
563 121 6 8 4 3
571 121 6 6 4 2
577 85 33 66 4 2
577 118 9 43 4 2
620 118 9 50 4 1
670 118 9 61 4 1
731 118 9 49 4 2
780 118 9 46 4 2
826 118 9 47 4 3
873 118 9 60 4 2
933 118 9 65 4 2
998 118 9 35 4 1
1033 118 9 32 4 1
1065 118 9 29 4 1
1094 118 9 41 4 1
1135 118 9 33 4 1
1168 118 9 15 4 2
1183 118 9 13 4 1
1196 118 5 4 4 1
1196 123 4 4 4 3
643 85 33 60 4 2
703 85 33 50 4 1
753 85 33 67 4 2
820 85 33 65 4 2
885 85 33 59 4 2
944 85 33 49 4 1
993 85 33 57 4 1
1050 85 33 44 4 1
1094 85 33 64 4 2
1158 85 33 42 4 1
204 37 48 42 4 4
246 37 36 72 4 2
246 73 12 27 4 1
273 73 12 33 4 2
306 73 12 12 4 3
318 37 48 39 4 1
357 37 43 57 4 1
357 80 5 20 4 3
377 80 5 11 4 1
388 80 5 15 4 3
403 80 5 6 4 3
409 80 5 5 4 1
414 37 48 39 4 2
453 37 48 45 4 2
498 37 48 47 4 2
545 37 38 74 4 3
545 75 10 71 4 1
616 75 10 42 4 1
658 75 10 71 4 1
729 75 10 68 4 2
797 75 10 51 4 1
848 75 10 50 4 2
898 75 10 52 4 1
950 75 10 43 4 1
993 75 10 63 4 3
1056 75 10 34 4 1
1090 75 10 46 4 1
1136 75 10 26 4 1
1162 75 10 17 4 1
1179 75 10 21 4 4
619 37 38 40 4 2
659 37 38 47 4 1
706 37 38 63 4 1
769 37 38 55 4 1
824 37 38 62 4 1
886 37 38 41 4 1
927 37 38 68 4 2
995 37 38 72 4 1
1067 37 38 40 4 2
1107 37 38 64 4 1
1171 37 38 29 4 1
213 0 37 63 4 1
276 0 37 61 4 1
337 0 37 44 4 1
381 0 37 42 4 1
423 0 37 60 4 1
483 0 37 57 4 2
540 0 37 42 4 1
582 0 37 73 4 1
655 0 37 71 4 1
726 0 37 62 4 4
788 0 37 52 4 1
840 0 37 40 4 1
880 0 37 41 4 2
921 0 37 55 4 1
976 0 37 39 4 3
1015 0 37 50 4 3
1065 0 37 46 4 1
1111 0 37 69 4 2
1180 0 14 20 4 2
1180 14 11 20 4 3
1180 25 12 15 4 1
1195 25 6 5 4 1
1195 31 6 5 4 1
0 0 32 60 3.5 2
0 32 54 36 3.5 2
0 86 47 40 3.5 1
0 133 27 40 3.5 2
0 160 30 40 3.5 1
0 190 27 40 3.5 1
0 217 42 40 3.5 2
0 259 20 40 3.5 2
0 279 59 40 3.5 2
0 338 24 40 3.5 1
0 362 20 40 3.5 2
0 382 26 40 3.5 2
0 408 35 40 3.5 1
0 443 20 40 3.5 3
0 463 52 40 3.5 2
0 515 31 40 3.5 1
0 546 51 34 3.5 3
0 597 26 40 3.5 1
0 623 20 40 3.5 3
0 643 43 40 3.5 2
0 686 23 40 3.5 2
0 709 53 40 3.5 2
0 762 51 36 3.5 3
0 813 50 36 3.5 2
0 863 25 36 3.5 1
0 888 12 19 3.5 2
19 888 12 13 3.5 2
32 888 6 4 3.5 2
32 894 6 4 3.5 2
36 762 4 4 3.5 2
36 766 5 4 3.5 1
36 771 5 4 3.5 1
36 776 6 4 3.5 1
36 782 5 4 3.5 2
36 787 4 4 3.5 2
36 791 3 4 3.5 1
36 794 2 4 3.5 1
36 796 6 4 3.5 2
36 802 5 4 3.5 1
36 807 5 4 3.5 1
36 812 6 4 3.5 1
36 818 5 4 3.5 1
36 823 6 4 3.5 2
36 829 6 4 3.5 2
36 835 6 4 3.5 2
36 841 5 4 3.5 2
36 846 2 4 3.5 3
36 848 4 4 3.5 2
36 852 2 4 3.5 3
36 854 3 4 3.5 3
36 857 3 4 3.5 1
36 860 2 4 3.5 2
36 862 6 4 3.5 1
36 868 6 4 3.5 3
36 874 4 4 3.5 1
36 878 6 4 3.5 2
36 884 2 4 3.5 2
36 886 6 4 3.5 1
36 892 4 4 3.5 1
36 896 4 4 3.5 2
34 546 3 6 3.5 1
34 549 7 6 3.5 1
34 556 6 6 3.5 1
34 562 8 6 3.5 2
34 570 9 6 3.5 1
34 579 8 6 3.5 1
34 587 10 6 3.5 1
40 86 26 20 3.5 1
40 112 24 20 3.5 1
40 136 26 20 3.5 2
40 162 13 20 3.5 1
40 175 30 20 3.5 1
40 205 25 20 3.5 1
40 230 26 20 3.5 2
40 256 14 20 3.5 1
40 270 24 20 3.5 2
40 294 17 20 3.5 2
40 311 17 20 3.5 1
40 328 27 20 3.5 1
40 355 22 20 3.5 2
40 377 27 20 3.5 2
40 404 27 20 3.5 2
40 431 27 20 3.5 2
40 458 12 20 3.5 1
40 470 28 20 3.5 2
40 498 11 20 3.5 2
40 509 13 20 3.5 2
40 522 10 20 3.5 2
40 532 11 20 3.5 3
40 543 24 20 3.5 1
40 567 28 20 3.5 2
40 595 13 20 3.5 2
40 608 15 20 3.5 2
40 623 10 20 3.5 1
40 633 29 20 3.5 2
40 662 10 20 3.5 1
40 672 13 20 3.5 1
40 685 13 20 3.5 2
40 698 13 20 3.5 2
40 711 11 20 3.5 3
40 722 28 20 3.5 1
40 750 30 20 3.5 2
40 780 29 20 3.5 1
40 809 17 20 3.5 1
40 826 19 20 3.5 1
40 845 27 20 3.5 1
40 872 23 20 3.5 2
40 895 5 8 3.5 2
48 895 5 8 3.5 2
56 895 5 4 3.5 1
36 32 14 24 3.5 2
36 46 12 24 3.5 2
36 58 28 24 3.5 3
60 0 47 37 3.5 1
60 47 49 36 3.5 2
60 96 44 49 3.5 1
60 140 54 38 3.5 2
60 194 41 38 3.5 1
60 235 51 34 3.5 2
60 286 49 33 3.5 2
60 335 50 33 3.5 1
60 385 39 33 3.5 1
60 424 47 33 3.5 1
60 471 32 33 3.5 1
60 503 18 33 3.5 1
60 521 36 33 3.5 1
60 557 49 33 3.5 2
60 606 49 33 3.5 2
60 655 38 33 3.5 1
60 693 49 33 3.5 2
60 742 36 33 3.5 2
60 778 27 33 3.5 2
60 805 34 33 3.5 2
60 839 20 33 3.5 2
60 859 31 33 3.5 2
60 890 10 21 3.5 1
81 890 10 12 3.5 2
93 286 5 5 3.5 1
93 291 6 5 3.5 1
93 297 6 5 3.5 2
93 303 7 5 3.5 1
93 310 3 5 3.5 2
93 313 7 5 3.5 1
93 320 6 5 3.5 1
93 326 8 5 3.5 2
93 334 7 5 3.5 1
93 341 3 5 3.5 1
93 344 4 5 3.5 1
93 348 4 5 3.5 1
93 352 4 5 3.5 2
93 356 5 5 3.5 2
93 361 3 5 3.5 1
93 364 4 5 3.5 3
93 368 6 5 3.5 2
93 374 7 5 3.5 1
93 381 7 5 3.5 2
93 388 3 5 3.5 2
93 391 6 5 3.5 1
93 397 3 5 3.5 1
93 400 8 5 3.5 1
93 408 6 5 3.5 2
93 414 4 5 3.5 2
93 418 5 5 3.5 1
93 423 3 5 3.5 1
93 426 4 5 3.5 3
93 430 4 5 3.5 1
93 434 3 5 3.5 1
93 437 5 5 3.5 2
93 442 7 5 3.5 2
93 449 3 5 3.5 1
93 452 4 5 3.5 1
93 456 4 5 3.5 1
93 460 5 5 3.5 2
93 465 3 5 3.5 2
93 468 5 5 3.5 1
93 473 7 5 3.5 2
93 480 3 5 3.5 2
93 483 4 5 3.5 2
93 487 7 5 3.5 1
93 494 6 5 3.5 2
93 500 6 5 3.5 2
93 506 3 5 3.5 1
93 509 7 5 3.5 1
93 516 4 5 3.5 1
93 520 4 5 3.5 1
93 524 3 5 3.5 1
93 527 3 5 3.5 1
93 530 7 5 3.5 2
93 537 5 5 3.5 2
93 542 6 5 3.5 1
93 548 8 5 3.5 2
93 556 7 5 3.5 2
93 563 2 5 3.5 1
93 565 7 5 3.5 1
93 572 2 5 3.5 2
93 574 3 5 3.5 2
93 577 6 5 3.5 1
93 583 3 5 3.5 1
93 586 5 5 3.5 1
93 591 5 5 3.5 1
93 596 3 5 3.5 2
93 599 5 5 3.5 2
93 604 5 5 3.5 1
93 609 5 5 3.5 2
93 614 3 5 3.5 1
93 617 8 5 3.5 3
93 625 4 5 3.5 2
93 629 3 5 3.5 1
93 632 7 5 3.5 1
93 639 5 5 3.5 2
93 644 5 5 3.5 1
93 649 4 5 3.5 1
93 653 7 5 3.5 1
93 660 5 5 3.5 2
93 665 7 5 3.5 1
93 672 8 5 3.5 1
93 680 7 5 3.5 2
93 687 3 5 3.5 3
93 690 6 5 3.5 1
93 696 4 5 3.5 2
93 700 4 5 3.5 2
93 704 6 5 3.5 1
93 710 6 5 3.5 1
93 716 4 5 3.5 2
93 720 7 5 3.5 1
93 727 4 5 3.5 2
93 731 3 5 3.5 1
93 734 3 5 3.5 1
93 737 4 5 3.5 3
93 741 7 5 3.5 2
93 748 4 5 3.5 2
93 752 3 5 3.5 2
93 755 3 5 3.5 1
93 758 8 5 3.5 3
93 766 3 5 3.5 3
93 769 3 5 3.5 1
93 772 4 5 3.5 2
93 776 3 5 3.5 2
93 779 4 5 3.5 2
93 783 4 5 3.5 1
93 787 4 5 3.5 1
93 791 3 5 3.5 1
93 794 8 5 3.5 2
93 802 6 5 3.5 2
93 808 3 5 3.5 1
93 811 3 5 3.5 1
93 814 5 5 3.5 1
93 819 8 5 3.5 1
93 827 6 5 3.5 1
93 833 2 5 3.5 1
93 835 7 5 3.5 1
93 842 3 5 3.5 2
93 845 7 5 3.5 1
93 852 4 5 3.5 3
93 856 3 5 3.5 2
93 859 3 5 3.5 1
93 862 5 5 3.5 2
93 867 8 5 3.5 2
93 875 5 5 3.5 1
93 880 7 5 3.5 2
93 887 4 5 3.5 2
93 891 4 5 3.5 3
93 895 5 5 3.5 2
94 235 4 4 3.5 1
94 239 2 4 3.5 1
94 241 3 4 3.5 1
94 244 2 4 3.5 1
94 246 2 4 3.5 2
94 248 6 4 3.5 2
94 254 4 4 3.5 2
94 258 6 4 3.5 1
94 264 6 4 3.5 1
94 270 2 4 3.5 3
94 272 6 4 3.5 2
94 278 3 4 3.5 2
94 281 5 4 3.5 1
98 140 8 11 3.5 1
98 148 9 11 3.5 2
98 157 8 11 3.5 2
98 165 6 11 3.5 1
98 171 8 11 3.5 1
98 179 6 11 3.5 1
98 185 14 11 3.5 1
98 199 16 11 3.5 1
98 215 16 11 3.5 1
98 231 10 11 3.5 1
98 241 16 11 3.5 1
98 257 12 11 3.5 1
98 269 13 11 3.5 2
98 282 16 11 3.5 1
98 298 13 11 3.5 2
98 311 9 11 3.5 1
98 320 16 11 3.5 1
98 336 9 11 3.5 2
98 345 16 11 3.5 1
98 361 8 11 3.5 3
98 369 7 11 3.5 3
98 376 16 11 3.5 2
98 392 13 11 3.5 1
98 405 6 11 3.5 2
98 411 7 11 3.5 2
98 418 12 11 3.5 1
98 430 16 11 3.5 1
98 446 8 11 3.5 1
98 454 6 11 3.5 3
98 460 10 11 3.5 1
98 470 6 11 3.5 1
98 476 16 11 3.5 1
98 492 11 11 3.5 2
98 503 12 11 3.5 2
98 515 11 11 3.5 2
98 526 16 11 3.5 2
98 542 16 11 3.5 1
98 558 10 11 3.5 3
98 568 9 11 3.5 1
98 577 13 11 3.5 1
98 590 16 11 3.5 2
98 606 6 11 3.5 1
98 612 7 11 3.5 2
98 619 16 11 3.5 1
98 635 11 11 3.5 1
98 646 11 11 3.5 2
98 657 12 11 3.5 1
98 669 8 11 3.5 3
98 677 6 11 3.5 1
98 683 9 11 3.5 1
98 692 15 11 3.5 2
98 707 7 11 3.5 1
98 714 12 11 3.5 3
98 726 14 11 3.5 1
98 740 7 11 3.5 2
98 747 16 11 3.5 2
98 763 8 11 3.5 1
98 771 15 11 3.5 1
98 786 16 11 3.5 1
98 802 6 11 3.5 3
98 808 11 11 3.5 1
98 819 10 11 3.5 2
98 829 10 11 3.5 1
98 839 16 11 3.5 1
98 855 6 11 3.5 2
98 861 12 11 3.5 1
98 873 7 11 3.5 1
98 880 16 11 3.5 1
98 896 4 7 3.5 1
105 896 4 4 3.5 2
109 96 52 35 3.5 1
109 148 51 35 3.5 1
109 199 52 35 3.5 2
109 251 31 35 3.5 2
109 282 30 35 3.5 2
109 312 36 35 3.5 2
109 348 34 35 3.5 1
109 382 49 35 3.5 3
109 431 42 35 3.5 1
109 473 23 35 3.5 3
109 496 50 35 3.5 1
109 546 38 35 3.5 1
109 584 21 35 3.5 4
109 605 18 35 3.5 1
109 623 47 35 3.5 1
109 670 47 35 3.5 1
109 717 22 35 3.5 1
109 739 24 35 3.5 2
109 763 52 35 3.5 2
109 815 37 35 3.5 1
109 852 48 35 3.5 1
144 96 52 41 3.5 1
144 148 28 41 3.5 2
144 176 51 41 3.5 2
144 227 22 41 3.5 1
144 249 61 41 3.5 2
144 310 20 41 3.5 2
144 330 59 41 3.5 4
144 389 47 41 3.5 1
144 436 35 41 3.5 2
144 471 55 41 3.5 1
144 526 22 41 3.5 1
144 548 25 41 3.5 2
144 573 29 41 3.5 1
144 602 59 41 3.5 2
144 661 39 41 3.5 2
144 700 32 41 3.5 1
144 732 22 41 3.5 1
144 754 26 41 3.5 1
144 780 23 41 3.5 1
144 803 25 41 3.5 2
144 828 46 35 3.5 1
144 874 26 29 3.5 3
173 874 6 12 3.5 1
173 880 20 12 3.5 4
179 828 4 6 3.5 1
179 832 9 6 3.5 1
179 841 9 6 3.5 1
179 850 5 6 3.5 2
179 855 3 6 3.5 1
179 858 9 6 3.5 1
179 867 3 6 3.5 1
179 870 4 6 3.5 1
185 96 18 15 3.5 1
185 114 8 15 3.5 1
185 122 8 15 3.5 1
185 130 11 15 3.5 2
185 141 8 15 3.5 1
185 149 11 15 3.5 1
185 160 17 15 3.5 2
185 177 22 15 3.5 2
185 199 17 15 3.5 1
185 216 14 15 3.5 1
185 230 11 15 3.5 1
185 241 12 15 3.5 1
185 253 8 15 3.5 2
185 261 22 15 3.5 2
185 283 16 15 3.5 1
185 299 20 15 3.5 1
185 319 22 15 3.5 1
185 341 11 15 3.5 1
185 352 10 15 3.5 1
185 362 9 15 3.5 2
185 371 8 15 3.5 2
185 379 15 15 3.5 1
185 394 9 15 3.5 1
185 403 11 15 3.5 1
185 414 11 15 3.5 2
185 425 8 15 3.5 1
185 433 8 15 3.5 1
185 441 9 15 3.5 2
185 450 8 15 3.5 1
185 458 22 15 3.5 2
185 480 8 15 3.5 3
185 488 18 15 3.5 1
185 506 8 15 3.5 3
185 514 8 15 3.5 2
185 522 8 15 3.5 2
185 530 15 15 3.5 3
185 545 8 15 3.5 1
185 553 8 15 3.5 2
185 561 22 15 3.5 2
185 583 19 15 3.5 2
185 602 14 15 3.5 1
185 616 22 15 3.5 2
185 638 14 15 3.5 2
185 652 18 15 3.5 2
185 670 19 15 3.5 2
185 689 20 15 3.5 2
185 709 21 15 3.5 1
185 730 22 15 3.5 2
185 752 12 15 3.5 2
185 764 8 15 3.5 2
185 772 13 15 3.5 2
185 785 22 15 3.5 2
185 807 20 15 3.5 1
185 827 9 15 3.5 1
185 836 22 15 3.5 1
185 858 14 15 3.5 1
185 872 17 15 3.5 1
185 889 11 11 3.5 2
196 889 2 4 3.5 2
196 891 4 4 3.5 1
196 895 5 4 3.5 1
96 47 29 58 3.5 2
96 76 20 40 3.5 2
136 76 20 30 3.5 1
166 76 20 21 3.5 2
187 76 12 13 3.5 2
187 88 8 13 3.5 2
154 47 29 46 3.5 2
97 0 34 51 3.5 2
97 34 13 28 3.5 2
125 34 13 17 3.5 3
142 34 6 6 3.5 2
142 40 7 6 3.5 2
148 0 42 52 3.5 1
148 42 5 23 3.5 1
171 42 5 16 3.5 2
187 42 5 8 3.5 2
195 42 5 5 3.5 2
0 0 18 29 3 2
0 18 27 19 3 2
0 45 27 19 3 2
0 72 10 19 3 1
0 82 19 19 3 2
0 101 28 19 3 2
0 129 12 19 3 2
0 141 20 19 3 2
0 161 19 19 3 2
0 180 15 19 3 1
0 195 15 19 3 2
19 45 6 10 3 1
19 51 6 10 3 1
19 57 14 10 3 1
19 71 15 10 3 1
19 86 6 10 3 3
19 92 6 10 3 2
19 98 14 10 3 1
19 112 11 10 3 1
19 123 14 10 3 1
19 137 6 10 3 2
19 143 6 10 3 1
19 149 13 10 3 2
19 162 14 10 3 4
19 176 15 10 3 1
19 191 12 10 3 2
19 203 7 10 3 1
19 18 15 10 3 2
19 33 6 10 3 2
19 39 6 10 3 2
29 0 29 22 3 2
29 29 18 34 3 1
29 47 30 20 3 1
29 77 28 19 3 2
29 105 17 32 3 1
29 122 18 32 3 1
29 140 24 27 3 1
29 164 18 32 3 1
29 182 28 19 3 2
48 182 6 13 3 1
48 188 11 13 3 1
48 199 11 13 3 2
56 140 3 5 3 2
56 143 6 5 3 1
56 149 3 5 3 1
56 152 4 5 3 2
56 156 8 5 3 1
61 105 22 27 3 2
61 127 28 22 3 2
61 155 29 22 3 1
61 184 11 22 3 1
61 195 15 16 3 2
77 195 8 6 3 1
77 203 7 6 3 2
83 127 22 30 3 1
83 149 30 24 3 4
83 179 31 24 3 2
107 149 19 34 3 2
107 168 19 34 3 1
107 187 23 20 3 1
127 187 14 14 3 2
127 201 9 14 3 1
141 149 27 22 3 2
141 176 18 34 3 1
141 194 16 18 3 2
159 194 16 16 3 2
175 176 27 20 3 1
175 203 7 36 3 2
211 203 7 22 3 1
233 203 7 22 3 1
255 203 7 15 3 1
195 176 27 20 3 1
215 176 27 20 3 2
235 176 27 21 3 2
256 176 19 14 3 1
256 195 8 14 3 1
163 149 23 28 3 1
163 172 4 18 3 1
181 172 4 16 3 3
197 172 4 15 3 1
212 172 4 14 3 3
226 172 4 12 3 1
238 172 4 12 3 1
250 172 4 13 3 2
263 172 4 7 3 1
191 149 19 29 3 3
191 168 4 11 3 1
202 168 4 12 3 2
214 168 4 6 3 2
220 149 23 28 3 1
248 149 11 22 3 1
248 160 12 16 3 2
264 160 7 6 3 1
264 167 5 6 3 2
113 127 22 29 3 2
142 127 22 19 3 1
161 127 22 20 3 1
181 127 17 34 3 2
181 144 5 11 3 2
192 144 5 11 3 1
203 144 5 7 3 1
210 144 5 5 3 1
215 127 22 26 3 2
241 127 22 29 3 2
88 105 22 22 3 2
110 105 22 31 3 2
141 105 22 19 3 1
160 105 22 19 3 1
179 105 22 20 3 2
199 105 22 22 3 1
221 105 18 30 3 1
221 123 4 12 3 1
233 123 4 12 3 3
245 123 4 6 3 2
251 105 18 19 3 2
251 123 4 7 3 2
258 123 4 12 3 2
48 77 24 25 3 2
48 101 4 32 3 1
80 101 4 23 3 1
103 101 4 29 3 2
132 101 4 31 3 2
163 101 4 27 3 2
190 101 4 15 3 2
205 101 4 14 3 1
219 101 4 16 3 2
235 101 4 11 3 2
246 101 4 13 3 1
259 101 4 6 3 1
265 101 4 5 3 1
73 77 24 21 3 2
94 77 24 21 3 3
115 77 16 33 3 1
115 93 8 19 3 1
134 93 8 9 3 1
143 93 3 5 3 2
143 96 5 5 3 1
148 77 18 35 3 2
148 95 6 34 3 1
182 95 6 25 3 2
207 95 6 19 3 2
226 95 6 18 3 1
244 95 6 11 3 1
255 95 6 8 3 1
263 95 6 7 3 2
183 77 18 35 3 1
218 77 18 21 3 2
239 77 18 21 3 2
260 77 11 10 3 2
260 88 7 10 3 2
49 47 25 24 3 3
49 72 5 9 3 2
58 72 5 8 3 3
66 72 5 7 3 1
73 47 16 33 3 3
73 63 14 32 3 1
105 63 14 19 3 2
124 63 14 26 3 2
150 63 14 35 3 1
185 63 14 26 3 1
211 63 14 21 3 2
232 63 14 20 3 1
252 63 14 18 3 1
106 47 16 24 3 3
130 47 16 22 3 1
152 47 16 35 3 2
187 47 16 25 3 2
212 47 16 21 3 2
233 47 16 27 3 1
260 47 8 10 3 3
260 55 8 10 3 1
63 29 18 28 3 2
91 29 18 20 3 1
111 29 18 21 3 1
132 29 18 28 3 1
160 29 18 21 3 3
181 29 18 34 3 1
215 29 18 20 3 1
235 29 18 22 3 1
257 29 7 13 3 2
257 36 7 13 3 2
257 43 4 6 3 1
263 43 4 7 3 1
51 0 29 25 3 1
76 0 29 21 3 2
97 0 22 28 3 1
97 22 7 12 3 2
109 22 7 11 3 2
120 22 7 5 3 1
125 0 18 30 3 2
125 18 11 15 3 2
140 18 11 15 3 2
155 0 29 20 3 1
175 0 24 28 3 1
175 24 5 12 3 1
187 24 5 9 3 1
196 24 5 7 3 1
203 0 25 23 3 1
203 25 4 23 3 1
226 25 4 12 3 2
238 25 4 12 3 1
250 25 4 7 3 2
257 25 4 9 3 2
266 25 4 4 3 3
226 0 21 26 3 2
226 21 4 9 3 2
235 21 4 12 3 2
247 21 4 5 3 1
252 0 10 18 3 2
252 10 15 18 3 2
0 0 32 29 2 1
0 32 42 29 2 2
0 74 15 29 2 2
0 89 20 29 2 2
0 109 15 29 2 1
0 124 24 29 2 2
0 148 21 29 2 2
0 169 36 24 2 1
0 205 5 11 2 1
11 205 5 8 2 1
19 205 5 10 2 1
24 169 7 5 2 2
24 176 2 5 2 1
24 178 4 5 2 3
24 182 2 5 2 1
24 184 4 5 2 1
24 188 2 5 2 2
24 190 3 5 2 1
24 193 3 5 2 2
24 196 3 5 2 1
24 199 6 5 2 1
29 0 39 26 2 1
29 39 24 26 2 2
29 63 30 26 2 3
29 93 34 26 2 2
29 127 39 26 2 2
29 166 14 26 2 1
29 180 30 26 2 1
55 0 31 32 2 1
55 31 21 32 2 2
55 52 34 24 2 1
55 86 32 23 2 1
55 118 24 23 2 1
55 142 34 23 2 1
55 176 34 23 2 2
78 86 10 9 2 2
78 96 14 9 2 2
78 110 8 9 2 1
78 118 6 9 2 1
78 124 13 9 2 1
78 137 12 9 2 1
78 149 12 9 2 3
78 161 9 9 2 1
78 170 13 9 2 1
78 183 13 9 2 3
78 196 14 9 2 1
79 52 12 8 2 1
79 64 5 8 2 2
79 69 11 8 2 1
79 80 6 8 2 1
87 0 28 32 2 2
87 28 32 27 2 2
87 60 27 27 2 3
87 87 34 23 2 2
87 121 21 27 2 2
87 142 25 27 2 1
87 167 17 27 2 1
87 184 26 22 2 2
109 184 6 5 2 2
109 190 7 5 2 2
109 197 3 5 2 2
109 200 10 5 2 2
110 87 2 4 2 2
110 89 3 4 2 3
110 92 5 4 2 2
110 97 5 4 2 2
110 102 2 4 2 1
110 104 5 4 2 1
110 109 5 4 2 1
110 114 7 4 2 1
114 28 3 5 2 2
114 31 7 5 2 3
114 38 6 5 2 1
114 44 3 5 2 2
114 47 7 5 2 1
114 54 6 5 2 2
114 60 5 5 2 1
114 65 3 5 2 1
114 68 4 5 2 2
114 72 5 5 2 1
114 77 3 5 2 2
114 80 7 5 2 1
114 87 7 5 2 2
114 94 3 5 2 2
114 97 7 5 2 2
114 104 6 5 2 1
114 110 8 5 2 1
114 118 3 5 2 1
114 121 3 5 2 2
114 124 7 5 2 2
114 131 7 5 2 1
114 138 3 5 2 3
114 141 7 5 2 1
114 148 3 5 2 3
114 151 4 5 2 1
114 155 6 5 2 1
114 161 6 5 2 2
114 167 4 5 2 1
114 171 7 5 2 1
114 178 7 5 2 2
114 185 7 5 2 1
114 192 8 5 2 1
114 200 4 5 2 2
114 204 6 5 2 1
119 0 31 28 2 1
119 31 35 28 2 2
119 66 42 28 2 1
119 108 39 28 2 1
119 147 34 28 2 2
119 181 17 28 2 3
119 198 12 20 2 2
139 198 12 8 2 2
147 0 36 27 2 2
147 36 14 27 2 1
147 50 32 27 2 2
147 82 15 27 2 1
147 97 40 27 2 2
147 137 39 27 2 1
147 176 34 27 2 2
174 0 29 30 2 3
174 29 30 34 2 1
174 59 38 26 2 2
174 97 33 22 2 1
174 130 25 22 2 1
174 155 16 22 2 2
174 171 20 22 2 1
174 191 19 17 2 2
191 191 4 5 2 1
191 195 6 5 2 2
191 201 9 5 2 1
196 97 2 4 2 1
196 99 4 4 2 2
196 103 3 4 2 1
196 106 2 4 2 3
196 108 6 4 2 1
196 114 6 4 2 1
196 120 3 4 2 1
196 123 5 4 2 2
196 128 2 4 2 2
196 130 5 4 2 1
196 135 2 4 2 1
196 137 3 4 2 3
196 140 3 4 2 1
196 143 6 4 2 1
196 149 2 4 2 1
196 151 6 4 2 2
196 157 4 4 2 1
196 161 6 4 2 2
196 167 5 4 2 2
196 172 2 4 2 2
196 174 5 4 2 2
196 179 2 4 2 2
196 181 6 4 2 2
196 187 4 4 2 1
196 191 6 4 2 1
196 197 2 4 2 2
196 199 6 4 2 2
196 205 5 4 2 1
200 59 4 8 2 1
200 63 4 8 2 3
200 67 4 8 2 1
200 71 7 8 2 2
200 78 11 8 2 2
200 89 10 8 2 1
200 99 5 8 2 1
200 104 12 8 2 3
200 116 5 8 2 3
200 121 11 8 2 2
200 132 9 8 2 2
200 141 12 8 2 1
200 153 11 8 2 2
200 164 9 8 2 2
200 173 4 8 2 2
200 177 9 8 2 3
200 186 11 8 2 1
200 197 9 8 2 1
200 206 4 8 2 2
208 29 29 27 2 2
208 58 38 25 2 1
208 96 35 24 2 1
208 131 29 27 2 2
208 160 16 27 2 1
208 176 34 27 2 1
235 131 22 43 2 2
235 153 26 32 2 1
235 179 31 27 2 3
262 179 22 16 2 2
262 201 9 16 2 2
267 153 13 11 2 1
267 166 13 11 2 2
278 131 29 30 2 1
278 160 36 26 2 2
278 196 14 26 2 1
304 160 34 26 2 2
304 194 16 24 2 2
328 194 16 24 2 2
352 194 16 24 2 2
376 194 16 19 2 3
395 194 16 10 2 2
330 160 34 25 2 1
355 160 22 40 2 2
355 182 12 20 2 2
375 182 12 13 2 1
388 182 5 7 2 2
388 187 7 7 2 2
395 160 14 10 2 1
395 174 10 10 2 2
395 184 6 10 2 2
395 190 4 10 2 1
308 131 29 26 2 2
334 131 29 32 2 1
366 131 29 25 2 2
391 131 7 14 2 2
391 138 22 14 2 1
232 96 35 26 2 2
258 96 23 44 2 1
258 119 12 31 2 2
289 119 12 13 2 1
302 96 23 42 2 2
302 119 12 41 2 1
343 119 12 38 2 1
381 119 12 15 2 2
396 119 12 9 2 2
344 96 23 37 2 2
381 96 14 24 2 2
381 110 9 24 2 1
233 58 34 26 2 2
233 92 4 30 2 1
263 92 4 26 2 2
289 92 4 19 2 2
308 92 4 25 2 1
333 92 4 22 2 3
355 92 4 12 2 1
367 92 4 16 2 3
383 92 4 8 2 2
391 92 4 10 2 2
401 92 4 4 2 1
259 58 22 43 2 3
259 80 12 38 2 1
297 80 12 42 2 2
339 80 12 22 2 2
361 80 12 20 2 2
381 80 12 24 2 1
302 58 22 25 2 2
327 58 22 28 2 2
355 58 22 25 2 1
380 58 22 20 2 2
400 58 7 5 2 2
400 65 3 5 2 1
400 68 6 5 2 1
400 74 6 5 2 1
235 29 29 26 2 1
261 29 23 38 2 2
261 52 6 18 2 1
279 52 6 14 2 1
293 52 6 6 2 2
299 29 20 40 2 1
299 49 9 25 2 2
324 49 9 36 2 1
360 49 9 25 2 2
385 49 9 13 2 1
398 49 9 7 2 2
339 29 20 23 2 1
362 29 20 43 2 1
204 0 29 30 2 2
234 0 24 38 2 1
234 24 5 24 2 1
258 24 5 36 2 1
294 24 5 28 2 2
322 24 5 28 2 1
350 24 5 17 2 2
367 24 5 13 2 1
380 24 5 10 2 1
390 24 5 10 2 1
400 24 5 5 2 3
272 0 24 25 2 2
297 0 24 28 2 2
325 0 24 31 2 1
356 0 24 38 2 2
394 0 7 11 2 2
394 7 11 11 2 2
394 18 6 11 2 2
0 0 11 15 1.5 3
0 11 16 11 1.5 1
0 27 13 13 1.5 1
0 40 19 13 1.5 1
0 59 19 13 1.5 2
0 78 11 13 1.5 2
0 89 18 13 1.5 3
0 107 19 13 1.5 1
0 126 4 6 1.5 2
6 126 4 7 1.5 1
13 27 16 11 1.5 1
13 43 14 11 1.5 2
13 57 14 11 1.5 1
13 71 16 11 1.5 2
13 87 15 11 1.5 2
13 102 9 11 1.5 2
13 111 13 11 1.5 2
13 124 6 11 1.5 1
24 71 10 17 1.5 1
24 81 14 10 1.5 2
24 95 8 10 1.5 1
24 103 10 10 1.5 3
24 113 7 10 1.5 2
24 120 6 10 1.5 2
24 126 4 6 1.5 1
30 126 4 4 1.5 1
34 81 6 7 1.5 2
34 87 10 7 1.5 1
34 97 5 7 1.5 1
34 102 10 7 1.5 2
34 112 4 7 1.5 1
34 116 9 7 1.5 2
34 125 5 7 1.5 1
41 71 15 12 1.5 2
41 86 9 17 1.5 1
41 95 16 11 1.5 1
41 111 13 11 1.5 2
41 124 6 11 1.5 1
52 95 9 16 1.5 2
52 104 14 11 1.5 1
52 118 8 11 1.5 2
52 126 4 11 1.5 2
63 104 12 14 1.5 2
63 116 7 14 1.5 2
63 123 7 9 1.5 1
72 123 3 5 1.5 1
72 126 4 5 1.5 2
77 104 11 18 1.5 1
77 115 15 11 1.5 1
88 115 10 19 1.5 3
88 125 5 11 1.5 2
99 125 5 8 1.5 1
107 115 8 13 1.5 2
107 123 7 13 1.5 1
95 104 11 18 1.5 1
113 104 11 7 1.5 3
68 95 9 13 1.5 2
81 95 9 11 1.5 1
92 95 9 15 1.5 1
107 95 9 9 1.5 2
116 95 5 4 1.5 2
116 100 4 4 1.5 1
58 86 9 16 1.5 2
74 86 9 11 1.5 2
85 86 9 19 1.5 2
104 86 9 16 1.5 1
53 71 15 11 1.5 1
64 71 8 17 1.5 1
64 79 7 17 1.5 3
81 71 15 10 1.5 2
91 71 15 10 1.5 2
101 71 15 11 1.5 1
112 71 4 8 1.5 2
112 75 11 8 1.5 1
24 57 14 12 1.5 2
36 57 14 10 1.5 2
46 57 9 15 1.5 1
46 66 5 7 1.5 2
53 66 5 8 1.5 1
61 57 14 12 1.5 3
73 57 14 10 1.5 2
83 57 14 12 1.5 1
95 57 14 12 1.5 1
107 57 14 13 1.5 1
24 43 14 13 1.5 1
37 43 14 11 1.5 1
48 43 9 17 1.5 1
48 52 5 13 1.5 2
61 52 5 4 1.5 3
65 43 14 10 1.5 1
75 43 14 14 1.5 1
89 43 14 11 1.5 1
100 43 14 10 1.5 1
110 43 14 10 1.5 2
24 27 16 11 1.5 2
35 27 8 15 1.5 1
35 35 8 14 1.5 1
49 35 8 10 1.5 2
59 35 8 13 1.5 2
72 35 8 11 1.5 1
83 35 8 15 1.5 1
98 35 8 16 1.5 2
114 35 4 6 1.5 1
114 39 4 6 1.5 2
50 27 8 11 1.5 2
61 27 8 10 1.5 2
71 27 8 10 1.5 2
81 27 8 17 1.5 1
98 27 8 14 1.5 1
112 27 4 8 1.5 1
112 31 4 8 1.5 2
11 11 12 14 1.5 2
11 23 4 8 1.5 1
19 23 4 6 1.5 2
25 11 16 12 1.5 1
37 11 16 10 1.5 1
47 11 10 14 1.5 1
47 21 6 18 1.5 1
65 21 6 19 1.5 1
84 21 6 12 1.5 1
96 21 6 17 1.5 1
113 21 6 7 1.5 3
61 11 10 14 1.5 1
75 11 10 11 1.5 1
86 11 10 12 1.5 2
98 11 10 17 1.5 3
115 11 10 5 1.5 1
15 0 11 18 1.5 1
33 0 11 17 1.5 3
50 0 11 13 1.5 2
63 0 11 10 1.5 1
73 0 11 12 1.5 1
85 0 11 11 1.5 1
96 0 11 15 1.5 1
111 0 6 9 1.5 1
111 6 5 9 1.5 1
0 0 9 7 1 1
0 9 4 7 1 1
0 13 6 7 1 1
0 19 5 7 1 1
0 24 5 7 1 1
0 29 8 7 1 2
0 37 7 7 1 1
0 44 4 7 1 2
0 48 10 7 1 2
0 58 7 7 1 1
0 65 10 7 1 1
0 75 4 7 1 1
0 79 10 7 1 1
0 89 4 7 1 1
0 93 4 7 1 1
0 97 4 7 1 1
0 101 4 7 1 1
0 105 10 7 1 3
0 115 5 7 1 1
0 120 9 7 1 1
0 129 10 7 1 1
0 139 8 7 1 2
0 147 9 7 1 2
0 156 4 7 1 2
7 0 8 9 1 1
7 8 13 9 1 1
7 21 4 9 1 1
7 25 6 9 1 2
7 31 5 9 1 2
7 36 5 9 1 2
7 41 13 9 1 1
7 54 11 9 1 3
7 65 10 9 1 2
7 75 8 9 1 1
7 83 11 9 1 2
7 94 5 9 1 3
7 99 9 9 1 1
7 108 6 9 1 1
7 114 11 9 1 1
7 125 5 9 1 2
7 130 13 9 1 1
7 143 11 9 1 1
7 154 6 9 1 1
16 0 7 10 1 2
16 7 6 10 1 1
16 13 6 10 1 1
16 19 8 10 1 3
16 27 9 6 1 2
16 36 9 10 1 1
16 45 13 10 1 3
16 58 5 10 1 2
16 63 14 10 1 2
16 77 6 10 1 1
16 83 8 10 1 1
16 91 10 10 1 2
16 101 13 10 1 2
16 114 9 10 1 3
16 123 5 10 1 2
16 128 14 10 1 1
16 142 11 10 1 2
16 153 7 10 1 2
22 27 2 4 1 1
22 29 7 4 1 2
26 0 9 7 1 1
26 9 7 7 1 2
26 16 10 7 1 2
26 26 4 7 1 2
26 30 4 7 1 1
26 34 4 7 1 1
26 38 4 7 1 1
26 42 10 7 1 2
26 52 10 7 1 1
26 62 10 7 1 1
26 72 10 7 1 1
26 82 4 7 1 1
26 86 4 7 1 3
26 90 7 7 1 2
26 97 5 7 1 1
26 102 4 7 1 2
26 106 4 7 1 2
26 110 9 7 1 1
26 119 10 7 1 3
26 129 4 7 1 1
26 133 7 7 1 2
26 140 5 7 1 1
26 145 5 7 1 2
26 150 6 7 1 3
26 156 4 7 1 4
33 0 4 7 1 3
33 4 10 7 1 1
33 14 10 7 1 1
33 24 4 7 1 2
33 28 9 7 1 1
33 37 6 7 1 2
33 43 5 7 1 2
33 48 10 7 1 2
33 58 7 7 1 3
33 65 6 7 1 2
33 71 10 7 1 1
33 81 4 7 1 3
33 85 8 7 1 1
33 93 4 7 1 1
33 97 5 7 1 1
33 102 7 7 1 1
33 109 7 7 1 2
33 116 6 7 1 1
33 122 7 7 1 2
33 129 10 7 1 1
33 139 8 7 1 2
33 147 4 7 1 1
33 151 9 7 1 2
0 0 11 16 0.5 1
0 11 11 16 0.5 1
0 22 10 16 0.5 1
0 32 10 16 0.5 2
0 42 14 16 0.5 2
0 56 16 11 0.5 1
0 72 8 11 0.5 1
11 56 7 5 0.5 3
11 63 7 5 0.5 1
11 70 10 5 0.5 1
16 0 12 13 0.5 1
16 12 12 13 0.5 1
16 24 7 13 0.5 1
16 31 8 13 0.5 1
16 39 18 13 0.5 1
16 57 12 13 0.5 3
16 69 11 13 0.5 1
29 0 10 15 0.5 2
29 10 17 12 0.5 1
29 27 10 18 0.5 2
29 37 13 13 0.5 1
29 50 9 13 0.5 2
29 59 21 13 0.5 3
42 37 12 14 0.5 2
42 49 11 14 0.5 2
42 60 20 14 0.5 3
56 49 16 11 0.5 1
56 65 15 11 0.5 3
67 65 10 19 0.5 1
67 75 5 16 0.5 2
83 75 5 12 0.5 2
95 75 5 17 0.5 2
112 75 5 18 0.5 2
130 75 5 17 0.5 1
147 75 5 11 0.5 2
158 75 5 13 0.5 1
171 75 5 10 0.5 2
181 75 5 14 0.5 3
195 75 5 5 0.5 2
86 65 10 13 0.5 3
99 65 10 13 0.5 2
112 65 10 10 0.5 2
122 65 10 14 0.5 1
136 65 10 12 0.5 1
148 65 10 15 0.5 1
163 65 10 13 0.5 2
176 65 10 12 0.5 1
188 65 10 12 0.5 3
67 49 12 13 0.5 1
67 61 4 16 0.5 2
83 61 4 12 0.5 2
95 61 4 10 0.5 1
105 61 4 15 0.5 1
120 61 4 13 0.5 2
133 61 4 11 0.5 2
144 61 4 18 0.5 1
162 61 4 10 0.5 1
172 61 4 15 0.5 1
187 61 4 6 0.5 3
193 61 4 7 0.5 2
80 49 12 19 0.5 2
99 49 12 15 0.5 1
114 49 12 14 0.5 3
128 49 12 10 0.5 2
138 49 12 15 0.5 1
153 49 12 18 0.5 2
171 49 12 10 0.5 2
181 49 12 15 0.5 1
196 49 5 4 0.5 1
196 54 3 4 0.5 1
196 57 4 4 0.5 2
56 37 12 14 0.5 2
70 37 12 15 0.5 2
85 37 12 10 0.5 2
95 37 12 17 0.5 1
112 37 12 18 0.5 1
130 37 12 15 0.5 2
145 37 12 16 0.5 3
161 37 12 15 0.5 2
176 37 12 18 0.5 1
194 37 4 6 0.5 1
194 41 3 6 0.5 3
194 44 5 6 0.5 1
47 27 10 11 0.5 1
58 27 10 17 0.5 2
75 27 10 14 0.5 1
89 27 10 11 0.5 2
100 27 10 17 0.5 1
117 27 10 15 0.5 2
132 27 10 13 0.5 1
145 27 10 15 0.5 2
160 27 10 11 0.5 2
171 27 10 18 0.5 2
189 27 6 11 0.5 1
189 33 4 6 0.5 1
195 33 4 5 0.5 1
41 10 17 11 0.5 1
52 10 17 11 0.5 1
63 10 17 11 0.5 1
74 10 17 13 0.5 2
87 10 9 18 0.5 1
87 19 8 11 0.5 2
98 19 8 17 0.5 1
115 19 8 19 0.5 1
134 19 8 11 0.5 1
145 19 8 17 0.5 1
162 19 8 12 0.5 1
174 19 8 12 0.5 2
186 19 8 14 0.5 1
105 10 9 15 0.5 1
120 10 9 14 0.5 2
134 10 9 13 0.5 1
147 10 9 19 0.5 1
166 10 9 13 0.5 1
179 10 9 15 0.5 2
194 10 9 6 0.5 1
44 0 10 13 0.5 1
57 0 10 17 0.5 3
74 0 10 11 0.5 2
85 0 10 10 0.5 2
95 0 10 10 0.5 1
105 0 10 14 0.5 1
119 0 10 11 0.5 2
130 0 10 13 0.5 2
143 0 10 12 0.5 1
155 0 10 11 0.5 2
166 0 10 14 0.5 2
180 0 10 15 0.5 1
195 0 10 5 0.5 3
