2000 2000 16
7
2000 1970 4
2000 2000 3.5
2000 2080 3
4000 1220 2
800 4000 1.5
1200 3670 1
1200 4660 0.5
5119
0 0 117 39 4 2
0 117 33 39 4 1
0 150 99 39 4 2
0 249 65 39 4 1
0 314 33 39 4 3
0 347 32 39 4 3
0 379 127 39 4 3
39 0 120 104 4 1
39 120 148 104 4 1
39 268 57 104 4 3
39 325 75 104 4 1
39 400 106 47 4 3
86 400 106 57 4 3
143 0 140 76 4 2
143 140 131 44 4 3
143 271 86 76 4 2
143 357 149 50 4 2
193 357 78 26 4 1
193 435 71 26 4 2
219 271 235 70 4 1
289 271 49 92 4 3
289 320 82 92 4 2
289 402 104 92 4 1
381 271 134 59 4 1
381 405 101 59 4 1
440 271 235 68 4 2
508 271 112 49 4 1
508 383 24 49 4 2
508 407 99 49 4 3
557 271 100 46 4 1
557 371 135 53 4 2
610 371 49 90 4 1
610 420 86 64 4 1
674 420 86 66 4 3
740 420 86 95 4 1
835 420 33 64 4 3
835 453 53 34 4 3
869 453 53 30 4 3
700 371 49 122 4 3
822 371 49 47 4 2
869 371 49 30 4 2
603 271 100 148 4 1
751 271 100 148 4 2
187 140 131 57 4 2
244 140 131 43 4 2
287 140 61 73 4 3
287 201 70 73 4 3
360 201 70 43 4 2
403 201 70 39 4 1
442 201 70 114 4 3
556 201 70 58 4 1
614 201 70 40 4 2
654 201 70 67 4 3
721 201 70 109 4 2
830 201 70 69 4 1
360 140 61 41 4 1
401 140 61 67 4 3
468 140 61 90 4 2
558 140 61 75 4 2
633 140 61 39 4 3
672 140 61 89 4 3
761 140 61 72 4 3
833 140 61 66 4 1
219 0 61 73 4 3
219 61 48 92 4 2
219 109 31 45 4 3
264 109 31 47 4 2
311 61 79 65 4 2
376 61 79 74 4 1
450 61 79 70 4 1
520 61 79 105 4 1
625 61 79 82 4 2
707 61 79 57 4 3
764 61 79 61 4 3
825 61 79 45 4 1
870 61 79 29 4 2
292 0 61 148 4 3
440 0 61 57 4 3
497 0 61 58 4 1
555 0 61 62 4 1
617 0 61 62 4 1
679 0 61 68 4 3
747 0 61 55 4 2
802 0 61 97 4 1
0 506 101 46 4 3
0 607 28 46 4 2
0 635 138 46 4 1
0 773 114 46 4 1
0 887 26 46 4 3
0 913 99 46 4 1
46 506 150 51 4 2
46 656 73 51 4 1
46 729 152 51 4 3
46 881 131 51 4 3
97 506 97 54 4 3
97 603 178 65 4 3
97 781 114 40 4 1
97 895 117 40 4 3
137 781 126 79 4 2
137 907 105 79 4 3
216 781 56 109 4 3
216 837 175 66 4 1
282 837 108 43 4 3
282 945 67 43 4 1
325 781 135 48 4 1
325 916 96 48 4 1
373 781 114 39 4 1
373 895 117 43 4 1
416 895 117 60 4 3
476 895 117 62 4 1
538 895 117 66 4 2
604 895 70 119 4 3
604 965 47 142 4 2
746 965 47 45 4 1
791 965 47 41 4 1
832 965 47 67 4 3
723 895 70 44 4 2
767 895 70 132 4 2
412 781 114 106 4 2
518 781 114 53 4 3
571 781 114 39 4 1
610 781 114 84 4 1
694 781 114 70 4 3
764 781 114 88 4 1
852 781 24 47 4 1
852 805 90 47 4 2
162 603 93 89 4 1
162 696 85 51 4 3
213 696 85 38 4 2
251 603 89 67 4 3
251 692 89 67 4 2
318 603 56 112 4 3
318 659 122 50 4 3
368 659 63 103 4 3
368 722 59 61 4 1
429 722 59 42 4 3
471 659 122 66 4 2
537 659 122 46 4 2
583 659 122 96 4 2
679 659 122 71 4 1
750 659 122 82 4 2
832 659 122 67 4 3
430 603 56 73 4 3
503 603 56 81 4 1
584 603 56 47 4 2
631 603 56 104 4 2
735 603 56 58 4 1
793 603 56 57 4 2
850 603 56 49 4 2
151 506 97 73 4 2
224 506 97 112 4 1
336 506 97 51 4 2
387 506 97 134 4 2
521 506 97 64 4 1
585 506 97 127 4 3
712 506 97 83 4 1
795 506 97 58 4 1
853 506 97 46 4 1
899 0 141 92 4 3
899 141 181 61 4 2
899 322 123 42 4 2
899 445 103 103 4 1
899 548 87 79 4 2
899 635 117 39 4 1
899 752 123 79 4 1
899 875 137 44 4 2
943 875 28 35 4 3
943 903 109 35 4 3
938 635 71 40 4 2
938 706 20 40 4 1
938 726 26 21 4 1
959 726 26 19 4 2
978 548 105 123 4 1
978 653 197 67 4 2
978 850 82 157 4 2
978 932 80 51 4 3
1029 932 80 64 4 1
1093 932 80 42 4 2
1135 850 162 42 4 1
1177 850 100 110 4 2
1177 950 62 71 4 3
1248 950 62 82 4 2
1330 950 62 50 4 3
1380 950 62 34 4 2
1414 950 39 20 4 2
1414 989 23 12 4 2
1426 989 9 8 4 1
1426 998 14 8 4 2
1287 850 100 147 4 1
1045 653 95 119 4 1
1045 748 102 50 4 1
1095 748 102 81 4 3
1176 748 102 56 4 1
1232 748 102 74 4 3
1306 748 102 128 4 1
1164 653 95 53 4 3
1217 653 95 64 4 2
1281 653 95 45 4 1
1326 653 95 108 4 1
1101 548 105 58 4 2
1159 548 105 134 4 1
1293 548 105 64 4 2
1357 548 105 77 4 2
1002 445 103 40 4 2
1042 445 103 51 4 3
1093 445 103 112 4 2
1205 445 103 47 4 1
1252 445 103 182 4 2
941 322 123 151 4 1
1092 322 123 77 4 2
1169 322 123 82 4 3
1251 322 123 57 4 1
1308 322 123 73 4 2
1381 322 43 53 4 2
1381 365 80 53 4 1
960 141 181 80 4 2
1040 141 75 150 4 2
1040 216 106 95 4 2
1135 216 106 55 4 3
1190 141 97 46 4 3
1190 238 84 46 4 1
1236 141 181 89 4 3
1325 141 181 62 4 3
1387 141 83 47 4 2
1387 224 98 47 4 1
991 0 141 52 4 2
1043 0 73 59 4 2
1043 73 68 37 4 2
1080 73 68 22 4 3
1102 0 84 142 4 1
1102 84 57 66 4 3
1168 84 57 45 4 1
1213 84 57 128 4 1
1341 84 57 93 4 2
1244 0 84 114 4 2
1358 0 84 76 4 1
1434 0 88 137 4 1
1434 88 107 48 4 1
1434 195 103 68 4 2
1434 298 105 68 4 1
1434 403 38 68 4 1
1434 441 112 43 4 1
1434 553 169 68 4 1
1434 722 290 68 4 1
1477 441 74 25 4 3
1477 515 16 25 4 1
1477 531 22 16 4 2
1493 531 5 9 4 3
1493 536 17 9 4 3
1502 195 100 111 4 3
1502 295 157 62 4 1
1502 452 45 62 4 3
1502 497 168 62 4 1
1502 665 74 62 4 1
1502 739 31 62 4 3
1502 770 79 62 4 1
1502 849 107 62 4 1
1502 956 56 38 4 3
1540 956 13 24 4 1
1540 969 43 24 4 1
1564 295 33 49 4 3
1564 328 72 49 4 3
1564 400 28 49 4 3
1564 428 85 49 4 2
1564 513 39 49 4 3
1564 552 116 49 4 3
1564 668 122 49 4 1
1564 790 74 49 4 1
1564 864 58 49 4 2
1564 922 28 49 4 3
1564 950 62 32 4 1
1596 950 12 17 4 3
1596 962 29 17 4 3
1596 991 21 11 4 1
1607 991 9 6 4 1
1607 1000 4 6 4 1
1607 1004 4 6 4 2
1607 1008 4 6 4 1
1613 195 168 66 4 1
1613 363 81 66 4 3
1613 444 53 66 4 2
1613 497 186 66 4 1
1613 683 173 66 4 1
1613 856 40 66 4 2
1613 896 51 66 4 3
1613 947 65 38 4 2
1651 947 65 28 4 2
1679 195 156 54 4 2
1679 351 46 54 4 2
1679 397 147 54 4 2
1679 544 92 54 4 3
1679 636 157 54 4 2
1679 793 114 54 4 3
1679 907 105 54 4 1
1733 195 165 56 4 3
1733 360 32 56 4 1
1733 392 29 56 4 3
1733 421 38 56 4 2
1733 459 157 56 4 1
1733 616 144 56 4 1
1733 760 151 56 4 1
1733 911 101 56 4 3
1789 195 63 72 4 3
1789 258 67 92 4 1
1789 325 152 92 4 2
1789 477 120 43 4 3
1789 597 64 92 4 2
1789 661 126 92 4 3
1789 787 135 56 4 1
1789 922 90 92 4 2
1845 787 135 36 4 2
1832 477 74 49 4 2
1832 551 46 27 4 1
1859 551 46 22 4 2
1881 258 158 54 4 2
1881 416 57 54 4 1
1881 473 90 54 4 3
1881 563 90 54 4 2
1881 653 159 54 4 2
1881 812 118 54 4 1
1881 930 82 54 4 3
1935 258 18 35 4 2
1935 276 21 35 4 2
1935 297 22 35 4 2
1935 319 51 35 4 1
1935 370 64 35 4 1
1935 434 39 35 4 1
1935 473 19 35 4 2
1935 492 85 35 4 3
1935 577 26 35 4 2
1935 603 85 35 4 1
1935 688 22 35 4 1
1935 710 77 35 4 2
1935 787 18 35 4 3
1935 805 104 35 4 2
1935 909 26 35 4 3
1935 935 24 35 4 1
1935 959 53 35 4 2
1861 195 63 54 4 3
1915 195 63 35 4 1
1950 195 63 20 4 3
1482 88 107 147 4 1
1629 88 107 74 4 1
1703 88 107 72 4 2
1775 88 107 69 4 2
1844 88 61 77 4 1
1844 149 46 77 4 2
1921 88 25 49 4 1
1921 113 24 49 4 1
1921 137 58 49 4 2
1571 0 88 58 4 1
1629 0 88 75 4 1
1704 0 88 158 4 1
1862 0 88 56 4 2
1918 0 44 52 4 2
1918 44 44 52 4 1
899 1012 59 97 4 1
899 1071 275 97 4 1
899 1346 160 97 4 3
996 1012 102 70 4 3
996 1114 189 70 4 2
996 1303 41 70 4 1
996 1344 162 70 4 2
1066 1012 88 54 4 3
1066 1100 48 54 4 1
1066 1148 27 54 4 1
1066 1175 158 54 4 2
1066 1333 88 54 4 1
1066 1421 85 54 4 3
1120 1012 171 63 4 2
1120 1183 34 63 4 1
1120 1217 54 63 4 3
1120 1271 53 63 4 1
1120 1324 79 63 4 3
1120 1403 46 63 4 1
1120 1449 57 63 4 3
1183 1012 90 49 4 2
1183 1102 195 66 4 2
1183 1297 69 138 4 3
1183 1366 60 121 4 1
1183 1426 80 49 4 1
1232 1426 42 72 4 1
1232 1468 38 31 4 3
1263 1468 38 24 4 1
1287 1468 13 17 4 2
1287 1481 25 17 4 1
1304 1366 92 70 4 3
1304 1458 48 138 4 3
1442 1458 48 71 4 2
1513 1458 48 137 4 2
1650 1458 48 118 4 2
1768 1458 48 58 4 3
1826 1458 48 53 4 2
1879 1458 48 91 4 2
1374 1366 92 77 4 2
1451 1366 58 116 4 1
1451 1424 34 69 4 1
1520 1424 34 47 4 3
1567 1366 92 54 4 3
1621 1366 61 75 4 3
1621 1427 31 28 4 3
1649 1427 31 28 4 1
1677 1427 31 19 4 3
1696 1366 92 51 4 1
1747 1366 92 42 4 3
1789 1366 92 62 4 1
1851 1366 60 119 4 2
1851 1426 32 69 4 3
1920 1426 32 26 4 1
1946 1426 32 24 4 2
1321 1297 69 56 4 1
1377 1297 69 93 4 3
1470 1297 69 64 4 1
1534 1297 69 54 4 2
1588 1297 69 58 4 2
1646 1297 69 68 4 1
1714 1297 69 76 4 2
1790 1297 69 68 4 1
1858 1297 69 112 4 1
1249 1102 91 121 4 1
1249 1193 69 66 4 3
1249 1262 35 106 4 3
1355 1262 35 66 4 1
1421 1262 35 51 4 2
1472 1262 35 94 4 3
1566 1262 35 115 4 2
1681 1262 35 43 4 1
1724 1262 35 44 4 1
1768 1262 35 46 4 3
1814 1262 35 56 4 2
1870 1262 35 100 4 1
1315 1193 69 155 4 1
1470 1193 69 47 4 3
1517 1193 69 98 4 3
1615 1193 69 140 4 1
1755 1193 69 63 4 2
1818 1193 69 59 4 3
1877 1193 69 40 4 1
1917 1193 37 53 4 3
1917 1230 32 24 4 2
1941 1230 16 29 4 2
1941 1246 16 29 4 1
1370 1102 50 88 4 3
1370 1152 41 88 4 3
1458 1102 91 60 4 2
1518 1102 91 39 4 3
1557 1102 91 77 4 2
1634 1102 59 89 4 3
1634 1161 32 97 4 2
1731 1161 32 50 4 1
1781 1161 32 61 4 2
1842 1161 32 128 4 3
1723 1102 59 116 4 2
1839 1102 59 42 4 1
1881 1102 59 89 4 2
1232 1012 90 39 4 2
1271 1012 90 113 4 2
1384 1012 90 72 4 3
1456 1012 90 63 4 1
1519 1012 90 52 4 1
1571 1012 90 43 4 3
1614 1012 90 53 4 3
1667 1012 90 57 4 2
1724 1012 90 111 4 2
1835 1012 90 70 4 2
1905 1012 90 43 4 2
1948 1012 41 22 4 3
1948 1053 49 22 4 3
899 1506 89 146 4 3
899 1595 198 66 4 2
899 1793 132 57 4 3
899 1925 75 57 4 3
956 1793 130 53 4 2
956 1923 77 41 4 3
997 1923 77 52 4 2
1049 1923 77 59 4 2
1108 1923 77 62 4 3
1170 1923 77 70 4 3
1240 1923 77 79 4 3
1319 1923 77 61 4 3
1380 1923 77 43 4 1
1423 1923 77 42 4 1
1465 1923 77 104 4 1
1569 1923 77 55 4 2
1624 1923 77 101 4 1
1725 1923 77 66 4 3
1791 1923 77 107 4 2
1898 1923 77 43 4 1
1941 1923 19 29 4 1
1941 1942 31 29 4 2
1941 1973 27 18 4 2
1959 1973 7 11 4 1
1959 1980 12 11 4 2
1959 1992 8 6 4 1
1965 1992 8 5 4 3
1009 1793 130 67 4 3
1076 1793 130 93 4 2
1169 1793 130 82 4 1
1251 1793 84 60 4 3
1251 1877 46 82 4 1
1333 1877 46 44 4 3
1377 1877 46 93 4 3
1470 1877 46 62 4 1
1532 1877 46 44 4 1
1576 1877 46 49 4 1
1625 1877 46 61 4 2
1686 1877 46 90 4 1
1776 1877 46 68 4 1
1844 1877 46 45 4 2
1889 1877 46 43 4 3
1932 1877 46 38 4 1
1311 1793 84 87 4 2
1398 1793 84 92 4 2
1490 1793 84 43 4 1
1533 1793 84 100 4 3
1633 1793 84 123 4 1
1756 1793 84 214 4 2
965 1595 198 76 4 1
1041 1595 104 58 4 2
1041 1699 50 58 4 3
1041 1749 44 29 4 1
1070 1749 44 29 4 2
1099 1595 124 99 4 2
1099 1719 74 41 4 3
1140 1719 74 38 4 3
1178 1719 15 20 4 2
1178 1734 33 20 4 1
1178 1767 26 20 4 1
1198 1595 56 79 4 1
1198 1651 142 66 4 3
1264 1651 79 149 4 2
1264 1730 63 138 4 2
1402 1730 63 52 4 2
1454 1730 63 72 4 2
1526 1730 63 43 4 1
1569 1730 63 122 4 3
1691 1730 63 146 4 1
1837 1730 63 64 4 3
1901 1730 63 42 4 2
1943 1730 33 27 4 1
1943 1763 30 17 4 2
1960 1763 6 10 4 1
1960 1769 24 10 4 2
1413 1651 79 65 4 3
1478 1651 79 58 4 3
1536 1651 79 157 4 2
1693 1651 79 62 4 1
1755 1651 79 130 4 2
1885 1651 79 85 4 1
1277 1595 56 89 4 1
1366 1595 56 161 4 2
1527 1595 56 116 4 1
1643 1595 56 45 4 2
1688 1595 56 87 4 2
1775 1595 56 55 4 1
1830 1595 56 43 4 3
1873 1595 56 40 4 2
1913 1595 56 57 4 3
1045 1506 89 84 4 2
1129 1506 89 43 4 2
1172 1506 89 110 4 2
1282 1506 89 65 4 2
1347 1506 89 94 4 3
1441 1506 48 97 4 3
1441 1554 41 43 4 1
1484 1554 27 54 4 1
1484 1581 14 18 4 2
1502 1581 14 36 4 2
1538 1506 89 54 4 2
1592 1506 89 122 4 3
1714 1506 89 63 4 3
1777 1506 89 69 4 3
1846 1506 89 57 4 2
1903 1506 89 67 4 2
0 1012 141 48 4 2
0 1153 92 88 4 2
0 1245 170 60 4 1
0 1415 155 73 4 1
0 1570 178 67 4 1
0 1748 58 113 4 3
0 1806 59 85 4 2
0 1865 46 85 4 1
0 1911 89 50 4 3
50 1911 89 35 4 2
85 1806 194 53 4 3
138 1806 76 129 4 1
138 1882 118 74 4 2
212 1882 118 83 4 2
295 1882 118 62 4 2
357 1882 47 92 4 1
357 1929 71 41 4 2
398 1929 71 51 4 3
267 1806 76 106 4 3
373 1806 76 76 4 3
113 1748 58 127 4 1
240 1748 58 78 4 2
318 1748 58 85 4 2
403 1748 58 46 4 2
67 1570 113 38 4 1
67 1683 21 38 4 3
67 1704 44 38 4 3
105 1570 178 82 4 1
187 1570 81 148 4 3
187 1651 97 64 4 3
251 1651 97 51 4 1
302 1651 59 33 4 2
302 1710 38 20 4 1
322 1710 22 13 4 1
322 1732 16 13 4 3
335 1570 178 64 4 1
399 1570 70 50 4 1
399 1640 108 50 4 3
73 1415 155 68 4 2
141 1415 51 100 4 3
141 1466 53 100 4 2
141 1519 51 53 4 3
194 1519 25 47 4 3
194 1544 26 21 4 1
215 1544 14 26 4 2
215 1558 12 26 4 1
241 1415 155 53 4 2
294 1415 155 40 4 1
334 1415 155 68 4 1
402 1415 73 47 4 2
402 1488 82 47 4 3
60 1245 59 115 4 3
60 1304 111 85 4 2
145 1304 111 155 4 3
300 1304 111 59 4 1
359 1304 111 52 4 1
411 1304 111 38 4 1
175 1245 59 71 4 2
246 1245 59 203 4 3
88 1153 92 126 4 2
214 1153 92 48 4 2
262 1153 61 73 4 2
262 1214 31 41 4 1
303 1214 31 18 4 1
321 1214 15 14 4 3
321 1229 16 14 4 1
335 1153 92 60 4 1
395 1153 92 54 4 1
48 1012 54 82 4 2
48 1066 87 82 4 2
130 1012 141 39 4 2
169 1012 71 140 4 2
169 1083 70 128 4 1
297 1083 70 58 4 2
355 1083 70 94 4 2
309 1012 71 45 4 1
354 1012 71 63 4 1
417 1012 71 32 4 2
449 1012 129 91 4 2
449 1141 136 50 4 1
449 1277 58 50 4 3
449 1335 130 50 4 1
449 1465 80 50 4 2
449 1545 26 50 4 2
449 1571 113 50 4 2
449 1684 139 50 4 1
449 1823 64 50 4 3
449 1887 46 50 4 3
449 1933 67 33 4 2
482 1933 10 17 4 3
482 1943 57 17 4 3
499 1141 129 49 4 1
499 1270 53 91 4 3
499 1323 217 91 4 3
499 1540 160 58 4 3
499 1700 148 91 4 2
499 1848 152 60 4 3
559 1848 72 31 4 1
559 1920 16 31 4 2
559 1936 32 31 4 3
559 1968 17 31 4 1
559 1985 15 14 4 1
573 1985 15 11 4 1
584 1985 15 6 4 2
557 1540 86 33 4 1
557 1626 18 33 4 1
557 1644 56 33 4 1
590 1270 103 118 4 3
590 1373 49 90 4 1
590 1422 148 89 4 2
590 1570 201 89 4 1
590 1771 55 89 4 3
590 1826 174 54 4 2
644 1826 94 35 4 1
644 1920 34 35 4 2
644 1954 46 23 4 3
667 1954 46 12 4 1
679 1422 83 53 4 3
679 1505 107 95 4 3
679 1612 161 71 4 3
679 1773 227 71 4 2
750 1612 145 90 4 3
750 1757 94 49 4 1
750 1851 149 56 4 2
806 1851 149 59 4 2
865 1851 70 34 4 1
865 1921 30 34 4 1
865 1951 49 34 4 3
799 1757 94 45 4 3
844 1757 29 55 4 1
844 1786 65 55 4 2
840 1612 145 59 4 1
774 1505 107 48 4 3
822 1505 107 77 4 1
732 1422 83 84 4 2
816 1422 83 83 4 3
680 1373 49 72 4 3
752 1373 49 69 4 1
821 1373 49 78 4 1
708 1270 103 53 4 2
761 1270 53 81 4 3
761 1323 50 51 4 1
812 1323 31 30 4 1
812 1354 19 30 4 2
842 1270 103 57 4 1
548 1141 129 70 4 3
618 1141 129 49 4 1
667 1141 129 47 4 2
714 1141 129 43 4 3
757 1141 62 78 4 2
757 1203 67 58 4 1
815 1203 67 43 4 2
858 1203 67 41 4 3
835 1141 62 64 4 2
540 1012 129 77 4 1
617 1012 81 162 4 1
617 1093 48 91 4 3
708 1093 48 48 4 2
756 1093 48 143 4 3
779 1012 81 78 4 2
857 1012 37 42 4 3
857 1049 44 42 4 2
0 0 90 70 3 2
0 90 131 44 3 3
0 221 118 42 3 3
0 339 87 42 3 2
0 426 75 42 3 1
42 221 24 28 3 2
42 245 84 28 3 3
42 329 59 28 3 3
42 388 73 28 3 1
42 461 18 28 3 1
42 479 22 16 3 1
58 479 22 12 3 1
44 90 74 26 3 1
44 164 13 26 3 1
44 177 44 26 3 1
70 0 82 88 3 1
70 82 66 96 3 2
70 148 111 114 3 2
70 259 114 55 3 2
70 373 128 55 3 3
125 259 160 59 3 3
125 419 82 39 3 3
164 419 82 20 3 2
184 148 153 81 3 2
184 301 200 61 3 3
245 301 200 66 3 1
311 301 128 75 3 1
311 429 72 48 3 3
359 429 18 27 3 2
359 447 54 27 3 3
386 301 84 68 3 3
386 385 116 46 3 3
432 385 116 69 3 2
501 385 116 83 3 2
584 385 116 68 3 3
652 385 116 73 3 1
725 385 116 44 3 3
769 385 70 88 3 2
769 455 46 47 3 2
816 455 46 41 3 3
857 385 116 55 3 1
912 385 116 103 3 2
454 301 84 69 3 3
523 301 84 61 3 2
584 301 84 103 3 1
687 301 51 92 3 2
687 352 33 35 3 2
722 352 33 34 3 3
756 352 14 23 3 3
756 366 19 12 3 1
768 366 6 11 3 2
768 372 13 7 3 2
775 372 4 4 3 1
775 376 9 4 3 3
779 301 84 53 3 1
832 301 84 67 3 1
899 301 84 65 3 2
964 301 84 51 3 3
265 148 153 47 3 3
312 148 49 93 3 1
312 197 104 71 3 3
383 197 104 73 3 3
456 197 104 51 3 1
507 197 104 61 3 3
568 197 104 95 3 3
663 197 104 47 3 2
710 197 104 111 3 2
821 197 104 62 3 3
883 197 104 132 3 1
405 148 49 87 3 2
492 148 49 126 3 3
618 148 49 141 3 3
759 148 49 51 3 3
810 148 49 61 3 3
871 148 49 44 3 1
915 148 49 39 3 3
954 148 31 61 3 3
954 179 18 20 3 1
974 179 18 21 3 1
995 179 18 11 3 1
1006 179 18 9 3 3
166 82 66 70 3 1
236 82 66 42 3 1
278 82 66 145 3 2
423 82 66 131 3 2
554 82 66 52 3 2
606 82 66 71 3 2
677 82 66 79 3 3
756 82 66 46 3 2
802 82 66 83 3 1
885 82 66 41 3 3
926 82 66 89 3 1
158 0 82 123 3 1
281 0 82 113 3 2
394 0 82 49 3 2
443 0 82 64 3 2
507 0 82 45 3 1
552 0 82 60 3 1
612 0 82 63 3 3
675 0 82 78 3 2
753 0 82 107 3 2
860 0 82 57 3 3
917 0 82 98 3 1
0 501 126 92 3 2
0 627 166 80 3 3
0 793 124 80 3 3
0 917 86 80 3 3
80 627 121 84 3 1
80 748 95 47 3 1
80 843 160 47 3 3
127 748 23 37 3 3
127 771 108 37 3 2
127 879 38 37 3 1
127 917 18 37 3 1
127 935 68 37 3 2
164 627 180 73 3 3
164 807 196 73 3 2
237 627 117 39 3 2
237 744 72 103 3 1
237 816 187 103 3 3
340 744 57 111 3 2
340 801 202 72 3 2
412 801 106 39 3 1
412 907 96 39 3 3
451 744 141 67 3 1
451 885 118 67 3 2
518 885 118 67 3 3
585 885 72 73 3 1
585 957 46 124 3 1
709 957 46 115 3 2
824 957 46 39 3 3
863 957 46 101 3 3
964 957 46 51 3 2
658 885 72 83 3 1
741 885 72 100 3 1
841 885 72 174 3 1
518 744 141 67 3 1
585 744 141 74 3 3
659 744 141 46 3 1
705 744 141 67 3 2
772 744 69 87 3 3
772 813 72 87 3 3
859 744 141 57 3 1
916 744 141 99 3 3
276 627 117 72 3 1
348 627 117 66 3 2
414 627 117 57 3 2
471 627 117 43 3 3
514 627 59 94 3 1
514 686 58 68 3 2
582 686 58 48 3 2
630 686 58 44 3 3
674 686 58 110 3 3
784 686 58 110 3 2
894 686 58 41 3 2
935 686 58 80 3 1
608 627 59 79 3 1
687 627 59 128 3 2
815 627 59 200 3 1
92 501 126 96 3 2
188 501 126 66 3 1
254 501 126 102 3 3
356 501 126 56 3 3
412 501 126 39 3 3
451 501 126 86 3 1
537 501 126 59 3 1
596 501 83 156 3 1
596 584 43 111 3 3
707 584 43 117 3 1
824 584 43 96 3 2
920 584 43 95 3 3
752 501 83 81 3 2
833 501 83 182 3 3
1015 0 155 52 3 1
1015 155 89 52 3 1
1015 244 28 52 3 3
1015 272 156 52 3 2
1015 428 79 52 3 3
1015 507 57 52 3 3
1015 564 31 52 3 3
1015 595 94 52 3 2
1015 689 139 52 3 2
1015 828 175 52 3 1
1067 0 58 87 3 3
1067 58 145 51 3 1
1067 203 46 51 3 3
1067 249 36 51 3 3
1067 285 47 51 3 3
1067 332 42 51 3 2
1067 374 26 51 3 2
1067 400 52 51 3 1
1067 452 62 51 3 3
1067 514 91 51 3 3
1067 605 61 51 3 2
1067 666 147 51 3 1
1067 813 57 51 3 1
1067 870 31 51 3 2
1067 901 102 51 3 3
1118 58 86 36 3 1
1118 144 77 36 3 2
1118 221 33 36 3 3
1118 254 84 36 3 1
1118 338 81 36 3 1
1118 419 19 36 3 3
1118 438 69 36 3 2
1118 507 23 36 3 2
1118 530 60 36 3 1
1118 590 33 36 3 2
1118 623 27 36 3 3
1118 650 96 36 3 1
1118 746 85 36 3 2
1118 831 30 36 3 1
1118 861 67 36 3 2
1118 928 75 36 3 2
1154 0 192 64 3 2
1154 192 33 64 3 3
1154 225 116 39 3 1
1154 341 172 64 3 2
1154 513 175 64 3 1
1154 688 129 64 3 2
1154 817 186 64 3 2
1193 225 16 25 3 3
1193 241 34 25 3 2
1193 275 66 25 3 1
1218 0 92 50 3 2
1218 92 106 50 3 1
1218 198 150 50 3 3
1218 348 123 50 3 2
1218 471 131 50 3 3
1218 602 144 50 3 3
1218 746 116 50 3 1
1218 862 141 50 3 3
1268 0 76 113 3 2
1268 76 66 131 3 3
1268 142 89 70 3 1
1268 231 144 70 3 1
1268 375 172 70 3 2
1268 547 197 70 3 1
1268 744 35 70 3 2
1268 779 84 70 3 2
1268 863 140 70 3 1
1338 142 167 61 3 1
1338 309 183 61 3 2
1338 492 117 61 3 3
1338 609 88 61 3 1
1338 697 163 61 3 2
1338 860 143 61 3 2
1399 76 182 67 3 2
1399 258 162 67 3 2
1399 420 168 67 3 1
1399 588 92 67 3 1
1399 680 117 39 3 2
1399 797 57 39 3 2
1399 854 65 39 3 2
1399 919 84 39 3 2
1438 680 57 28 3 3
1438 737 15 28 3 2
1438 752 26 28 3 3
1438 778 36 28 3 1
1438 814 81 28 3 1
1438 895 44 28 3 1
1438 939 64 28 3 2
1466 76 122 41 3 1
1466 198 100 41 3 2
1466 298 117 41 3 3
1466 415 118 41 3 3
1466 533 123 41 3 1
1466 656 20 41 3 1
1466 676 72 41 3 1
1466 748 27 41 3 3
1466 775 62 41 3 3
1466 837 84 41 3 2
1466 921 82 41 3 3
1381 0 76 40 3 2
1421 0 43 86 3 1
1421 43 33 86 3 1
1507 0 59 82 3 3
1507 59 240 82 3 1
1507 299 131 82 3 2
1507 430 189 82 3 3
1507 619 226 82 3 1
1507 845 49 82 3 2
1507 894 109 52 3 1
1559 894 38 30 3 1
1559 932 71 30 3 1
1589 0 196 68 3 2
1589 196 90 50 3 2
1589 286 135 46 3 1
1589 421 128 48 3 2
1589 549 116 42 3 1
1589 665 179 75 3 2
1589 844 159 75 3 1
1664 665 64 105 3 2
1664 729 105 93 3 2
1664 834 169 93 3 1
1757 729 106 43 3 2
1757 835 102 58 3 2
1757 937 66 72 3 3
1829 937 66 43 3 3
1872 937 66 57 3 3
1929 937 66 71 3 3
1815 835 102 58 3 1
1873 835 102 58 3 1
1931 835 102 69 3 2
1800 729 106 51 3 2
1851 729 106 90 3 1
1941 729 47 59 3 1
1941 776 34 59 3 3
1941 810 25 39 3 2
1980 810 25 20 3 1
1769 665 64 51 3 1
1820 665 64 88 3 1
1908 665 64 40 3 2
1948 665 64 52 3 2
1631 549 116 40 3 3
1671 549 116 154 3 2
1825 549 116 175 3 2
1637 421 128 69 3 1
1706 421 128 94 3 1
1800 421 128 78 3 2
1878 421 128 122 3 1
1635 286 55 83 3 1
1635 341 80 50 3 3
1685 341 80 77 3 1
1762 341 80 41 3 2
1803 341 80 49 3 3
1852 341 80 74 3 2
1926 341 80 45 3 2
1971 341 80 29 3 3
1718 286 55 85 3 1
1803 286 55 53 3 1
1856 286 55 50 3 3
1906 286 55 94 3 1
1639 196 90 64 3 1
1703 196 90 53 3 3
1756 196 90 65 3 3
1821 196 90 42 3 1
1863 196 90 45 3 2
1908 196 90 47 3 3
1955 196 90 45 3 3
1657 0 196 79 3 3
1736 0 122 46 3 3
1736 122 32 46 3 3
1736 154 42 46 3 1
1782 0 109 104 3 3
1782 109 87 104 3 2
1886 0 83 114 3 2
1886 83 113 55 3 1
1941 83 113 59 3 3
1015 1003 158 71 3 1
1015 1161 62 71 3 2
1015 1223 165 71 3 1
1015 1388 113 71 3 1
1086 1003 177 66 3 2
1086 1180 89 146 3 2
1086 1269 137 61 3 2
1086 1406 36 61 3 3
1086 1442 39 61 3 3
1086 1481 20 61 3 3
1147 1269 232 85 3 2
1232 1180 162 78 3 1
1232 1342 97 78 3 1
1232 1439 62 40 3 3
1272 1439 62 38 3 2
1310 1180 144 82 3 2
1310 1324 90 56 3 3
1310 1414 87 158 3 2
1468 1414 87 65 3 2
1533 1414 87 55 3 2
1588 1414 87 59 3 1
1647 1414 87 59 3 3
1706 1414 87 49 3 1
1755 1414 87 133 3 1
1888 1414 87 64 3 3
1952 1414 87 48 3 2
1366 1324 90 102 3 3
1468 1324 90 126 3 2
1594 1324 90 94 3 3
1688 1324 90 146 3 1
1834 1324 90 86 3 3
1920 1324 90 49 3 1
1969 1324 33 31 3 2
1969 1357 24 31 3 2
1969 1381 16 31 3 1
1969 1397 17 15 3 3
1984 1397 17 16 3 3
1392 1180 90 70 3 3
1392 1270 54 40 3 3
1432 1270 54 30 3 1
1462 1180 53 86 3 1
1462 1233 91 59 3 3
1521 1233 91 98 3 1
1619 1233 91 85 3 2
1704 1233 91 44 3 1
1748 1233 91 61 3 3
1809 1233 53 91 3 2
1809 1286 38 34 3 1
1843 1286 38 57 3 3
1900 1233 91 61 3 1
1961 1233 26 39 3 3
1961 1259 65 39 3 1
1548 1180 53 80 3 3
1628 1180 53 44 3 1
1672 1180 53 91 3 2
1763 1180 53 67 3 2
1830 1180 53 73 3 3
1903 1180 53 51 3 1
1954 1180 53 46 3 3
1152 1003 177 76 3 2
1228 1003 177 46 3 2
1274 1003 177 89 3 3
1363 1003 109 115 3 1
1363 1112 68 49 3 1
1412 1112 39 66 3 3
1412 1151 29 25 3 1
1437 1151 29 41 3 2
1478 1003 48 96 3 1
1478 1051 129 51 3 1
1529 1051 129 64 3 1
1593 1051 129 56 3 1
1649 1051 129 59 3 3
1708 1051 129 73 3 3
1781 1051 129 59 3 3
1840 1051 83 160 3 2
1840 1134 46 49 3 3
1889 1134 46 111 3 2
1574 1003 48 70 3 1
1644 1003 48 81 3 2
1725 1003 48 161 3 2
1886 1003 48 58 3 3
1944 1003 48 34 3 1
1978 1003 18 22 3 2
1978 1021 30 22 3 1
1015 1501 144 76 3 3
1015 1645 153 76 3 1
1015 1798 202 76 3 3
1091 1501 146 91 3 2
1091 1647 160 65 3 2
1091 1807 110 41 3 1
1091 1917 32 65 3 1
1091 1949 51 65 3 2
1132 1807 61 24 3 3
1132 1868 49 24 3 3
1156 1647 174 61 3 1
1156 1821 179 61 3 2
1217 1647 156 57 3 3
1217 1803 197 82 3 1
1299 1803 116 41 3 1
1299 1919 81 65 3 1
1364 1919 81 96 3 3
1460 1919 81 67 3 2
1527 1919 81 40 3 1
1567 1919 81 63 3 1
1630 1919 81 63 3 2
1693 1919 81 99 3 2
1792 1919 81 104 3 1
1896 1919 81 55 3 1
1951 1919 81 49 3 1
1340 1803 116 120 3 2
1460 1803 116 102 3 1
1562 1803 116 112 3 2
1674 1803 68 69 3 2
1674 1871 48 69 3 2
1743 1803 116 117 3 2
1860 1803 116 69 3 1
1929 1803 116 40 3 3
1969 1803 16 31 3 1
1969 1819 38 31 3 2
1969 1857 62 31 3 2
1274 1647 156 58 3 3
1332 1647 156 69 3 3
1401 1647 156 68 3 2
1469 1647 156 49 3 1
1518 1647 47 94 3 2
1518 1694 109 76 3 3
1594 1694 109 53 3 3
1647 1694 109 108 3 1
1755 1694 109 46 3 3
1801 1694 109 62 3 2
1863 1694 109 57 3 2
1920 1694 109 46 3 2
1966 1694 29 34 3 3
1966 1723 46 34 3 1
1966 1769 34 34 3 3
1612 1647 47 51 3 2
1663 1647 47 82 3 2
1745 1647 47 80 3 3
1825 1647 47 82 3 1
1907 1647 47 39 3 1
1946 1647 47 54 3 2
1182 1501 146 72 3 2
1254 1501 146 53 3 2
1307 1501 90 145 3 1
1307 1591 56 145 3 3
1452 1501 73 144 3 3
1452 1574 73 140 3 2
1592 1574 73 66 3 1
1658 1574 73 61 3 1
1719 1574 73 49 3 3
1768 1574 73 86 3 3
1854 1574 73 41 3 1
1895 1574 73 105 3 1
1596 1501 73 151 3 2
1747 1501 73 108 3 1
1855 1501 73 54 3 2
1909 1501 73 91 3 3
0 1003 123 42 3 1
0 1126 118 42 3 1
0 1244 30 42 3 3
0 1274 125 42 3 3
0 1399 126 42 3 1
0 1525 120 42 3 1
0 1645 97 42 3 1
0 1742 24 42 3 3
0 1766 126 42 3 2
0 1892 108 42 3 2
42 1003 66 114 3 1
42 1069 83 159 3 3
42 1152 125 42 3 1
42 1277 135 83 3 3
42 1412 114 40 3 3
42 1526 42 83 3 2
42 1568 219 83 3 2
42 1787 116 53 3 2
42 1903 97 41 3 3
83 1903 23 42 3 2
83 1926 74 42 3 1
95 1787 116 30 3 3
82 1412 47 43 3 3
82 1459 67 43 3 2
125 1277 138 81 3 2
125 1415 83 81 3 2
125 1498 150 51 3 2
125 1648 85 81 3 1
125 1733 80 81 3 1
125 1813 187 81 3 1
176 1498 40 30 3 1
176 1538 110 30 3 1
206 1277 144 50 3 1
206 1421 91 91 3 3
206 1512 182 62 3 3
206 1694 119 108 3 2
206 1813 187 47 3 3
253 1813 87 61 3 3
253 1900 100 61 3 3
314 1694 133 64 3 2
314 1827 35 64 3 2
314 1862 138 64 3 1
378 1694 173 69 3 2
378 1867 133 69 3 3
447 1694 56 60 3 2
447 1750 101 60 3 1
447 1851 71 60 3 1
447 1922 78 60 3 2
268 1512 101 77 3 2
268 1613 81 60 3 2
328 1613 81 54 3 3
382 1613 81 46 3 2
428 1613 81 51 3 2
479 1613 81 28 3 3
345 1512 101 94 3 2
439 1512 101 43 3 3
482 1512 50 25 3 2
482 1562 51 25 3 3
297 1421 91 43 3 3
340 1421 91 167 3 3
256 1277 144 41 3 3
297 1277 84 56 3 3
297 1361 60 34 3 1
331 1361 60 22 3 3
353 1277 144 154 3 3
84 1152 62 89 3 3
84 1214 63 61 3 3
145 1214 63 104 3 3
249 1214 63 86 3 1
335 1214 63 64 3 2
399 1214 63 56 3 3
455 1214 63 52 3 1
173 1152 62 110 3 2
283 1152 62 224 3 3
201 1069 83 70 3 1
271 1069 83 67 3 1
338 1069 83 69 3 2
407 1069 83 100 3 1
156 1003 66 82 3 1
238 1003 66 60 3 1
298 1003 66 51 3 1
349 1003 66 158 3 1
507 1003 77 60 3 3
507 1080 125 70 3 3
507 1205 60 84 3 1
507 1265 109 42 3 2
507 1374 109 74 3 2
507 1483 144 74 3 2
507 1627 53 74 3 3
507 1680 161 74 3 2
507 1841 159 74 3 1
581 1374 166 56 3 3
581 1540 171 66 3 2
581 1711 65 66 3 2
581 1776 224 66 3 3
647 1540 148 66 3 2
647 1688 154 53 3 1
647 1842 84 53 3 2
647 1926 74 53 3 2
700 1688 157 63 3 1
700 1845 78 56 3 2
700 1923 77 56 3 1
756 1845 155 44 3 3
800 1845 67 103 3 3
800 1912 88 43 3 2
843 1912 88 81 3 3
924 1912 48 91 3 1
924 1960 40 49 3 3
973 1960 40 42 3 2
903 1845 67 63 3 1
966 1845 67 49 3 3
763 1688 157 44 3 2
807 1688 157 39 3 1
846 1688 86 169 3 3
846 1774 71 57 3 1
903 1774 71 46 3 2
949 1774 71 66 3 2
713 1540 148 51 3 2
764 1540 148 64 3 2
828 1540 148 66 3 3
894 1540 148 68 3 2
962 1540 38 53 3 3
962 1578 110 53 3 3
637 1374 59 118 3 2
637 1433 107 67 3 3
704 1433 107 51 3 3
755 1374 76 60 3 2
755 1450 90 60 3 3
815 1374 166 61 3 3
876 1374 166 139 3 2
549 1265 109 112 3 2
661 1265 55 83 3 3
661 1320 54 39 3 2
700 1320 31 44 3 3
700 1351 23 44 3 3
744 1265 109 118 3 1
862 1265 109 55 3 3
917 1265 109 56 3 1
973 1265 109 42 3 2
591 1205 60 39 3 3
630 1205 60 102 3 1
732 1205 60 53 3 1
785 1205 60 101 3 2
886 1205 60 49 3 3
935 1205 60 46 3 3
981 1205 60 34 3 1
577 1080 125 60 3 2
637 1080 80 138 3 1
637 1160 45 55 3 3
692 1160 45 139 3 1
831 1160 45 42 3 2
873 1160 45 41 3 3
914 1160 45 101 3 3
775 1080 80 47 3 3
822 1080 80 68 3 1
890 1080 80 56 3 3
946 1080 80 69 3 2
567 1003 77 70 3 1
637 1003 77 52 3 1
689 1003 77 101 3 2
790 1003 77 91 3 1
881 1003 77 81 3 3
962 1003 77 53 3 1
0 0 129 55 3 3
0 129 116 60 3 1
0 245 125 60 3 3
0 370 41 60 3 3
0 411 117 60 3 2
60 129 85 152 3 3
60 214 114 55 3 3
60 328 200 70 3 1
130 328 93 109 3 1
130 421 107 77 3 3
207 421 107 54 3 3
261 421 107 61 3 3
322 421 51 96 3 1
322 472 56 114 3 2
436 472 56 75 3 1
511 472 56 133 3 3
644 472 56 46 3 1
690 472 56 88 3 3
778 472 56 46 3 2
824 472 56 67 3 2
891 472 56 56 3 1
947 472 56 50 3 1
997 472 56 113 3 3
418 421 51 68 3 1
486 421 51 132 3 1
618 421 51 63 3 3
681 421 51 39 3 1
720 421 51 129 3 3
849 421 51 52 3 1
901 421 51 80 3 1
981 421 51 62 3 3
1043 421 51 43 3 2
1086 421 51 24 3 3
239 328 93 53 3 2
292 328 93 48 3 1
340 328 93 87 3 1
427 328 93 97 3 3
524 328 93 76 3 3
600 328 93 52 3 1
652 328 53 89 3 2
652 381 40 89 3 3
741 328 93 51 3 3
792 328 93 91 3 1
883 328 93 57 3 1
940 328 93 170 3 2
115 214 114 89 3 3
204 214 114 84 3 3
288 214 114 52 3 3
340 214 114 144 3 1
484 214 69 117 3 2
484 283 45 61 3 1
545 283 45 139 3 2
684 283 45 42 3 1
726 283 45 72 3 1
798 283 45 45 3 3
843 283 45 44 3 1
887 283 45 94 3 2
981 283 45 44 3 2
1025 283 45 45 3 1
1070 283 45 26 3 1
1096 283 16 14 3 3
1096 299 29 14 3 3
601 214 69 72 3 1
673 214 69 103 3 2
776 214 69 141 3 2
917 214 69 193 3 3
212 129 85 98 3 2
310 129 85 163 3 3
473 129 85 70 3 2
543 129 56 86 3 1
543 185 29 99 3 1
642 185 29 83 3 1
725 185 29 53 3 2
778 185 29 48 3 2
826 185 29 52 3 1
878 185 29 48 3 2
926 185 29 42 3 1
968 185 29 66 3 3
1034 185 29 76 3 3
629 129 56 59 3 1
688 129 56 147 3 1
835 129 56 42 3 2
877 129 56 69 3 3
946 129 56 47 3 3
993 129 56 54 3 1
1047 129 32 63 3 1
1047 161 24 23 3 1
1070 161 24 26 3 1
1096 161 24 14 3 3
55 0 129 65 3 1
120 0 74 83 3 3
120 74 55 63 3 2
183 74 55 104 3 1
287 74 55 113 3 2
400 74 55 79 3 3
479 74 55 69 3 1
548 74 55 63 3 2
611 74 55 52 3 2
663 74 55 143 3 1
806 74 55 79 3 3
885 74 55 126 3 1
1011 74 55 40 3 1
1051 74 55 39 3 3
1090 74 55 20 3 2
203 0 74 99 3 3
302 0 74 74 3 2
376 0 74 140 3 1
516 0 74 95 3 1
611 0 74 53 3 2
664 0 74 85 3 3
749 0 74 69 3 3
818 0 74 129 3 1
947 0 74 163 3 1
0 528 122 52 3 3
0 650 75 52 3 1
0 725 29 52 3 1
0 754 106 52 3 2
0 860 74 52 3 2
0 934 37 52 3 3
0 971 85 52 3 2
52 528 57 88 3 3
52 585 79 139 3 2
52 664 117 39 3 3
52 781 157 55 3 2
52 938 35 55 3 2
52 973 83 55 3 3
107 781 123 101 3 1
107 904 152 61 3 2
168 904 152 65 3 2
233 904 86 162 3 3
233 990 66 103 3 3
336 990 66 59 3 1
395 904 152 40 3 3
435 904 85 160 3 3
435 989 67 160 3 1
595 904 152 73 3 2
668 904 152 85 3 1
753 904 152 125 3 2
878 904 100 124 3 2
878 1004 52 68 3 2
946 1004 52 60 3 1
1006 1004 52 104 3 1
1002 904 100 108 3 3
208 781 123 90 3 2
298 781 123 94 3 1
392 781 123 74 3 1
466 781 123 52 3 1
518 781 76 72 3 3
518 857 47 72 3 2
590 781 53 87 3 3
590 834 70 87 3 1
677 781 65 130 3 3
677 846 58 157 3 2
834 846 58 48 3 1
882 846 58 119 3 1
1001 846 58 49 3 2
1050 846 58 36 3 2
1086 846 15 24 3 3
1086 861 43 24 3 2
807 781 65 40 3 2
847 781 65 94 3 2
941 781 65 53 3 1
994 781 65 63 3 1
1057 781 65 53 3 1
91 664 117 67 3 1
158 664 117 52 3 3
210 664 117 56 3 1
266 664 117 74 3 2
340 664 117 101 3 1
441 664 117 98 3 3
539 664 117 55 3 3
594 664 117 53 3 3
647 664 117 73 3 3
720 664 117 129 3 3
849 664 117 68 3 3
917 664 117 62 3 3
979 664 117 83 3 3
1062 664 24 48 3 3
1062 688 29 48 3 1
1062 717 64 48 3 3
191 585 79 59 3 3
250 585 79 157 3 1
407 585 51 91 3 1
407 636 28 65 3 2
472 636 28 42 3 2
514 636 28 80 3 2
594 636 28 85 3 2
679 636 28 120 3 1
799 636 28 55 3 1
854 636 28 80 3 1
934 636 28 56 3 1
990 636 28 34 3 1
1024 636 28 33 3 2
1057 636 28 22 3 3
1079 636 28 31 3 3
498 585 51 98 3 2
596 585 51 64 3 3
660 585 51 89 3 3
749 585 51 57 3 1
806 585 51 52 3 1
858 585 51 106 3 1
964 585 51 92 3 3
1056 585 51 31 3 3
1087 585 51 23 3 3
140 528 57 51 3 2
191 528 57 116 3 2
307 528 57 116 3 3
423 528 57 72 3 3
495 528 57 96 3 1
591 528 57 97 3 2
688 528 57 42 3 1
730 528 57 117 3 2
847 528 57 52 3 1
899 528 57 51 3 1
950 528 57 53 3 2
1003 528 57 107 3 2
1110 0 125 45 3 2
1110 125 184 67 3 2
1110 309 141 49 3 3
1110 450 75 49 3 1
1110 525 111 49 3 1
1110 636 89 49 3 1
1110 725 41 49 3 1
1110 766 76 49 3 1
1110 842 101 49 3 2
1110 943 47 49 3 3
1110 990 66 49 3 2
1159 309 151 68 3 1
1159 460 116 85 3 3
1159 576 153 52 3 1
1159 729 119 85 3 2
1159 848 208 85 3 2
1211 576 51 33 3 2
1211 627 102 33 3 1
1244 460 166 65 3 3
1244 626 65 71 3 2
1244 691 137 69 3 2
1244 828 109 107 3 2
1244 937 119 41 3 1
1285 937 119 66 3 2
1351 828 80 135 3 2
1351 908 148 45 3 1
1396 908 95 51 3 2
1396 1003 53 90 3 2
1447 908 95 39 3 3
1486 828 228 68 3 2
1554 828 70 41 3 3
1554 898 33 41 3 1
1554 931 40 41 3 2
1554 971 85 41 3 1
1313 691 137 67 3 3
1380 691 137 67 3 2
1447 691 83 148 3 3
1447 774 54 52 3 1
1499 774 54 47 3 2
1546 774 54 30 3 2
1576 774 54 19 3 2
1315 626 65 96 3 2
1411 626 65 44 3 1
1455 626 65 140 3 1
1309 460 69 78 3 2
1309 529 97 77 3 2
1386 529 97 70 3 1
1456 529 97 57 3 3
1513 529 97 82 3 3
1387 460 69 70 3 1
1457 460 69 46 3 1
1503 460 69 49 3 3
1552 460 22 43 3 1
1552 482 47 28 3 2
1580 482 47 15 3 3
1227 309 151 67 3 3
1294 309 151 69 3 3
1363 309 53 98 3 2
1363 362 98 91 3 2
1454 362 98 76 3 1
1530 362 38 65 3 3
1530 400 60 65 3 3
1461 309 53 66 3 1
1527 309 53 42 3 2
1569 309 53 26 3 2
1177 125 109 85 3 1
1177 234 47 85 3 2
1177 281 28 54 3 3
1231 281 28 17 3 1
1248 281 28 14 3 3
1262 125 60 94 3 1
1262 185 124 54 3 3
1316 185 124 40 3 1
1356 125 76 153 3 2
1356 201 108 41 3 2
1397 201 108 112 3 2
1509 125 184 54 3 1
1563 125 65 32 3 3
1563 190 48 32 3 2
1563 238 71 32 3 3
1155 0 69 111 3 3
1155 69 56 43 3 3
1198 69 56 68 3 2
1266 0 50 99 3 3
1266 50 75 99 3 3
1365 0 69 131 3 1
1365 69 56 64 3 1
1429 69 56 67 3 1
1496 0 125 41 3 3
1537 0 71 58 3 3
1537 71 54 33 3 2
1570 71 13 25 3 1
1570 84 23 25 3 3
1570 107 18 14 3 3
1584 107 18 11 3 1
1595 0 152 75 3 2
1595 152 94 49 3 1
1595 246 98 75 3 3
1595 344 139 75 3 3
1595 483 223 75 3 3
1595 706 53 75 3 1
1595 759 92 75 3 2
1595 851 205 75 3 3
1644 152 22 26 3 1
1644 174 16 26 3 3
1644 190 15 26 3 1
1644 205 21 26 3 1
1644 226 20 26 3 2
1670 0 167 65 3 1
1670 167 131 65 3 1
1670 298 138 65 3 2
1670 436 142 65 3 3
1670 578 163 65 3 1
1670 741 100 65 3 1
1670 841 215 65 3 1
1735 0 68 69 3 3
1735 68 80 157 3 2
1735 148 169 77 3 1
1735 317 42 77 3 1
1735 359 50 77 3 1
1735 409 165 77 3 3
1735 574 42 77 3 3
1735 616 129 44 3 2
1735 745 170 77 3 3
1735 915 39 77 3 1
1735 954 102 77 3 2
1779 616 20 33 3 2
1779 636 41 33 3 3
1779 677 34 33 3 1
1779 711 34 20 3 3
1799 711 34 13 3 3
1812 148 66 80 3 3
1812 214 46 80 3 2
1812 260 111 80 3 2
1812 371 164 80 3 2
1812 535 222 80 3 1
1812 757 128 45 3 1
1812 885 171 80 3 2
1857 757 42 35 3 2
1857 799 56 35 3 1
1857 855 30 35 3 2
1892 68 112 60 3 2
1892 180 95 60 3 2
1892 275 91 60 3 2
1892 366 179 60 3 3
1892 545 120 60 3 3
1892 665 100 60 3 2
1892 765 173 60 3 1
1892 938 118 60 3 1
1952 68 68 128 3 2
1952 136 87 128 3 1
1952 223 65 128 3 3
1952 288 196 128 3 2
1952 484 67 128 3 1
1952 551 69 128 3 2
1952 620 120 73 3 1
1952 740 316 73 3 2
2025 620 133 55 3 1
2025 753 161 55 3 3
2025 914 32 55 3 2
2025 946 69 55 3 2
2025 1015 41 33 3 3
2058 1015 41 22 3 1
1804 0 68 62 3 2
1866 0 68 75 3 3
1941 0 68 52 3 1
1993 0 68 49 3 1
2042 0 68 38 3 1
1110 1056 81 98 3 3
1110 1137 49 98 3 3
1110 1186 157 64 3 3
1110 1343 67 64 3 2
1110 1410 118 64 3 3
1174 1186 71 34 3 3
1174 1257 17 34 3 3
1174 1274 32 34 3 2
1174 1306 100 34 3 1
1174 1406 39 34 3 3
1174 1445 17 34 3 1
1174 1462 66 34 3 3
1208 1056 86 87 3 2
1208 1142 113 87 3 1
1208 1255 108 48 3 2
1208 1363 44 87 3 3
1208 1407 121 57 3 2
1265 1407 56 30 3 3
1265 1463 65 30 3 1
1256 1255 24 39 3 1
1256 1279 84 39 3 2
1295 1056 172 62 3 1
1295 1228 140 62 3 2
1295 1368 160 62 3 1
1357 1056 49 95 3 1
1357 1105 195 95 3 3
1357 1300 228 62 3 3
1419 1300 31 33 3 3
1419 1331 91 33 3 2
1419 1422 106 33 3 2
1452 1056 56 113 3 3
1452 1112 64 116 3 3
1452 1176 64 128 3 1
1452 1240 125 128 3 1
1452 1365 163 63 3 3
1515 1365 163 65 3 3
1580 1176 138 74 3 3
1580 1314 214 74 3 3
1654 1176 78 64 3 2
1654 1254 274 64 3 2
1718 1176 87 82 3 2
1718 1263 265 68 3 1
1786 1263 112 76 3 1
1786 1375 95 97 3 1
1786 1470 58 42 3 3
1828 1470 58 55 3 3
1883 1375 94 49 3 3
1883 1469 59 40 3 3
1923 1469 59 157 3 1
1932 1375 94 67 3 2
1999 1375 94 81 3 1
1862 1263 112 41 3 2
1903 1263 112 79 3 1
1982 1263 112 57 3 1
2039 1263 112 41 3 3
1800 1176 87 82 3 2
1882 1176 87 55 3 2
1937 1176 87 50 3 3
1987 1176 87 93 3 3
1568 1112 64 66 3 3
1634 1112 64 95 3 3
1729 1112 64 97 3 1
1826 1112 64 67 3 2
1893 1112 64 41 3 3
1934 1112 64 44 3 1
1978 1112 64 40 3 2
2018 1112 64 62 3 2
1565 1056 56 51 3 3
1616 1056 56 98 3 3
1714 1056 56 46 3 2
1760 1056 56 68 3 2
1828 1056 56 76 3 2
1904 1056 56 78 3 1
1982 1056 56 55 3 3
2037 1056 56 43 3 2
1110 1528 125 45 3 3
1110 1653 190 72 3 3
1110 1843 40 72 3 2
1110 1883 117 72 3 3
1182 1653 201 68 3 2
1182 1854 146 68 3 3
1250 1653 159 80 3 2
1250 1812 46 80 3 3
1250 1858 86 80 3 2
1250 1944 56 53 3 1
1303 1944 56 27 3 2
1330 1653 63 115 3 2
1330 1716 129 61 3 3
1330 1845 155 63 3 2
1393 1845 155 52 3 3
1391 1716 129 54 3 3
1445 1653 113 73 3 2
1445 1766 134 46 3 2
1445 1900 54 73 3 2
1445 1954 46 73 3 2
1491 1766 80 27 3 2
1491 1846 54 27 3 1
1518 1653 53 103 3 2
1518 1706 161 68 3 3
1518 1867 65 68 3 3
1518 1932 68 68 3 1
1586 1706 101 47 3 3
1586 1807 113 43 3 3
1586 1920 80 82 3 3
1668 1920 80 76 3 3
1744 1920 50 96 3 2
1744 1970 30 72 3 2
1816 1970 30 86 3 2
1902 1970 30 93 3 2
1995 1970 30 34 3 3
2029 1970 30 23 3 3
2052 1970 15 28 3 1
2052 1985 15 13 3 2
2065 1985 15 15 3 2
1840 1920 50 126 3 2
1966 1920 50 114 3 3
1629 1807 113 42 3 1
1671 1807 113 91 3 1
1762 1807 113 86 3 1
1848 1807 113 49 3 3
1897 1807 113 97 3 2
1994 1807 113 50 3 2
2044 1807 23 36 3 2
2044 1830 59 36 3 3
2044 1889 31 36 3 3
1633 1706 101 69 3 2
1702 1706 101 84 3 1
1786 1706 101 65 3 1
1851 1706 101 108 3 2
1959 1706 101 61 3 2
2020 1706 101 60 3 3
1621 1653 53 43 3 1
1664 1653 53 75 3 3
1739 1653 53 110 3 1
1849 1653 53 51 3 3
1900 1653 53 73 3 2
1973 1653 53 55 3 3
2028 1653 53 52 3 3
1155 1528 74 73 3 3
1155 1602 51 35 3 1
1190 1602 51 38 3 1
1228 1528 125 101 3 1
1329 1528 125 59 3 2
1388 1528 64 127 3 2
1388 1592 61 86 3 1
1474 1592 61 68 3 3
1542 1592 61 61 3 3
1603 1592 61 58 3 2
1661 1592 61 69 3 1
1730 1592 61 49 3 1
1779 1592 61 115 3 2
1894 1592 61 50 3 1
1944 1592 61 66 3 1
2010 1592 61 70 3 1
1515 1528 64 96 3 3
1611 1528 64 39 3 1
1650 1528 64 62 3 1
1712 1528 64 102 3 3
1814 1528 64 40 3 3
1854 1528 64 65 3 3
1919 1528 64 84 3 3
2003 1528 64 42 3 1
2045 1528 23 35 3 1
2045 1551 41 22 3 1
2067 1551 41 13 3 1
0 1056 187 73 3 2
0 1243 122 112 3 2
0 1365 135 97 3 1
0 1500 162 54 3 2
0 1662 29 54 3 1
0 1691 162 54 3 3
0 1853 51 54 3 1
0 1904 96 54 3 2
54 1500 31 43 3 1
54 1531 112 43 3 3
54 1643 52 43 3 2
54 1695 43 43 3 3
54 1738 26 43 3 1
54 1764 87 43 3 1
54 1851 57 43 3 3
54 1908 92 43 3 1
97 1365 49 94 3 1
97 1414 57 94 3 1
97 1471 188 94 3 1
97 1659 111 48 3 1
97 1770 59 48 3 1
97 1829 64 48 3 1
97 1893 49 48 3 3
97 1942 58 48 3 3
145 1659 106 46 3 2
145 1765 80 46 3 1
145 1845 85 46 3 3
145 1930 70 46 3 1
191 1365 62 103 3 3
191 1427 51 92 3 2
191 1478 124 68 3 2
191 1602 146 85 3 2
191 1748 90 139 3 3
191 1838 75 68 3 1
191 1913 87 39 3 3
230 1913 87 29 3 3
259 1838 38 71 3 1
259 1876 124 47 3 1
306 1876 19 24 3 3
306 1895 57 24 3 2
306 1952 12 24 3 3
306 1964 16 24 3 2
306 1980 20 15 3 3
321 1980 20 9 3 2
330 1748 131 103 3 1
330 1879 121 66 3 1
396 1879 121 57 3 3
453 1879 121 40 3 1
493 1879 121 62 3 1
433 1748 131 65 3 1
498 1748 131 57 3 3
276 1602 94 53 3 1
276 1696 52 83 3 1
359 1696 52 82 3 2
441 1696 52 64 3 3
505 1696 52 50 3 3
329 1602 94 63 3 2
392 1602 50 94 3 1
392 1652 44 37 3 3
429 1652 44 34 3 3
463 1652 44 23 3 1
486 1602 39 69 3 3
486 1641 55 36 3 2
522 1641 19 33 3 3
522 1660 36 33 3 2
259 1478 124 54 3 1
313 1478 124 50 3 2
363 1478 81 109 3 3
363 1559 43 50 3 3
413 1559 43 41 3 2
454 1559 43 44 3 1
498 1559 43 57 3 2
472 1478 81 48 3 3
520 1478 52 35 3 3
520 1530 18 35 3 1
520 1548 11 13 3 3
533 1548 11 22 3 1
283 1427 51 40 3 1
323 1427 51 67 3 1
390 1427 51 42 3 3
432 1427 51 123 3 3
294 1365 62 67 3 1
361 1365 62 60 3 2
421 1365 62 64 3 3
485 1365 35 70 3 3
485 1400 27 25 3 1
510 1400 27 21 3 1
531 1400 27 24 3 3
112 1243 122 125 3 3
237 1243 77 151 3 3
237 1320 45 74 3 1
311 1320 45 78 3 3
389 1320 45 41 3 3
430 1320 45 125 3 1
388 1243 77 40 3 3
428 1243 77 43 3 3
471 1243 77 46 3 3
517 1243 47 38 3 2
517 1290 30 23 3 1
540 1290 30 15 3 1
73 1056 92 95 3 3
73 1148 95 45 3 3
118 1148 95 50 3 1
168 1056 187 90 3 2
258 1056 66 126 3 2
258 1122 121 43 3 2
301 1122 121 100 3 3
401 1122 121 79 3 3
480 1122 121 75 3 3
384 1056 66 110 3 2
494 1056 66 61 3 1
555 1056 83 160 3 1
555 1139 91 160 3 3
555 1230 79 63 3 3
555 1309 186 63 3 2
555 1495 188 63 3 2
555 1683 43 63 3 2
555 1726 60 63 3 3
555 1786 214 63 3 2
618 1230 138 97 3 1
618 1368 64 97 3 3
618 1432 158 59 3 1
618 1590 30 59 3 3
618 1620 92 59 3 3
618 1712 173 59 3 2
618 1885 115 59 3 2
677 1432 90 38 3 3
677 1522 114 38 3 2
677 1636 19 38 3 1
677 1655 111 38 3 2
677 1766 41 38 3 1
677 1807 97 38 3 3
677 1904 43 38 3 3
677 1947 53 38 3 2
715 1056 143 80 3 3
715 1199 168 83 3 1
715 1367 249 83 3 3
715 1616 145 83 3 1
715 1761 239 83 3 2
798 1199 108 94 3 1
798 1307 89 94 3 2
798 1396 274 94 3 2
798 1670 92 94 3 2
798 1762 99 54 3 1
798 1861 139 54 3 1
852 1762 20 40 3 1
852 1782 29 40 3 1
852 1811 117 40 3 3
852 1928 26 40 3 2
852 1954 46 40 3 2
892 1199 115 47 3 2
892 1314 70 47 3 3
892 1384 70 47 3 2
892 1454 71 47 3 3
892 1525 71 47 3 3
892 1596 140 47 3 1
892 1736 139 47 3 1
892 1875 125 47 3 3
939 1199 153 90 3 3
939 1352 149 171 3 2
939 1501 92 51 3 1
939 1593 167 82 3 1
939 1760 76 79 3 1
939 1836 164 86 3 1
1025 1836 71 85 3 3
1025 1907 93 85 3 1
1018 1760 76 92 3 2
1021 1593 68 89 3 1
1021 1661 60 89 3 2
1021 1721 39 59 3 1
1080 1721 39 30 3 3
990 1501 92 120 3 1
1029 1199 79 81 3 1
1029 1278 74 53 3 2
1082 1278 49 28 3 2
1082 1327 25 28 3 1
795 1056 84 123 3 3
795 1140 59 123 3 3
918 1056 143 61 3 3
979 1056 143 60 3 3
1039 1056 77 71 3 1
1039 1133 66 45 3 3
1084 1133 43 26 3 3
1084 1176 23 15 3 2
1099 1176 23 11 3 2
0 0 96 162 2 2
0 96 132 122 2 3
0 228 62 122 2 2
0 290 81 72 2 2
0 371 73 122 2 2
0 444 143 53 2 2
0 587 90 53 2 2
0 677 220 53 2 3
53 444 68 69 2 1
53 512 61 69 2 3
53 573 131 44 2 3
53 704 125 69 2 3
53 829 68 40 2 3
93 829 68 29 2 1
97 573 14 25 2 3
97 587 26 25 2 1
97 613 18 25 2 1
97 631 73 25 2 2
72 290 81 50 2 2
122 96 81 150 2 1
122 177 176 60 2 2
122 353 82 93 2 2
122 435 218 74 2 2
122 653 93 150 2 3
122 746 76 150 2 3
122 822 75 150 2 2
196 435 92 76 2 2
196 527 126 76 2 3
215 353 82 57 2 2
182 177 176 58 2 2
240 177 67 32 2 2
240 244 18 32 2 1
240 262 44 32 2 3
240 306 23 32 2 3
240 329 24 32 2 1
272 96 197 72 2 3
272 293 185 82 2 2
272 478 139 82 2 2
272 617 280 82 2 2
354 293 132 75 2 3
354 425 38 75 2 3
354 463 68 75 2 3
354 531 223 75 2 3
354 754 143 75 2 2
429 293 190 82 2 1
429 483 144 48 2 1
429 627 59 48 2 1
429 686 24 48 2 1
429 710 50 48 2 1
429 760 79 48 2 3
429 839 58 48 2 1
477 483 101 34 2 2
477 584 101 34 2 3
477 685 22 34 2 1
477 707 53 34 2 3
477 760 90 34 2 1
477 850 24 34 2 2
477 874 23 17 2 3
494 874 23 17 2 1
511 293 101 59 2 1
511 394 148 59 2 1
511 542 158 59 2 3
511 700 31 59 2 3
511 731 81 59 2 2
511 812 85 59 2 1
570 293 85 33 2 1
570 378 96 33 2 3
570 474 20 33 2 2
570 494 23 33 2 2
570 517 18 33 2 3
570 535 55 33 2 3
570 590 24 33 2 2
570 614 92 33 2 2
570 706 69 33 2 3
570 775 19 33 2 1
570 794 103 33 2 3
344 96 69 85 2 2
344 165 128 54 2 2
398 165 53 31 2 1
398 218 38 31 2 1
398 256 37 20 2 1
418 256 10 11 2 3
418 266 27 11 2 3
429 96 108 63 2 3
429 204 89 63 2 3
492 96 100 111 2 3
492 196 97 111 2 2
162 0 96 64 2 3
226 0 96 121 2 3
347 0 96 84 2 2
431 0 96 74 2 2
505 0 96 56 2 1
561 0 50 42 2 1
561 50 46 42 2 3
0 897 200 77 2 1
0 1097 42 77 2 2
0 1139 88 77 2 1
0 1227 206 77 2 3
0 1433 129 44 2 1
0 1562 144 77 2 3
0 1706 42 77 2 1
0 1748 46 38 2 1
38 1748 20 39 2 2
38 1768 26 23 2 1
61 1768 26 16 2 3
44 1433 45 33 2 1
44 1478 16 33 2 1
44 1494 68 33 2 3
77 897 111 135 2 1
77 1008 125 121 2 3
77 1133 93 74 2 3
77 1226 103 121 2 1
77 1329 193 80 2 1
77 1522 146 80 2 1
77 1668 126 44 2 2
121 1668 23 36 2 1
121 1691 62 36 2 2
121 1753 21 36 2 3
121 1774 20 17 2 3
138 1774 10 19 2 1
138 1784 10 8 2 2
146 1784 10 6 2 3
152 1784 4 5 2 3
152 1788 3 5 2 1
152 1791 3 5 2 1
157 1329 34 41 2 1
157 1363 27 41 2 3
157 1390 94 41 2 1
157 1484 121 41 2 1
157 1605 95 41 2 1
157 1700 30 41 2 2
157 1730 64 41 2 1
151 1133 93 47 2 2
198 1008 113 130 2 1
198 1121 186 64 2 1
198 1307 71 134 2 2
198 1378 191 84 2 2
198 1569 132 49 2 1
198 1701 30 49 2 1
198 1731 63 49 2 3
247 1569 104 35 2 2
247 1673 121 35 2 3
282 1378 179 68 2 3
282 1557 237 68 2 1
350 1557 107 118 2 1
350 1664 130 118 2 2
468 1557 237 73 2 1
541 1557 237 62 2 2
350 1378 179 52 2 1
402 1378 87 102 2 1
402 1465 92 77 2 3
479 1465 92 124 2 3
504 1378 87 43 2 3
547 1378 87 56 2 2
332 1307 71 90 2 1
422 1307 71 111 2 2
533 1307 71 70 2 1
262 1121 89 82 2 1
262 1210 97 75 2 3
337 1210 97 150 2 1
487 1210 97 116 2 3
344 1121 89 66 2 1
410 1121 89 47 2 2
457 1121 89 146 2 2
328 1008 113 57 2 1
385 1008 113 103 2 3
488 1008 113 63 2 2
551 1008 113 52 2 3
212 897 111 73 2 1
285 897 63 88 2 2
285 960 48 63 2 1
348 960 48 119 2 2
467 960 48 136 2 1
373 897 63 108 2 1
481 897 63 122 2 3
603 0 210 77 2 3
603 210 152 55 2 2
603 362 153 73 2 1
603 515 178 70 2 3
603 693 114 70 2 2
603 807 41 70 2 2
603 848 179 70 2 2
603 1027 153 70 2 3
603 1180 53 70 2 1
603 1233 37 70 2 1
603 1270 73 70 2 1
603 1343 97 70 2 2
603 1440 87 70 2 3
603 1527 128 43 2 2
603 1655 37 70 2 2
603 1692 102 70 2 1
646 1527 52 27 2 1
646 1579 76 27 2 3
673 515 71 129 2 1
673 586 102 81 2 2
673 688 123 62 2 1
673 811 131 85 2 2
673 942 106 85 2 1
673 1048 154 55 2 1
673 1202 45 85 2 3
673 1247 121 47 2 1
673 1368 24 47 2 1
673 1392 31 47 2 2
673 1423 138 47 2 3
673 1561 63 47 2 2
673 1624 84 47 2 3
673 1708 86 47 2 2
720 1247 73 38 2 3
720 1320 51 38 2 1
720 1371 27 38 2 1
720 1398 57 38 2 1
720 1455 100 38 2 2
720 1555 100 38 2 3
720 1655 139 38 2 1
728 1048 44 30 2 3
728 1092 72 30 2 3
728 1164 38 30 2 2
758 811 132 44 2 2
758 943 60 44 2 2
758 1003 112 44 2 2
758 1115 24 44 2 1
758 1139 98 44 2 1
758 1237 132 44 2 1
758 1369 37 44 2 3
758 1406 129 44 2 2
758 1535 98 44 2 3
758 1633 161 44 2 2
735 688 123 67 2 2
754 586 102 48 2 3
802 515 91 69 2 1
802 606 97 109 2 3
802 703 89 62 2 1
802 792 77 109 2 3
802 869 97 60 2 3
802 966 322 109 2 2
802 1288 178 109 2 2
802 1466 145 51 2 1
802 1611 183 109 2 1
853 1466 61 58 2 1
853 1527 84 58 2 2
862 869 97 49 2 3
864 703 89 47 2 1
871 515 91 40 2 3
676 362 153 51 2 1
727 362 153 96 2 1
823 362 153 56 2 2
879 362 19 32 2 2
879 381 86 32 2 1
879 467 48 32 2 1
658 210 84 65 2 2
658 294 68 95 2 3
753 294 68 64 2 3
817 294 68 94 2 3
723 210 84 75 2 2
798 210 84 113 2 1
680 0 118 50 2 2
680 118 92 50 2 2
730 0 101 71 2 3
730 101 109 71 2 1
801 0 128 69 2 3
801 128 82 110 2 2
870 0 52 41 2 3
870 52 76 41 2 2
911 0 163 66 2 2
911 163 65 86 2 3
911 228 157 88 2 1
911 385 117 49 2 3
911 502 83 88 2 2
911 585 60 88 2 1
911 645 213 88 2 3
911 858 52 88 2 1
911 910 166 88 2 1
911 1076 112 55 2 3
911 1188 64 55 2 2
911 1252 104 55 2 3
911 1356 148 55 2 3
911 1504 113 55 2 2
911 1617 177 55 2 2
966 1076 28 33 2 3
966 1104 77 33 2 2
966 1181 50 33 2 1
966 1231 27 33 2 2
966 1258 17 33 2 1
966 1275 17 33 2 2
966 1292 73 33 2 2
966 1365 77 33 2 1
966 1442 16 33 2 2
966 1458 98 33 2 3
966 1556 61 33 2 1
966 1617 85 33 2 3
966 1702 50 33 2 2
966 1752 42 33 2 1
960 385 21 39 2 1
960 406 96 39 2 1
999 228 120 133 2 1
999 348 174 62 2 1
999 522 185 62 2 3
999 707 89 62 2 3
999 796 177 62 2 2
999 973 138 62 2 1
999 1111 73 62 2 2
999 1184 105 62 2 2
999 1289 54 62 2 2
999 1343 43 62 2 3
999 1386 46 62 2 1
999 1432 95 62 2 3
999 1527 267 62 2 1
1061 348 118 47 2 1
1061 466 121 159 2 3
1061 587 167 57 2 2
1061 754 171 57 2 2
1061 925 157 57 2 2
1061 1082 51 57 2 1
1061 1133 31 57 2 1
1061 1164 134 57 2 1
1061 1298 87 57 2 2
1061 1385 171 57 2 3
1061 1556 238 57 2 3
1118 587 53 102 2 2
1118 640 96 64 2 3
1118 736 306 102 2 1
1118 1042 55 102 2 2
1118 1097 66 102 2 1
1118 1163 250 102 2 2
1118 1413 177 59 2 1
1118 1590 113 48 2 1
1118 1703 91 102 2 2
1166 1590 113 54 2 3
1177 1413 75 43 2 3
1177 1488 62 43 2 3
1177 1550 40 43 2 1
1182 640 96 38 2 2
1108 348 118 43 2 1
1151 348 118 69 2 2
1132 228 120 56 2 2
1188 228 51 32 2 3
1188 279 69 32 2 3
997 163 65 102 2 3
1099 163 65 54 2 3
1153 163 65 67 2 2
977 0 163 45 2 2
1022 0 63 112 2 2
1022 63 100 55 2 2
1077 63 29 57 2 1
1077 92 71 57 2 2
1134 0 163 86 2 3
603 1794 186 63 2 2
603 1980 140 63 2 1
603 2120 34 63 2 1
603 2154 33 63 2 3
603 2187 59 63 2 2
603 2246 144 63 2 2
603 2390 103 63 2 3
603 2493 175 63 2 2
603 2668 229 63 2 1
666 1794 168 76 2 3
666 1962 68 76 2 1
666 2030 131 44 2 2
666 2161 38 76 2 1
666 2199 139 76 2 2
666 2338 43 76 2 3
666 2381 43 76 2 1
666 2424 121 76 2 1
666 2545 202 76 2 1
666 2747 150 76 2 2
710 2030 65 32 2 2
710 2095 27 32 2 3
710 2122 39 21 2 3
731 2122 7 11 2 2
731 2129 10 11 2 2
731 2139 11 11 2 3
731 2150 11 7 2 2
738 2150 11 4 2 1
742 1794 212 71 2 3
742 2006 36 71 2 1
742 2042 126 71 2 3
742 2168 36 71 2 1
742 2204 175 71 2 3
742 2379 158 71 2 1
742 2537 36 71 2 3
742 2573 177 71 2 1
742 2750 147 71 2 2
813 1794 127 43 2 3
813 1921 202 68 2 2
813 2123 190 72 2 3
813 2313 136 71 2 3
813 2449 93 71 2 1
813 2542 82 71 2 1
813 2624 104 71 2 3
813 2728 97 71 2 3
813 2825 72 71 2 3
884 2313 218 73 2 3
884 2531 133 121 2 3
884 2664 154 103 2 2
884 2818 79 154 2 1
1038 2818 79 76 2 2
1114 2818 79 66 2 2
1180 2818 79 40 2 1
987 2664 76 92 2 1
987 2740 78 52 2 1
1039 2740 20 40 2 2
1039 2760 58 40 2 2
1079 2664 154 49 2 3
1128 2664 154 92 2 1
1005 2531 133 79 2 2
1084 2531 133 67 2 3
1151 2531 71 69 2 1
1151 2602 62 38 2 3
1189 2602 21 31 2 2
1189 2623 41 31 2 1
957 2313 84 144 2 1
957 2397 53 106 2 3
957 2450 81 174 2 1
1131 2450 81 50 2 3
1181 2450 81 39 2 2
1063 2397 53 53 2 3
1116 2397 53 104 2 3
1101 2313 84 47 2 3
1148 2313 36 72 2 3
1148 2349 48 72 2 2
885 2123 56 111 2 1
885 2179 134 46 2 2
931 2179 134 112 2 1
1043 2179 75 88 2 3
1043 2254 59 81 2 3
1124 2254 59 96 2 2
1131 2179 75 89 2 2
996 2123 56 87 2 2
1083 2123 56 55 2 3
1138 2123 56 82 2 3
881 1921 126 45 2 2
881 2047 76 149 2 2
1030 2047 76 49 2 1
1079 2047 76 46 2 2
1125 2047 76 57 2 1
1182 2047 46 38 2 1
1182 2093 30 20 2 3
1202 2093 10 18 2 3
1202 2103 20 18 2 2
926 1921 126 51 2 3
977 1921 126 73 2 1
1050 1921 126 74 2 2
1124 1921 126 57 2 1
1181 1921 37 39 2 2
1181 1958 35 39 2 2
1181 1993 22 39 2 2
1181 2015 32 39 2 3
856 1794 127 67 2 2
923 1794 127 134 2 3
1057 1794 127 49 2 3
1106 1794 57 114 2 1
1106 1851 70 114 2 2
603 2897 191 83 2 2
603 3088 238 83 2 3
603 3326 109 83 2 3
603 3435 61 83 2 2
603 3496 75 83 2 3
603 3571 165 83 2 1
603 3736 264 83 2 1
686 2897 66 120 2 3
686 2963 201 79 2 2
686 3164 189 63 2 2
686 3353 137 61 2 3
686 3490 65 116 2 1
686 3555 145 73 2 3
686 3700 300 70 2 1
756 3700 56 110 2 2
756 3756 116 57 2 3
756 3872 128 110 2 3
813 3756 51 53 2 3
813 3807 65 34 2 2
847 3807 42 19 2 3
847 3849 23 19 2 3
866 3700 115 55 2 3
866 3815 99 55 2 3
866 3914 86 55 2 1
921 3700 175 79 2 3
921 3875 43 79 2 1
921 3918 82 45 2 2
966 3918 38 34 2 1
966 3956 44 22 2 3
988 3956 44 12 2 2
1000 3700 61 119 2 2
1000 3761 239 75 2 2
1075 3761 66 81 2 3
1075 3827 173 145 2 3
1156 3761 66 64 2 2
1119 3700 61 48 2 3
1167 3700 61 35 2 3
1202 3700 61 18 2 3
759 3555 145 75 2 1
834 3555 145 72 2 2
906 3555 57 108 2 2
906 3612 88 108 2 3
1014 3555 145 62 2 3
1076 3555 76 144 2 3
1076 3631 69 50 2 3
1126 3631 69 94 2 3
802 3490 65 164 2 2
966 3490 65 76 2 2
1042 3490 65 68 2 2
1110 3490 65 72 2 1
1182 3490 42 38 2 2
1182 3532 23 38 2 3
747 3353 137 44 2 1
791 3353 137 74 2 3
865 3353 137 61 2 2
926 3353 77 121 2 1
926 3430 60 150 2 2
1076 3430 60 144 2 2
1047 3353 77 67 2 1
1114 3353 77 49 2 3
1163 3353 77 57 2 3
749 3164 88 130 2 3
749 3252 66 130 2 2
749 3318 35 61 2 1
810 3318 35 69 2 2
879 3164 189 110 2 2
989 3164 65 85 2 3
989 3229 124 85 2 3
1074 3164 189 146 2 3
765 2963 106 79 2 3
765 3069 95 84 2 3
849 3069 95 92 2 2
941 3069 95 62 2 2
1003 3069 95 67 2 1
1070 3069 95 98 2 3
1168 3069 46 52 2 2
1168 3115 49 32 2 3
1200 3115 49 20 2 3
844 2963 106 63 2 3
907 2963 106 58 2 2
965 2963 106 110 2 2
1075 2963 106 145 2 1
806 2897 66 78 2 3
884 2897 66 43 2 1
927 2897 66 60 2 1
987 2897 66 102 2 3
1089 2897 66 80 2 3
1169 2897 66 51 2 3
0 1794 145 60 2 2
0 1939 199 69 2 3
0 2138 138 46 2 1
0 2276 51 46 2 2
0 2327 36 46 2 2
0 2363 86 46 2 2
0 2449 103 46 2 3
0 2552 131 46 2 2
0 2683 136 46 2 1
0 2819 73 46 2 3
0 2892 79 46 2 1
0 2971 106 46 2 1
0 3077 114 46 2 1
0 3191 23 46 2 3
0 3214 53 46 2 3
0 3267 69 46 2 2
0 3336 27 46 2 3
0 3363 114 46 2 1
0 3477 27 46 2 2
0 3504 68 46 2 2
0 3572 66 46 2 1
0 3638 94 46 2 1
0 3732 38 46 2 3
0 3770 97 46 2 3
0 3867 57 46 2 3
0 3924 76 46 2 2
46 2138 138 255 2 2
46 2276 123 63 2 3
46 2399 120 63 2 3
46 2519 38 63 2 3
46 2557 183 63 2 2
46 2740 109 63 2 1
46 2849 157 63 2 1
46 3006 119 63 2 1
46 3125 189 63 2 3
46 3314 72 63 2 2
46 3386 59 63 2 3
46 3445 180 63 2 1
46 3625 154 63 2 3
46 3779 105 63 2 3
46 3884 34 63 2 3
46 3918 82 63 2 1
109 2276 171 57 2 3
109 2447 71 57 2 1
109 2518 158 57 2 3
109 2676 44 57 2 3
109 2720 30 57 2 2
109 2750 83 57 2 2
109 2833 65 57 2 3
109 2898 63 57 2 3
109 2961 169 57 2 3
109 3130 66 57 2 2
109 3196 63 57 2 1
109 3259 135 57 2 1
109 3394 161 57 2 2
109 3555 169 57 2 3
109 3724 33 57 2 3
109 3757 39 57 2 2
109 3796 204 57 2 3
166 2276 130 70 2 2
166 2406 164 55 2 1
166 2570 104 60 2 3
166 2674 144 135 2 1
166 2818 85 135 2 1
166 2903 169 135 2 1
166 3072 132 135 2 1
166 3204 105 135 2 3
166 3309 156 81 2 1
166 3465 88 135 2 2
166 3553 68 135 2 1
166 3621 184 135 2 2
166 3805 195 135 2 2
247 3309 103 54 2 1
247 3412 53 31 2 3
278 3412 53 23 2 1
226 2570 42 75 2 1
226 2612 62 75 2 3
221 2406 78 80 2 1
221 2484 86 80 2 2
236 2276 130 65 2 1
69 1939 118 232 2 1
69 2057 81 110 2 3
179 2057 81 47 2 1
226 2057 81 75 2 1
60 1794 145 115 2 3
175 1794 145 51 2 2
226 1794 78 75 2 2
226 1872 67 43 2 1
269 1872 67 32 2 1
301 1794 102 103 2 1
301 1896 99 81 2 2
301 1995 41 81 2 1
301 2036 41 81 2 1
301 2077 40 81 2 2
301 2117 99 81 2 1
301 2216 207 81 2 1
301 2423 46 81 2 2
301 2469 134 81 2 3
301 2603 203 81 2 2
301 2806 46 81 2 3
301 2852 53 81 2 2
301 2905 135 47 2 2
301 3040 242 81 2 1
301 3282 51 81 2 3
301 3333 243 81 2 1
301 3576 92 81 2 1
301 3668 44 81 2 2
301 3712 94 81 2 2
301 3806 75 81 2 3
301 3881 119 52 2 3
353 3881 52 29 2 1
353 3933 67 29 2 3
348 2905 17 34 2 1
348 2922 118 34 2 3
382 1896 171 87 2 1
382 2067 142 56 2 2
382 2209 167 56 2 2
382 2376 59 56 2 2
382 2435 95 56 2 3
382 2530 81 56 2 3
382 2611 59 56 2 1
382 2670 39 56 2 1
382 2709 30 56 2 1
382 2739 43 56 2 3
382 2782 57 56 2 2
382 2839 155 56 2 2
382 2994 103 56 2 2
382 3097 155 56 2 3
382 3252 132 56 2 1
382 3384 167 56 2 2
382 3551 115 56 2 3
382 3666 81 56 2 3
382 3747 34 56 2 3
382 3781 57 56 2 3
382 3838 28 56 2 1
382 3866 78 56 2 1
382 3944 56 36 2 1
418 3944 11 20 2 2
418 3955 45 20 2 1
438 2067 125 103 2 2
438 2192 287 103 2 3
438 2479 52 103 2 1
438 2531 131 103 2 3
438 2662 131 103 2 3
438 2793 62 103 2 3
438 2855 147 103 2 3
438 3002 128 58 2 1
438 3130 128 58 2 1
438 3258 167 58 2 2
438 3425 131 58 2 2
438 3556 173 58 2 2
438 3729 158 58 2 3
438 3887 45 58 2 2
438 3932 68 58 2 1
496 3002 135 45 2 1
496 3137 116 45 2 3
496 3253 23 45 2 3
496 3276 51 45 2 1
496 3327 33 45 2 3
496 3360 22 45 2 2
496 3382 23 45 2 1
496 3405 72 45 2 1
496 3477 92 45 2 3
496 3569 89 45 2 3
496 3658 65 45 2 3
496 3723 65 45 2 1
496 3788 43 45 2 2
496 3831 22 45 2 1
496 3853 74 45 2 1
496 3927 45 45 2 3
496 3972 28 45 2 3
541 2067 185 62 2 1
541 2252 122 62 2 3
541 2374 107 62 2 1
541 2481 136 62 2 3
541 2617 186 62 2 1
541 2803 32 62 2 3
541 2835 170 62 2 3
541 3005 184 62 2 3
541 3189 162 62 2 1
541 3351 99 62 2 3
541 3450 35 62 2 3
541 3485 183 62 2 1
541 3668 99 62 2 3
541 3767 111 62 2 2
541 3878 122 62 2 2
469 1896 113 134 2 2
469 2009 58 71 2 1
540 2009 58 63 2 2
404 1794 102 88 2 3
492 1794 102 72 2 1
564 1794 30 39 2 3
564 1824 72 39 2 1
0 0 98 55 1 1
0 98 111 55 1 3
55 0 108 50 1 2
55 108 101 60 1 3
115 108 101 45 1 3
160 108 101 60 1 1
220 108 101 52 1 2
272 108 101 72 1 2
344 108 101 61 1 1
405 108 56 70 1 1
405 164 45 57 1 2
462 164 45 88 1 1
550 164 45 59 1 1
609 164 45 49 1 3
658 164 45 79 1 2
737 164 45 136 1 3
873 164 45 43 1 2
916 164 45 146 1 3
1062 164 45 46 1 2
1108 164 45 127 1 3
1235 164 45 93 1 1
1328 164 45 136 1 3
1464 164 45 43 1 1
1507 164 45 44 1 2
1551 164 45 78 1 2
1629 164 45 74 1 3
1703 164 45 58 1 2
1761 164 45 44 1 1
1805 164 45 50 1 3
1855 164 45 36 1 1
1891 164 45 36 1 3
1927 164 45 29 1 2
475 108 56 113 1 2
588 108 56 60 1 2
648 108 56 97 1 1
745 108 56 39 1 2
784 108 56 53 1 3
837 108 56 65 1 3
902 108 56 124 1 1
1026 108 56 87 1 1
1113 108 56 39 1 1
1152 108 56 136 1 3
1288 108 56 125 1 3
1413 108 56 86 1 2
1499 108 56 57 1 2
1556 108 56 35 1 2
1591 108 56 117 1 2
1708 108 56 50 1 1
1758 108 56 41 1 2
1799 108 56 39 1 2
1838 108 56 56 1 2
1894 108 56 35 1 2
1929 108 34 27 1 2
1929 142 22 14 1 1
1943 142 6 13 1 3
1943 148 6 13 1 2
1943 154 10 7 1 2
1950 154 10 6 1 3
105 0 108 59 1 1
164 0 108 50 1 1
214 0 108 101 1 3
315 0 108 39 1 2
354 0 108 49 1 3
403 0 108 62 1 3
465 0 108 53 1 2
518 0 108 42 1 3
560 0 108 73 1 1
633 0 50 87 1 2
633 50 58 96 1 2
729 50 58 50 1 2
779 50 58 84 1 1
863 50 58 61 1 1
924 50 58 76 1 1
1000 50 58 58 1 1
1058 50 58 61 1 1
1119 50 58 66 1 1
1185 50 58 69 1 3
1254 50 58 87 1 1
1341 50 58 85 1 3
1426 50 58 100 1 2
1526 50 58 35 1 1
1561 50 58 131 1 1
1692 50 58 82 1 1
1774 50 58 52 1 3
1826 50 58 130 1 1
720 0 50 50 1 3
770 0 50 64 1 2
834 0 50 84 1 2
918 0 50 71 1 3
989 0 50 106 1 1
1095 0 50 56 1 3
1151 0 50 76 1 1
1227 0 50 47 1 2
1274 0 50 53 1 2
1327 0 50 60 1 3
1387 0 50 49 1 2
1436 0 50 52 1 1
1488 0 50 72 1 2
1560 0 50 51 1 3
1611 0 50 53 1 1
1664 0 50 72 1 2
1736 0 50 59 1 2
1795 0 50 51 1 3
1846 0 50 54 1 2
1900 0 50 32 1 3
1932 0 50 24 1 1
0 209 86 75 1 3
0 295 123 48 1 2
48 295 123 76 1 1
124 295 59 113 1 2
124 354 64 36 1 1
160 354 64 77 1 1
237 295 73 70 1 2
237 368 50 37 1 2
274 368 50 33 1 1
307 295 123 118 1 2
425 295 66 53 1 2
425 361 57 39 1 3
464 361 57 125 1 3
589 361 57 80 1 3
669 361 57 51 1 1
720 361 57 120 1 3
840 361 57 58 1 2
898 361 57 38 1 3
936 361 57 55 1 3
991 361 57 49 1 2
1040 361 57 72 1 2
1112 361 57 53 1 1
1165 361 57 76 1 3
1241 361 57 84 1 3
1325 361 57 69 1 1
1394 361 57 139 1 3
1533 361 57 108 1 2
1641 361 57 88 1 1
1729 361 57 111 1 2
1840 361 57 52 1 1
1892 361 57 36 1 1
1928 361 57 28 1 1
478 295 66 80 1 3
558 295 66 50 1 2
608 295 66 68 1 3
676 295 66 42 1 1
718 295 66 50 1 3
768 295 66 80 1 2
848 295 66 54 1 2
902 295 66 60 1 1
962 295 66 70 1 3
1032 295 66 51 1 2
1083 295 66 56 1 1
1139 295 66 106 1 1
1245 295 66 51 1 3
1296 295 66 115 1 3
1411 295 66 107 1 3
1518 295 66 55 1 2
1573 295 66 58 1 3
1631 295 66 81 1 1
1712 295 66 49 1 2
1761 295 66 53 1 2
1814 295 66 142 1 3
75 209 86 133 1 2
208 209 86 134 1 3
342 209 86 86 1 3
428 209 86 47 1 1
475 209 86 76 1 2
551 209 86 63 1 2
614 209 86 74 1 2
688 209 86 55 1 1
743 209 86 35 1 1
778 209 86 85 1 2
863 209 50 74 1 2
863 259 36 31 1 2
894 259 22 43 1 2
894 281 14 14 1 2
908 281 14 29 1 1
937 209 86 70 1 1
1007 209 86 85 1 1
1092 209 86 55 1 1
1147 209 86 35 1 1
1182 209 86 49 1 3
1231 209 86 60 1 3
1291 209 86 61 1 3
1352 209 86 59 1 1
1411 209 86 101 1 3
1512 209 86 146 1 1
1658 209 86 87 1 1
1745 209 86 49 1 3
1794 209 86 65 1 1
1859 209 86 52 1 3
1911 209 45 45 1 1
1911 254 25 45 1 3
1911 279 16 25 1 2
1936 279 16 11 1 3
1947 279 5 9 1 3
1947 284 11 9 1 1
1956 0 73 61 1 2
1956 73 59 63 1 2
1956 132 123 63 1 3
1956 255 163 63 1 1
2019 73 168 64 1 3
2019 241 111 64 1 1
2019 352 66 35 1 2
2054 352 35 29 1 3
2054 387 31 19 1 3
2073 387 31 10 1 2
2083 73 106 56 1 3
2083 179 98 107 1 1
2083 277 90 43 1 1
2083 367 51 28 1 2
2111 367 51 15 1 1
2126 277 141 70 1 1
2196 277 141 35 1 2
2231 277 141 60 1 2
2291 277 141 70 1 2
2361 277 74 110 1 2
2361 351 67 54 1 1
2415 351 67 72 1 2
2487 351 67 95 1 1
2582 351 67 48 1 2
2630 351 67 59 1 1
2689 351 67 59 1 1
2748 351 67 45 1 3
2793 351 67 63 1 3
2856 351 67 122 1 1
2471 277 74 41 1 1
2512 277 74 70 1 2
2582 277 74 56 1 1
2638 277 74 61 1 1
2699 277 74 103 1 2
2802 277 74 80 1 2
2882 277 49 96 1 1
2882 326 25 28 1 3
2910 326 25 24 1 1
2934 326 25 27 1 3
2961 326 25 17 1 3
2190 179 98 59 1 3
2249 179 98 83 1 3
2332 179 50 97 1 3
2332 229 48 97 1 1
2429 179 98 53 1 2
2482 179 98 106 1 1
2588 179 98 67 1 3
2655 179 98 50 1 3
2705 179 98 57 1 1
2762 179 98 64 1 2
2826 179 98 63 1 2
2889 179 98 43 1 3
2932 179 98 46 1 3
2139 73 46 83 1 3
2139 119 60 51 1 1
2190 119 60 62 1 3
2252 119 60 77 1 3
2329 119 60 91 1 1
2420 119 60 49 1 3
2469 119 60 66 1 1
2535 119 60 65 1 3
2600 119 60 71 1 1
2671 119 60 56 1 1
2727 119 60 63 1 1
2790 119 60 95 1 2
2885 119 60 93 1 2
2222 73 46 83 1 2
2305 73 46 59 1 1
2364 73 46 122 1 2
2486 73 46 86 1 1
2572 73 46 63 1 3
2635 73 46 67 1 2
2702 73 46 48 1 3
2750 73 46 69 1 3
2819 73 46 54 1 3
2873 73 46 105 1 2
2017 0 73 69 1 3
2086 0 73 131 1 3
2217 0 73 73 1 3
2290 0 73 59 1 2
2349 0 73 94 1 2
2443 0 73 133 1 3
2576 0 73 44 1 2
2620 0 73 91 1 1
2711 0 73 35 1 2
2746 0 73 48 1 1
2794 0 73 92 1 2
2886 0 73 37 1 1
2923 0 73 35 1 3
2958 0 73 20 1 2
2978 0 63 115 1 2
2978 63 114 89 1 1
2978 177 95 107 1 1
2978 272 146 59 1 2
3037 272 46 48 1 3
3037 318 100 48 1 3
3085 177 107 41 1 1
3085 284 24 41 1 1
3085 308 21 41 1 2
3085 329 89 41 1 3
3126 177 78 67 1 3
3126 255 163 51 1 1
3177 255 163 44 1 1
3221 255 163 57 1 2
3278 255 163 59 1 2
3337 255 94 106 1 1
3337 349 69 52 1 1
3389 349 69 54 1 2
3443 255 163 54 1 2
3497 255 87 42 1 3
3497 342 76 42 1 1
3539 255 83 129 1 3
3539 338 80 77 1 1
3616 338 80 62 1 1
3678 338 80 137 1 1
3815 338 80 78 1 1
3893 338 80 41 1 1
3934 338 80 66 1 3
3668 255 83 42 1 2
3710 255 83 71 1 2
3781 255 83 50 1 3
3831 255 83 63 1 2
3894 255 83 49 1 1
3943 255 83 57 1 1
3193 177 78 113 1 1
3306 177 78 97 1 2
3403 177 78 61 1 1
3464 177 78 123 1 1
3587 177 78 51 1 1
3638 177 78 89 1 3
3727 177 78 58 1 1
3785 177 78 40 1 3
3825 177 78 58 1 2
3883 177 78 43 1 3
3926 177 78 46 1 3
3972 177 78 28 1 3
3067 63 114 63 1 1
3130 63 73 140 1 2
3130 136 41 70 1 2
3200 136 41 61 1 2
3261 136 41 77 1 3
3338 136 41 89 1 3
3427 136 41 79 1 3
3506 136 41 57 1 2
3563 136 41 78 1 3
3641 136 41 42 1 2
3683 136 41 42 1 2
3725 136 41 106 1 2
3831 136 41 74 1 1
3905 136 41 95 1 1
3270 63 73 68 1 3
3338 63 73 93 1 2
3431 63 73 54 1 1
3485 63 73 46 1 2
3531 63 73 95 1 3
3626 63 73 92 1 3
3718 63 73 79 1 1
3797 63 73 83 1 2
3880 63 73 57 1 3
3937 63 45 63 1 1
3937 108 28 39 1 2
3976 108 28 24 1 1
3093 0 63 91 1 2
3184 0 63 92 1 1
3276 0 63 81 1 2
3357 0 63 85 1 1
3442 0 63 61 1 1
3503 0 63 43 1 3
3546 0 63 122 1 2
3668 0 63 76 1 1
3744 0 63 60 1 2
3804 0 63 81 1 2
3885 0 63 57 1 2
3942 0 63 58 1 3
1956 418 191 50 1 3
2006 418 191 67 1 2
2073 418 191 60 1 3
2133 418 102 55 1 2
2133 520 28 55 1 2
2133 548 61 55 1 3
2188 418 78 128 1 2
2188 496 113 50 1 3
2238 496 113 45 1 1
2283 496 113 33 1 1
2316 418 191 83 1 1
2399 418 56 64 1 1
2399 474 54 69 1 1
2399 528 81 37 1 2
2436 528 81 32 1 3
2468 474 135 70 1 3
2538 474 135 66 1 1
2604 474 135 78 1 2
2682 474 135 48 1 3
2730 474 135 56 1 2
2786 474 135 59 1 2
2845 474 135 52 1 1
2897 474 135 52 1 1
2949 474 58 112 1 3
2949 532 77 64 1 3
3013 532 77 48 1 1
3061 474 135 35 1 2
3096 474 60 84 1 2
3096 534 75 58 1 1
3154 534 75 64 1 2
3218 534 75 38 1 3
3256 534 75 62 1 3
3318 534 75 81 1 3
3399 534 75 38 1 2
3437 534 75 64 1 1
3501 534 75 44 1 2
3545 534 75 64 1 1
3609 534 75 68 1 1
3677 534 75 75 1 3
3752 534 75 98 1 3
3850 534 75 61 1 2
3911 534 75 55 1 2
3966 534 75 34 1 2
3180 474 60 67 1 3
3247 474 60 72 1 3
3319 474 60 91 1 3
3410 474 60 45 1 3
3455 474 60 49 1 2
3504 474 60 50 1 1
3554 474 60 64 1 3
3618 474 60 61 1 1
3679 474 60 45 1 3
3724 474 60 63 1 3
3787 474 60 130 1 3
3917 474 60 83 1 1
2463 418 56 38 1 3
2501 418 56 44 1 2
2545 418 56 78 1 2
2623 418 56 60 1 1
2683 418 56 39 1 1
2722 418 56 62 1 3
2784 418 56 81 1 3
2865 418 56 42 1 2
2907 418 56 50 1 2
2957 418 56 94 1 1
3051 418 56 94 1 2
3145 418 56 51 1 1
3196 418 56 46 1 1
3242 418 56 91 1 2
3333 418 56 101 1 3
3434 418 56 102 1 2
3536 418 56 46 1 2
3582 418 56 51 1 1
3633 418 56 68 1 2
3701 418 56 97 1 1
3798 418 56 101 1 2
3899 418 56 35 1 1
3934 418 56 36 1 3
3970 418 56 30 1 2
1956 609 47 75 1 1
1956 656 144 75 1 1
2031 609 98 54 1 2
2031 707 93 65 1 3
2096 707 93 68 1 1
2164 707 93 86 1 1
2250 707 51 100 1 2
2250 758 42 90 1 3
2340 758 42 51 1 3
2391 758 42 61 1 3
2452 758 42 123 1 3
2575 758 42 144 1 2
2719 758 42 92 1 2
2811 758 42 38 1 3
2849 758 42 62 1 3
2911 758 42 51 1 3
2962 758 42 129 1 3
3091 758 42 53 1 2
3144 758 42 57 1 3
3201 758 42 55 1 3
3256 758 42 109 1 2
3365 758 42 51 1 1
3416 758 42 50 1 2
3466 758 42 37 1 1
3503 758 42 77 1 1
3580 758 42 83 1 1
3663 758 42 74 1 3
3737 758 42 69 1 1
3806 758 42 44 1 1
3850 758 42 41 1 1
3891 758 42 72 1 1
3963 758 42 37 1 3
2350 707 51 60 1 3
2410 707 51 70 1 3
2480 707 51 80 1 2
2560 707 51 77 1 2
2637 707 51 36 1 2
2673 707 51 60 1 2
2733 707 51 53 1 2
2786 707 51 107 1 1
2893 707 51 100 1 3
2993 707 51 88 1 2
3081 707 51 66 1 1
3147 707 51 58 1 2
3205 707 51 45 1 2
3250 707 51 64 1 1
3314 707 51 66 1 3
3380 707 51 53 1 1
3433 707 51 109 1 3
3542 707 51 60 1 2
3602 707 51 67 1 1
3669 707 51 63 1 2
3732 707 51 69 1 3
3801 707 51 47 1 2
3848 707 51 71 1 2
3919 707 51 81 1 3
2085 609 98 85 1 3
2170 609 98 53 1 3
2223 609 50 79 1 2
2223 659 48 53 1 1
2276 659 48 45 1 1
2321 659 48 39 1 2
2360 659 48 61 1 1
2421 659 48 36 1 2
2457 659 48 82 1 2
2539 659 48 54 1 2
2593 659 48 73 1 3
2666 659 48 106 1 1
2772 659 48 61 1 1
2833 659 48 73 1 2
2906 659 48 86 1 2
2992 659 48 117 1 3
3109 659 48 55 1 2
3164 659 48 44 1 2
3208 659 48 52 1 1
3260 659 48 113 1 1
3373 659 48 63 1 3
3436 659 48 74 1 3
3510 659 48 80 1 3
3590 659 48 74 1 2
3664 659 48 69 1 2
3733 659 48 70 1 3
3803 659 48 121 1 3
3924 659 48 36 1 2
3960 659 48 40 1 3
2302 609 50 109 1 2
2411 609 50 125 1 2
2536 609 50 66 1 3
2602 609 50 50 1 1
2652 609 50 143 1 3
2795 609 50 111 1 1
2906 609 50 62 1 3
2968 609 50 64 1 3
3032 609 50 96 1 2
3128 609 50 68 1 3
3196 609 50 40 1 2
3236 609 50 114 1 2
3350 609 50 60 1 3
3410 609 50 49 1 3
3459 609 50 64 1 2
3523 609 50 50 1 3
3573 609 50 36 1 3
3609 609 50 60 1 2
3669 609 50 65 1 3
3734 609 50 76 1 3
3810 609 50 55 1 3
3865 609 50 78 1 3
3943 609 50 31 1 1
3974 609 50 26 1 3
0 418 84 48 1 1
0 502 72 70 1 2
0 574 76 122 1 3
0 650 150 59 1 1
59 650 51 63 1 2
59 701 99 63 1 2
122 574 136 49 1 2
122 710 29 49 1 1
122 739 61 49 1 1
171 574 63 58 1 1
171 637 163 70 1 1
241 637 63 57 1 1
241 700 63 106 1 2
241 763 37 35 1 1
276 763 37 39 1 3
315 763 37 20 1 3
335 763 10 12 1 3
335 773 6 12 1 1
335 779 21 12 1 3
347 700 100 47 1 2
394 700 100 39 1 1
433 700 100 41 1 3
474 700 100 109 1 1
583 700 100 53 1 2
636 700 100 85 1 2
721 700 45 86 1 3
721 745 55 57 1 3
778 745 55 29 1 3
807 700 100 95 1 3
902 700 100 41 1 1
943 700 30 35 1 3
943 730 70 35 1 1
298 637 63 129 1 2
427 637 63 35 1 1
462 637 63 65 1 3
527 637 63 73 1 1
600 637 63 98 1 2
698 637 63 63 1 3
761 637 63 97 1 2
858 637 63 120 1 1
229 574 63 44 1 3
273 574 63 82 1 2
355 574 63 93 1 3
448 574 63 78 1 3
526 574 63 80 1 1
606 574 63 62 1 2
668 574 63 48 1 2
716 574 63 36 1 2
752 574 63 36 1 3
788 574 63 97 1 3
885 574 63 93 1 2
70 502 72 63 1 1
133 502 72 100 1 1
233 502 72 82 1 2
315 502 72 43 1 3
358 502 72 86 1 2
444 502 72 80 1 1
524 502 72 78 1 2
602 502 72 43 1 3
645 502 72 115 1 3
760 502 72 75 1 2
835 502 72 51 1 1
886 502 72 42 1 1
928 502 72 50 1 3
48 418 43 83 1 3
48 461 41 107 1 2
155 461 41 76 1 3
231 461 41 70 1 3
301 461 41 61 1 3
362 461 41 56 1 2
418 461 41 57 1 1
475 461 41 75 1 2
550 461 41 68 1 2
618 461 41 82 1 1
700 461 41 119 1 1
819 461 41 42 1 3
861 461 41 117 1 3
131 418 43 102 1 3
233 418 43 57 1 1
290 418 43 40 1 3
330 418 43 73 1 2
403 418 43 36 1 2
439 418 43 50 1 1
489 418 43 58 1 2
547 418 43 84 1 1
631 418 43 63 1 1
694 418 43 139 1 1
833 418 43 45 1 3
878 418 43 55 1 1
933 418 43 45 1 2
978 418 97 56 1 1
978 515 111 37 1 3
978 626 79 71 1 2
978 705 95 68 1 3
1046 705 61 60 1 1
1046 766 34 65 1 2
1111 766 34 64 1 1
1175 766 34 126 1 1
1301 766 34 85 1 1
1386 766 34 59 1 3
1445 766 34 112 1 1
1557 766 34 46 1 1
1603 766 34 72 1 3
1675 766 34 86 1 2
1761 766 34 104 1 2
1865 766 34 39 1 2
1904 766 34 24 1 3
1928 766 17 28 1 1
1928 783 17 14 1 1
1942 783 17 9 1 3
1951 783 17 5 1 3
1106 705 61 59 1 3
1165 705 61 50 1 1
1215 705 61 35 1 2
1250 705 61 51 1 1
1301 705 61 50 1 2
1351 705 61 60 1 1
1411 705 61 98 1 2
1509 705 61 130 1 2
1639 705 61 50 1 3
1689 705 61 61 1 3
1750 705 61 43 1 1
1793 705 61 54 1 1
1847 705 61 49 1 3
1896 705 61 35 1 2
1931 705 61 25 1 1
1049 626 79 139 1 3
1188 626 79 37 1 1
1225 626 79 44 1 1
1269 626 79 76 1 1
1345 626 79 37 1 3
1382 626 79 64 1 3
1446 626 79 67 1 2
1513 626 79 97 1 3
1610 626 79 52 1 3
1662 626 79 64 1 2
1726 626 79 59 1 3
1785 626 79 68 1 3
1853 626 79 35 1 1
1888 626 79 36 1 1
1924 626 16 32 1 3
1924 642 22 32 1 3
1924 664 41 32 1 3
1015 515 111 112 1 2
1127 515 111 93 1 2
1220 515 111 71 1 1
1291 515 111 44 1 1
1335 515 111 48 1 3
1383 515 111 73 1 1
1456 515 66 61 1 3
1456 581 45 70 1 2
1526 581 45 69 1 3
1595 581 45 82 1 3
1677 581 45 75 1 3
1752 581 45 82 1 1
1834 581 45 67 1 1
1901 581 45 55 1 3
1517 515 66 64 1 1
1581 515 66 83 1 2
1664 515 66 63 1 2
1727 515 66 46 1 1
1773 515 66 46 1 2
1819 515 66 71 1 3
1890 515 66 66 1 2
1034 418 97 59 1 3
1093 418 97 58 1 3
1151 418 97 45 1 2
1196 418 97 142 1 3
1338 418 97 130 1 3
1468 418 97 47 1 1
1515 418 97 72 1 3
1587 418 97 55 1 3
1642 418 97 49 1 3
1691 418 97 58 1 2
1749 418 50 77 1 1
1749 468 47 35 1 1
1784 468 47 42 1 2
1826 418 97 65 1 1
1891 418 97 65 1 2
0 0 101 50 1 3
0 101 86 50 1 2
0 187 46 50 1 2
0 233 37 26 1 1
26 233 37 24 1 2
50 0 118 44 1 3
50 118 152 44 1 1
94 0 106 93 1 3
94 106 164 84 1 3
178 106 52 95 1 1
178 158 59 87 1 1
178 217 53 69 1 1
247 217 53 133 1 1
380 217 53 54 1 2
434 217 53 146 1 1
580 217 53 73 1 2
653 217 53 76 1 3
729 217 53 102 1 1
831 217 53 49 1 1
880 217 53 63 1 1
943 217 53 166 1 3
1109 217 53 65 1 1
1174 217 53 147 1 1
1321 217 53 52 1 1
1373 217 53 68 1 1
1441 217 53 74 1 2
1515 217 53 66 1 3
1581 217 53 90 1 1
1671 217 53 68 1 2
1739 217 53 62 1 2
1801 217 53 51 1 2
1852 217 53 56 1 2
1908 217 53 61 1 2
1969 217 53 29 1 2
1998 217 9 16 1 3
1998 226 28 16 1 1
1998 254 16 16 1 1
265 158 59 70 1 3
335 158 59 41 1 2
376 158 59 59 1 2
435 158 59 103 1 1
538 158 59 99 1 3
637 158 59 110 1 1
747 158 59 59 1 2
806 158 59 103 1 3
909 158 59 54 1 3
963 158 59 171 1 3
1134 158 59 68 1 2
1202 158 59 59 1 3
1261 158 59 61 1 2
1322 158 59 114 1 1
1436 158 59 138 1 2
1574 158 59 71 1 2
1645 158 59 48 1 1
1693 158 59 125 1 2
1818 158 59 119 1 2
1937 158 59 41 1 1
1978 158 36 36 1 1
1978 194 23 17 1 3
1995 194 23 19 1 1
273 106 52 80 1 2
353 106 52 81 1 3
434 106 52 46 1 3
480 106 52 74 1 2
554 106 52 168 1 3
722 106 52 93 1 3
815 106 52 94 1 2
909 106 52 163 1 3
1072 106 52 66 1 3
1138 106 52 49 1 3
1187 106 52 94 1 2
1281 106 52 48 1 1
1329 106 52 80 1 3
1409 106 52 70 1 1
1479 106 52 74 1 3
1553 106 52 72 1 2
1625 106 52 55 1 2
1680 106 52 68 1 2
1748 106 52 53 1 1
1801 106 52 67 1 1
1868 106 52 82 1 3
1950 106 52 33 1 3
1983 106 52 31 1 3
187 0 106 55 1 2
242 0 106 103 1 2
345 0 106 71 1 1
416 0 106 84 1 3
500 0 106 71 1 1
571 0 106 69 1 3
640 0 106 66 1 3
706 0 106 82 1 1
788 0 106 130 1 3
918 0 50 99 1 3
918 50 56 57 1 2
975 50 56 70 1 2
1045 50 56 107 1 2
1152 50 56 41 1 2
1193 50 56 164 1 2
1357 50 56 91 1 3
1448 50 56 46 1 3
1494 50 56 77 1 1
1571 50 56 85 1 2
1656 50 56 81 1 2
1737 50 56 104 1 2
1841 50 56 85 1 3
1926 50 56 88 1 3
1017 0 50 158 1 3
1175 0 50 87 1 1
1262 0 50 54 1 2
1316 0 50 45 1 1
1361 0 50 99 1 2
1460 0 50 97 1 2
1557 0 50 57 1 1
1614 0 50 41 1 2
1655 0 50 120 1 3
1775 0 50 59 1 1
1834 0 50 72 1 3
1906 0 50 108 1 2
0 270 270 68 1 3
68 270 77 66 1 1
68 347 80 86 1 1
68 427 113 103 1 2
171 427 113 80 1 2
251 427 113 66 1 3
317 427 113 72 1 3
389 427 113 69 1 1
458 427 113 51 1 3
509 427 113 41 1 2
550 427 113 119 1 2
669 427 60 104 1 3
669 487 53 61 1 3
730 487 53 115 1 2
845 487 53 78 1 1
923 487 53 73 1 2
996 487 53 141 1 1
1137 487 53 97 1 2
1234 487 53 71 1 2
1305 487 53 68 1 3
1373 487 53 42 1 3
1415 487 53 80 1 2
1495 487 53 136 1 3
1631 487 53 85 1 3
1716 487 53 162 1 1
1878 487 53 54 1 3
1932 487 53 40 1 3
1972 487 53 42 1 2
773 427 60 41 1 3
814 427 60 168 1 2
982 427 60 41 1 1
1023 427 60 96 1 1
1119 427 60 160 1 3
1279 427 60 161 1 3
1440 427 60 65 1 1
1505 427 60 67 1 3
1572 427 60 64 1 1
1636 427 60 158 1 2
1794 427 60 74 1 1
1868 427 60 48 1 1
1916 427 60 49 1 1
1965 427 60 49 1 3
154 347 80 52 1 1
206 347 80 113 1 1
319 347 80 72 1 2
391 347 80 61 1 1
452 347 80 96 1 3
548 347 80 68 1 3
616 347 80 45 1 3
661 347 80 49 1 3
710 347 80 99 1 1
809 347 80 50 1 1
859 347 80 109 1 3
968 347 80 98 1 1
1066 347 80 137 1 1
1203 347 80 72 1 1
1275 347 80 126 1 2
1401 347 80 77 1 3
1478 347 80 82 1 2
1560 347 80 141 1 3
1701 347 80 92 1 1
1793 347 80 110 1 2
1903 347 80 46 1 2
1949 347 53 65 1 1
1949 400 27 27 1 3
1976 400 27 38 1 2
134 270 50 99 1 1
134 320 27 44 1 1
178 320 27 112 1 3
290 320 27 144 1 1
434 320 27 52 1 2
486 320 27 104 1 2
590 320 27 80 1 1
670 320 27 76 1 1
746 320 27 91 1 3
837 320 27 93 1 3
930 320 27 89 1 2
1019 320 27 108 1 2
1127 320 27 71 1 2
1198 320 27 63 1 1
1261 320 27 84 1 1
1345 320 27 143 1 1
1488 320 27 91 1 3
1579 320 27 47 1 1
1626 320 27 77 1 3
1703 320 27 51 1 1
1754 320 27 104 1 1
1858 320 27 55 1 3
1913 320 27 65 1 3
1978 320 27 36 1 2
233 270 50 133 1 2
366 270 50 73 1 3
439 270 50 52 1 1
491 270 50 65 1 3
556 270 50 49 1 1
605 270 50 67 1 1
672 270 50 48 1 2
720 270 50 64 1 1
784 270 50 83 1 1
867 270 50 64 1 3
931 270 50 43 1 1
974 270 50 154 1 3
1128 270 50 125 1 3
1253 270 50 87 1 3
1340 270 50 61 1 1
1401 270 50 67 1 3
1468 270 50 74 1 1
1542 270 50 71 1 1
1613 270 50 46 1 3
1659 270 50 136 1 1
1795 270 50 65 1 1
1860 270 50 85 1 1
1945 270 50 69 1 2
2014 0 96 105 1 2
2014 96 88 105 1 3
2014 184 126 61 1 1
2014 310 46 61 1 1
2014 356 40 61 1 1
2014 396 77 61 1 1
2014 473 67 37 1 3
2051 473 40 24 1 3
2051 513 27 24 1 1
2075 184 78 44 1 2
2075 262 120 44 1 3
2075 382 48 44 1 1
2075 430 110 44 1 2
2119 0 182 67 1 2
2119 182 195 76 1 2
2119 377 163 41 1 1
2160 377 61 35 1 1
2160 438 29 35 1 1
2160 467 73 35 1 2
2195 182 74 70 1 1
2195 256 119 43 1 1
2195 375 165 70 1 3
2238 256 18 27 1 2
2238 274 101 27 1 2
2265 182 108 113 1 2
2265 290 103 137 1 2
2265 393 147 70 1 2
2335 393 147 67 1 1
2402 290 84 164 1 1
2402 374 166 42 1 1
2444 374 166 52 1 3
2496 374 166 70 1 2
2566 374 166 82 1 2
2648 374 166 49 1 1
2697 374 166 73 1 2
2770 374 166 72 1 3
2566 290 84 75 1 3
2641 290 84 201 1 2
2378 182 108 51 1 3
2429 182 108 134 1 3
2563 182 65 89 1 1
2563 247 43 103 1 1
2666 247 43 45 1 1
2711 247 43 60 1 1
2771 247 43 35 1 2
2806 247 43 36 1 3
2652 182 65 62 1 1
2714 182 65 71 1 2
2785 182 65 57 1 3
2186 0 182 56 1 2
2242 0 182 41 1 2
2283 0 114 127 1 1
2283 114 68 48 1 1
2331 114 68 48 1 3
2379 114 68 31 1 1
2410 0 182 68 1 2
2478 0 182 71 1 2
2549 0 182 62 1 3
2611 0 67 116 1 2
2611 67 75 139 1 2
2611 142 40 95 1 2
2706 142 40 68 1 1
2774 142 40 33 1 2
2807 142 26 35 1 1
2807 168 14 13 1 1
2820 168 14 12 1 3
2832 168 7 10 1 2
2832 175 7 10 1 3
2750 67 75 47 1 3
2797 67 75 45 1 2
2727 0 67 115 1 3
2842 0 161 73 1 1
2842 161 191 73 1 3
2842 352 188 73 1 3
2915 0 134 103 1 3
2915 134 208 70 1 3
2915 342 65 76 1 3
2915 407 133 46 1 3
2961 407 133 52 1 1
3013 407 59 94 1 1
3013 466 74 94 1 3
3107 407 133 80 1 2
3187 407 133 75 1 1
3262 407 133 154 1 2
3416 407 133 65 1 3
3481 407 61 80 1 1
3481 468 72 88 1 2
3569 468 72 49 1 3
3618 468 72 52 1 1
3561 407 61 50 1 2
3611 407 34 59 1 3
3611 441 27 27 1 1
3638 441 27 32 1 3
2991 342 65 49 1 3
3040 342 65 75 1 1
3115 342 65 130 1 1
3245 342 65 54 1 3
3299 342 65 79 1 2
3378 342 65 63 1 2
3441 342 65 90 1 3
3531 342 65 48 1 2
3579 342 65 41 1 1
3620 342 36 50 1 1
3620 378 29 25 1 3
3645 378 29 25 1 1
2985 134 131 66 1 2
2985 265 77 74 1 1
3059 265 77 56 1 3
3115 265 77 86 1 3
3201 265 77 99 1 3
3300 265 77 65 1 2
3365 265 77 68 1 3
3433 265 77 49 1 2
3482 265 77 52 1 3
3534 265 77 136 1 3
3051 134 131 59 1 2
3110 134 131 87 1 3
3197 134 78 67 1 1
3197 212 53 42 1 2
3239 212 53 71 1 1
3310 212 53 55 1 3
3365 212 53 140 1 2
3505 212 53 80 1 1
3585 212 53 45 1 2
3630 212 53 40 1 3
3264 134 78 56 1 1
3320 134 78 50 1 2
3370 134 78 41 1 2
3411 134 78 89 1 3
3500 134 78 104 1 2
3604 134 78 42 1 2
3646 134 78 24 1 3
3018 0 134 46 1 3
3064 0 134 46 1 1
3110 0 134 154 1 1
3264 0 134 71 1 3
3335 0 134 79 1 1
3414 0 85 137 1 1
3414 85 49 104 1 3
3518 85 49 76 1 3
3594 85 49 37 1 1
3631 85 49 39 1 3
3551 0 85 54 1 2
3605 0 85 65 1 1
2014 540 146 58 1 2
2014 686 83 163 1 3
2014 769 101 67 1 3
2081 769 101 62 1 3
2143 769 101 48 1 2
2191 769 101 159 1 3
2350 769 64 125 1 1
2350 833 37 41 1 3
2391 833 37 38 1 2
2429 833 37 46 1 2
2475 769 101 71 1 2
2546 769 101 67 1 3
2613 769 61 113 1 2
2613 830 40 113 1 1
2726 769 101 119 1 3
2845 769 101 108 1 1
2953 769 101 59 1 3
3012 769 101 71 1 3
3083 769 101 74 1 2
3157 769 101 79 1 2
3236 769 101 136 1 1
3372 769 101 64 1 1
3436 769 101 77 1 3
3513 769 101 57 1 2
3570 769 101 54 1 1
3624 769 58 46 1 1
3624 827 43 26 1 3
3650 827 10 20 1 3
3650 837 33 20 1 1
2177 686 83 112 1 2
2289 686 83 65 1 3
2354 686 83 110 1 2
2464 686 83 43 1 1
2507 686 83 57 1 1
2564 686 50 99 1 2
2564 736 33 47 1 1
2611 736 33 24 1 1
2635 736 33 18 1 3
2653 736 33 10 1 2
2663 686 83 71 1 2
2734 686 83 79 1 2
2813 686 83 68 1 2
2881 686 83 74 1 1
2955 686 83 92 1 2
3047 686 83 51 1 2
3098 686 83 74 1 2
3172 686 83 121 1 3
3293 686 83 67 1 2
3360 686 83 77 1 3
3437 686 83 95 1 3
3532 686 83 57 1 2
3589 686 83 81 1 1
2072 540 146 74 1 1
2146 540 70 117 1 3
2146 610 76 117 1 2
2263 540 146 71 1 2
2334 540 146 76 1 3
2410 540 75 137 1 2
2410 615 71 48 1 3
2458 615 71 56 1 1
2514 615 71 81 1 3
2595 615 71 45 1 1
2640 615 71 103 1 2
2743 615 71 67 1 2
2810 615 71 105 1 3
2915 615 71 65 1 3
2980 615 71 71 1 1
3051 615 71 75 1 2
3126 615 71 50 1 3
3176 615 71 71 1 1
3247 615 71 65 1 1
3312 615 71 51 1 1
3363 615 71 154 1 3
3517 615 71 69 1 1
3586 615 71 53 1 2
3639 615 18 31 1 1
3639 633 53 31 1 3
2547 540 75 44 1 1
2591 540 75 61 1 2
2652 540 75 57 1 3
2709 540 75 58 1 1
2767 540 75 69 1 2
2836 540 75 127 1 2
2963 540 75 56 1 1
3019 540 75 74 1 3
3093 540 75 97 1 1
3190 540 75 64 1 2
3254 540 75 72 1 3
3326 540 75 68 1 3
3394 540 75 81 1 3
3475 540 75 58 1 1
3533 540 75 69 1 1
3602 540 75 45 1 1
3647 540 75 23 1 3
2014 870 133 64 1 1
2014 1003 120 64 1 2
2014 1123 32 64 1 3
2014 1155 45 64 1 2
2078 870 187 73 1 3
2078 1057 143 52 1 1
2130 1057 143 66 1 1
2196 1057 143 69 1 2
2265 1057 89 93 1 1
2265 1146 54 51 1 2
2316 1146 54 70 1 1
2386 1146 54 73 1 3
2459 1146 54 109 1 1
2568 1146 54 53 1 2
2621 1146 54 69 1 2
2690 1146 54 41 1 2
2731 1146 54 90 1 1
2821 1146 54 117 1 2
2938 1146 54 164 1 1
3102 1146 54 74 1 2
3176 1146 54 57 1 3
3233 1146 54 68 1 3
3301 1146 54 108 1 1
3409 1146 54 43 1 3
3452 1146 54 52 1 3
3504 1146 54 87 1 2
3591 1146 54 39 1 1
3630 1146 54 40 1 2
2358 1057 89 79 1 2
2437 1057 89 66 1 1
2503 1057 89 51 1 2
2554 1057 89 73 1 1
2627 1057 89 81 1 1
2708 1057 89 114 1 2
2822 1057 89 72 1 2
2894 1057 89 70 1 1
2964 1057 89 45 1 3
3009 1057 89 85 1 3
3094 1057 89 47 1 2
3141 1057 89 148 1 2
3289 1057 89 133 1 1
3422 1057 89 46 1 3
3468 1057 89 66 1 3
3534 1057 89 84 1 2
3618 1057 89 52 1 1
2151 870 55 98 1 2
2151 925 132 112 1 2
2263 925 132 84 1 2
2347 925 132 71 1 3
2418 925 132 123 1 1
2541 925 132 146 1 3
2687 925 132 85 1 1
2772 925 132 79 1 3
2851 925 132 63 1 3
2914 925 132 74 1 3
2988 925 132 109 1 2
3097 925 132 54 1 3
3151 925 132 60 1 2
3211 925 132 60 1 2
3271 925 132 84 1 3
3355 925 132 45 1 3
3400 925 132 81 1 2
3481 925 132 43 1 2
3524 925 132 51 1 2
3575 925 132 60 1 3
3635 925 19 35 1 3
3635 944 31 35 1 2
3635 975 82 35 1 1
2249 870 55 121 1 2
2370 870 55 58 1 3
2428 870 55 128 1 1
2556 870 55 63 1 2
2619 870 55 43 1 3
2662 870 55 69 1 1
2731 870 55 77 1 3
2808 870 55 59 1 2
2867 870 55 107 1 2
2974 870 55 63 1 2
3037 870 55 65 1 2
3102 870 55 87 1 2
3189 870 55 85 1 2
3274 870 55 61 1 3
3335 870 55 51 1 2
3386 870 55 161 1 2
3547 870 55 52 1 2
3599 870 36 71 1 3
3599 906 19 71 1 2
0 540 77 154 1 2
0 617 92 57 1 3
0 709 64 57 1 2
0 773 143 57 1 2
0 916 170 57 1 2
0 1086 114 57 1 1
57 617 48 97 1 2
57 665 48 97 1 3
57 713 165 97 1 1
57 878 131 50 1 1
57 1009 191 50 1 2
107 878 127 47 1 2
107 1005 127 47 1 1
107 1132 68 47 1 1
154 540 72 69 1 2
154 612 54 69 1 3
154 666 120 40 1 3
154 786 58 40 1 3
154 844 89 40 1 3
154 933 117 40 1 3
154 1050 150 40 1 1
194 666 80 29 1 2
194 746 16 29 1 3
194 762 63 29 1 1
194 825 86 29 1 3
194 911 28 29 1 1
194 939 15 29 1 2
194 954 45 29 1 1
194 999 84 29 1 1
194 1083 72 29 1 2
194 1155 45 29 1 3
223 540 141 103 1 2
223 681 134 103 1 1
223 815 171 58 1 3
223 986 214 57 1 2
280 986 124 46 1 1
280 1110 90 46 1 1
281 815 37 45 1 1
281 852 65 45 1 2
281 917 34 45 1 1
281 951 35 23 1 1
304 951 35 22 1 3
326 540 120 42 1 3
326 660 166 57 1 1
326 826 82 57 1 3
326 908 59 57 1 2
326 967 37 57 1 3
326 1004 64 57 1 1
326 1068 132 57 1 1
383 660 162 55 1 1
383 822 138 89 1 1
383 960 50 99 1 1
383 1010 74 99 1 1
383 1084 116 99 1 3
482 960 118 42 1 2
482 1078 122 42 1 3
524 960 119 118 1 3
524 1079 121 43 1 2
567 1079 121 61 1 2
628 1079 121 68 1 3
696 1079 121 134 1 3
830 1079 121 177 1 1
642 960 119 96 1 3
738 960 119 66 1 3
804 960 119 124 1 3
928 960 66 79 1 1
928 1026 53 79 1 1
472 822 89 162 1 2
472 911 49 42 1 2
514 911 49 44 1 3
558 911 49 76 1 2
634 822 138 75 1 2
709 822 138 124 1 1
833 822 138 64 1 3
897 822 138 70 1 2
967 822 138 40 1 1
438 660 162 54 1 3
492 660 162 103 1 2
595 660 162 45 1 3
640 660 105 52 1 2
640 765 57 117 1 2
757 765 57 46 1 1
803 765 57 45 1 1
848 765 57 104 1 3
952 765 57 55 1 2
692 660 105 47 1 2
739 660 105 59 1 1
798 660 105 56 1 2
854 660 105 80 1 1
934 660 105 73 1 1
368 540 56 104 1 1
368 596 64 104 1 3
472 540 120 71 1 1
543 540 120 49 1 1
592 540 78 145 1 3
592 618 42 76 1 1
668 618 42 79 1 1
747 618 42 91 1 1
838 618 42 42 1 1
880 618 42 81 1 2
961 618 42 46 1 3
737 540 78 48 1 3
785 540 78 87 1 2
872 540 78 49 1 3
921 540 78 86 1 1
1007 540 106 48 1 3
1007 646 83 108 1 3
1007 729 54 108 1 3
1007 783 146 61 1 3
1007 929 32 61 1 1
1007 961 40 61 1 3
1007 1001 31 61 1 3
1007 1032 71 61 1 1
1007 1103 97 61 1 2
1068 783 141 47 1 1
1068 924 24 47 1 1
1068 948 63 47 1 1
1068 1011 189 47 1 2
1115 646 99 139 1 2
1115 745 187 65 1 1
1115 932 115 65 1 2
1115 1047 84 65 1 3
1115 1131 69 39 1 3
1154 1131 69 26 1 2
1180 745 69 119 1 1
1180 814 206 70 1 2
1180 1020 180 62 1 1
1242 1020 73 57 1 3
1242 1093 107 57 1 2
1250 814 106 49 1 3
1250 920 100 49 1 1
1299 745 157 67 1 3
1299 902 54 105 1 1
1299 956 109 121 1 1
1299 1065 135 128 1 1
1427 1065 73 141 1 1
1427 1138 62 122 1 3
1549 1138 62 44 1 3
1593 1138 62 70 1 2
1663 1138 62 63 1 1
1726 1138 62 109 1 2
1835 1138 62 62 1 3
1897 1138 62 117 1 1
1568 1065 73 42 1 3
1610 1065 73 93 1 2
1703 1065 73 100 1 2
1803 1065 73 79 1 1
1882 1065 73 132 1 1
1420 956 109 116 1 2
1536 956 109 167 1 1
1703 956 109 67 1 3
1770 956 109 65 1 2
1835 956 109 70 1 2
1905 956 109 62 1 3
1967 956 71 47 1 2
1967 1027 38 47 1 2
1404 902 54 153 1 2
1557 902 54 45 1 1
1602 902 54 97 1 1
1699 902 54 163 1 2
1862 902 54 152 1 3
1366 745 157 68 1 3
1434 745 157 75 1 1
1509 745 157 87 1 2
1596 745 83 121 1 2
1596 828 74 75 1 2
1671 828 74 81 1 2
1752 828 74 74 1 2
1826 828 74 85 1 3
1911 828 74 57 1 1
1968 828 23 46 1 2
1968 851 51 29 1 1
1997 851 14 17 1 3
1997 865 37 17 1 2
1717 745 54 92 1 1
1717 799 29 92 1 1
1809 745 83 70 1 2
1879 745 83 80 1 3
1959 745 83 55 1 1
1254 646 99 72 1 2
1326 646 99 117 1 2
1443 646 99 70 1 3
1513 646 99 45 1 2
1558 646 99 99 1 1
1657 646 99 68 1 2
1725 646 99 71 1 2
1796 646 99 218 1 3
1055 540 106 84 1 3
1139 540 106 61 1 1
1200 540 106 117 1 3
1317 540 106 80 1 2
1397 540 106 78 1 3
1475 540 106 120 1 3
1595 540 106 64 1 3
1659 540 106 170 1 3
1829 540 106 48 1 2
1877 540 106 137 1 2
0 0 125 123 0.5 2
0 125 203 79 0.5 1
79 125 43 44 0.5 2
79 168 160 44 0.5 1
123 0 70 115 0.5 2
123 70 70 115 0.5 1
123 140 188 115 0.5 1
238 0 123 115 0.5 1
238 123 205 54 0.5 2
292 123 205 77 0.5 1
369 123 205 67 0.5 3
436 123 70 108 0.5 1
436 193 135 48 0.5 3
484 193 135 60 0.5 1
544 123 205 54 0.5 1
598 123 71 87 0.5 1
598 194 134 97 0.5 2
695 194 134 180 0.5 2
875 194 134 161 0.5 1
1036 194 134 73 0.5 1
1109 194 134 83 0.5 2
1192 194 134 90 0.5 1
1282 194 134 47 0.5 2
1329 194 134 138 0.5 2
1467 194 60 121 0.5 3
1467 254 74 167 0.5 2
1634 254 74 114 0.5 3
1748 254 74 91 0.5 3
1839 254 74 104 0.5 2
1943 254 74 170 0.5 1
2113 254 74 62 0.5 3
2175 254 74 52 0.5 2
2227 254 74 61 0.5 2
2288 254 74 62 0.5 3
1588 194 60 98 0.5 3
1686 194 60 86 0.5 2
1772 194 60 63 0.5 3
1835 194 60 109 0.5 2
1944 194 60 142 0.5 1
2086 194 60 150 0.5 1
2236 194 60 71 0.5 3
2307 194 60 43 0.5 1
685 123 71 108 0.5 3
793 123 71 77 0.5 1
870 123 71 57 0.5 1
927 123 71 165 0.5 2
1092 123 71 142 0.5 2
1234 123 71 55 0.5 1
1289 123 71 84 0.5 1
1373 123 71 144 0.5 3
1517 123 71 115 0.5 3
1632 123 71 78 0.5 3
1710 123 71 84 0.5 3
1794 123 71 111 0.5 2
1905 123 71 79 0.5 1
1984 123 71 80 0.5 3
2064 123 71 48 0.5 3
2112 123 71 68 0.5 1
2180 123 71 57 0.5 2
2237 123 71 113 0.5 3
353 0 123 103 0.5 3
456 0 66 95 0.5 2
456 66 57 159 0.5 3
615 66 57 89 0.5 1
704 66 57 79 0.5 1
783 66 57 159 0.5 1
942 66 57 74 0.5 2
1016 66 57 73 0.5 1
1089 66 57 106 0.5 3
1195 66 57 82 0.5 2
1277 66 57 135 0.5 3
1412 66 57 109 0.5 1
1521 66 57 62 0.5 2
1583 66 57 159 0.5 2
1742 66 57 146 0.5 1
1888 66 57 69 0.5 2
1957 66 57 48 0.5 2
2005 66 57 98 0.5 3
2103 66 57 145 0.5 3
2248 66 57 48 0.5 3
2296 66 57 54 0.5 3
551 0 66 90 0.5 1
641 0 66 54 0.5 3
695 0 66 92 0.5 3
787 0 66 46 0.5 1
833 0 66 114 0.5 1
947 0 66 85 0.5 2
1032 0 66 118 0.5 3
1150 0 66 53 0.5 2
1203 0 66 52 0.5 3
1255 0 66 111 0.5 2
1366 0 66 50 0.5 2
1416 0 66 55 0.5 2
1471 0 66 73 0.5 1
1544 0 66 85 0.5 1
1629 0 66 124 0.5 3
1753 0 66 67 0.5 1
1820 0 66 75 0.5 1
1895 0 66 137 0.5 3
2032 0 66 52 0.5 1
2084 0 66 118 0.5 3
2202 0 66 49 0.5 3
2251 0 66 46 0.5 2
2297 0 66 53 0.5 2
0 328 190 80 0.5 3
0 518 70 141 0.5 3
0 588 69 59 0.5 1
59 588 69 82 0.5 2
141 518 139 71 0.5 3
212 518 139 104 0.5 3
316 518 139 63 0.5 2
379 518 139 116 0.5 1
495 518 139 92 0.5 2
587 518 139 55 0.5 1
642 518 139 77 0.5 3
719 518 139 86 0.5 3
805 518 139 111 0.5 2
916 518 139 92 0.5 1
1008 518 139 64 0.5 3
1072 518 139 91 0.5 1
1163 518 139 57 0.5 2
1220 518 139 49 0.5 3
1269 518 139 69 0.5 1
1338 518 59 115 0.5 1
1338 577 80 54 0.5 3
1392 577 80 61 0.5 2
1453 518 80 83 0.5 2
1453 598 59 55 0.5 3
1508 598 59 125 0.5 3
1633 598 59 64 0.5 3
1697 598 59 92 0.5 3
1789 598 59 96 0.5 2
1885 598 59 83 0.5 3
1968 598 59 59 0.5 3
2027 598 59 101 0.5 3
2128 598 59 115 0.5 3
2243 598 59 67 0.5 1
2310 598 59 40 0.5 3
1536 518 80 139 0.5 3
1675 518 80 69 0.5 2
1744 518 80 62 0.5 1
1806 518 80 85 0.5 2
1891 518 80 87 0.5 2
1978 518 80 90 0.5 3
2068 518 80 103 0.5 1
2171 518 80 68 0.5 1
2239 518 80 72 0.5 3
2311 518 31 39 0.5 2
2311 549 25 39 0.5 1
2311 574 24 23 0.5 1
2334 574 24 16 0.5 1
80 328 106 165 0.5 3
80 434 84 55 0.5 3
135 434 84 162 0.5 2
297 434 84 49 0.5 1
346 434 84 82 0.5 3
428 434 84 88 0.5 2
516 434 84 53 0.5 3
569 434 84 80 0.5 1
649 434 84 53 0.5 2
702 434 84 184 0.5 1
886 434 84 68 0.5 1
954 434 84 125 0.5 1
1079 434 84 73 0.5 3
1152 434 84 57 0.5 3
1209 434 84 143 0.5 2
1352 434 84 86 0.5 3
1438 434 84 143 0.5 1
1581 434 84 49 0.5 3
1630 434 84 155 0.5 1
1785 434 84 139 0.5 2
1924 434 84 100 0.5 2
2024 434 84 154 0.5 3
2178 434 84 84 0.5 2
2262 434 84 50 0.5 2
2312 434 84 38 0.5 2
245 328 106 71 0.5 2
316 328 106 159 0.5 3
475 328 106 129 0.5 3
604 328 106 47 0.5 2
651 328 106 79 0.5 2
730 328 106 89 0.5 1
819 328 56 112 0.5 3
819 384 50 61 0.5 1
880 384 32 51 0.5 1
880 416 18 17 0.5 3
897 416 18 15 0.5 3
912 416 18 19 0.5 1
931 328 106 59 0.5 1
990 328 106 64 0.5 2
1054 328 106 84 0.5 2
1138 328 106 87 0.5 1
1225 328 106 108 0.5 1
1333 328 106 174 0.5 1
1507 328 106 48 0.5 1
1555 328 106 80 0.5 1
1635 328 106 64 0.5 3
1699 328 106 89 0.5 1
1788 328 106 93 0.5 2
1881 328 106 122 0.5 1
2003 328 106 73 0.5 1
2076 328 106 135 0.5 2
2211 328 106 139 0.5 3
2350 0 103 117 0.5 3
2350 103 211 87 0.5 3
2350 314 148 50 0.5 2
2350 462 125 50 0.5 2
2350 587 26 50 0.5 1
2350 613 44 50 0.5 1
2400 314 109 37 0.5 2
2400 423 95 37 0.5 3
2400 518 77 37 0.5 2
2400 595 26 37 0.5 2
2400 621 36 37 0.5 3
2437 103 152 52 0.5 2
2437 255 138 74 0.5 1
2437 393 106 145 0.5 2
2437 499 158 56 0.5 2
2493 499 158 53 0.5 1
2546 499 27 36 0.5 3
2546 526 131 36 0.5 1
2582 393 153 118 0.5 2
2582 546 111 77 0.5 2
2659 546 111 46 0.5 1
2705 546 111 72 0.5 2
2777 546 111 81 0.5 2
2858 546 111 145 0.5 3
3003 546 111 55 0.5 3
3058 546 111 52 0.5 1
3110 546 111 78 0.5 2
3188 546 111 80 0.5 2
3268 546 111 120 0.5 2
3388 546 111 60 0.5 1
3448 546 111 57 0.5 3
2700 393 153 123 0.5 2
2823 393 62 112 0.5 2
2823 455 91 168 0.5 2
2991 455 91 138 0.5 3
3129 455 91 97 0.5 1
3226 455 91 104 0.5 3
3330 455 91 73 0.5 2
3403 455 91 102 0.5 1
2935 393 62 177 0.5 2
3112 393 62 79 0.5 1
3191 393 62 66 0.5 3
3257 393 62 68 0.5 1
3325 393 62 49 0.5 1
3374 393 62 86 0.5 1
3460 393 27 45 0.5 3
3460 420 35 45 0.5 1
2511 255 138 125 0.5 3
2636 255 64 98 0.5 3
2636 319 74 97 0.5 1
2733 319 74 72 0.5 3
2805 319 74 75 0.5 3
2880 319 74 140 0.5 2
3020 319 74 149 0.5 3
3169 319 74 48 0.5 2
3217 319 74 106 0.5 1
3323 319 74 89 0.5 1
3412 319 46 93 0.5 1
3412 365 28 93 0.5 1
2734 255 64 146 0.5 2
2880 255 64 172 0.5 2
3052 255 64 63 0.5 3
3115 255 64 151 0.5 1
3266 255 64 101 0.5 1
3367 255 64 138 0.5 2
2489 103 152 62 0.5 1
2551 103 152 167 0.5 2
2718 103 152 59 0.5 1
2777 103 73 111 0.5 2
2777 176 79 111 0.5 1
2888 103 152 123 0.5 2
3011 103 97 113 0.5 1
3011 200 55 51 0.5 3
3062 200 55 62 0.5 3
3124 103 96 172 0.5 2
3124 199 56 46 0.5 2
3170 199 56 126 0.5 1
3296 103 152 81 0.5 2
3377 103 152 128 0.5 1
2467 0 103 143 0.5 1
2610 0 103 87 0.5 1
2697 0 103 78 0.5 1
2775 0 103 52 0.5 2
2827 0 103 63 0.5 2
2890 0 57 111 0.5 1
2890 57 46 67 0.5 3
2957 57 46 86 0.5 3
3043 57 46 185 0.5 1
3228 57 46 86 0.5 1
3314 57 46 114 0.5 1
3428 57 46 77 0.5 1
3001 0 57 62 0.5 3
3063 0 57 62 0.5 1
3125 0 57 79 0.5 2
3204 0 57 118 0.5 1
3322 0 57 48 0.5 2
3370 0 57 135 0.5 3
3505 0 233 78 0.5 3
3505 233 127 78 0.5 3
3505 360 128 78 0.5 3
3505 488 169 78 0.5 1
3583 0 75 112 0.5 1
3583 75 146 53 0.5 2
3583 221 61 53 0.5 1
3583 282 105 53 0.5 2
3583 387 94 53 0.5 3
3583 481 29 53 0.5 1
3583 510 42 53 0.5 2
3583 552 105 53 0.5 1
3636 75 152 59 0.5 3
3636 227 110 59 0.5 1
3636 337 151 59 0.5 3
3636 488 169 59 0.5 2
3695 0 120 87 0.5 1
3695 120 95 101 0.5 2
3695 215 167 75 0.5 1
3695 382 275 71 0.5 1
3766 382 105 66 0.5 2
3766 487 69 103 0.5 3
3766 556 101 51 0.5 3
3817 556 101 101 0.5 2
3918 556 101 66 0.5 3
3984 556 101 163 0.5 1
4147 556 101 49 0.5 1
4196 556 60 105 0.5 3
4196 616 41 55 0.5 2
4251 616 26 50 0.5 1
4251 642 15 16 0.5 3
4267 642 15 20 0.5 3
4287 642 15 14 0.5 1
4301 556 101 74 0.5 1
4375 556 101 81 0.5 3
4456 556 101 95 0.5 2
4551 556 101 53 0.5 2
4604 556 101 56 0.5 1
3869 487 69 123 0.5 2
3992 487 69 85 0.5 1
4077 487 69 110 0.5 3
4187 487 69 57 0.5 2
4244 487 69 60 0.5 2
4304 487 69 164 0.5 1
4468 487 69 62 0.5 1
4530 487 69 130 0.5 1
3832 382 105 160 0.5 2
3992 382 105 106 0.5 2
4098 382 105 52 0.5 2
4150 382 105 145 0.5 3
4295 382 105 94 0.5 1
4389 382 105 52 0.5 1
4441 382 105 76 0.5 1
4517 382 105 64 0.5 3
4581 382 62 79 0.5 3
4581 444 43 34 0.5 2
4615 444 22 45 0.5 3
4615 466 21 20 0.5 1
4635 466 21 14 0.5 3
4649 466 6 11 0.5 3
4649 472 7 11 0.5 1
4649 479 8 5 0.5 2
4654 479 8 6 0.5 1
3770 215 167 52 0.5 1
3822 215 66 101 0.5 2
3822 281 101 78 0.5 3
3900 281 101 143 0.5 2
4043 281 101 87 0.5 2
4130 281 101 50 0.5 2
4180 281 101 111 0.5 1
4291 281 101 76 0.5 3
4367 281 101 58 0.5 1
4425 281 101 149 0.5 3
4574 281 43 86 0.5 2
4574 324 58 86 0.5 1
3923 215 66 64 0.5 1
3987 215 66 115 0.5 1
4102 215 66 78 0.5 3
4180 215 66 117 0.5 1
4297 215 66 72 0.5 1
4369 215 66 119 0.5 3
4488 215 66 96 0.5 2
4584 215 66 49 0.5 2
4633 215 42 27 0.5 1
4633 257 24 27 0.5 3
3796 120 95 84 0.5 1
3880 120 95 117 0.5 1
3997 120 95 102 0.5 2
4099 120 95 107 0.5 3
4206 120 95 116 0.5 2
4322 120 95 102 0.5 2
4424 120 95 97 0.5 3
4521 120 95 85 0.5 2
4606 120 95 54 0.5 2
3782 0 120 56 0.5 3
3838 0 120 59 0.5 3
3897 0 120 49 0.5 3
3946 0 120 73 0.5 3
4019 0 76 128 0.5 3
4019 76 44 50 0.5 2
4069 76 44 78 0.5 2
4147 0 120 74 0.5 1
4221 0 120 85 0.5 2
4306 0 120 46 0.5 3
4352 0 120 191 0.5 2
4543 0 120 62 0.5 1
4605 0 120 55 0.5 1
2350 657 153 99 0.5 2
2350 810 118 59 0.5 1
2409 810 52 40 0.5 3
2409 862 23 40 0.5 1
2409 885 43 25 0.5 1
2434 885 43 15 0.5 2
2449 657 169 58 0.5 2
2449 826 32 58 0.5 1
2449 858 37 58 0.5 2
2449 895 33 58 0.5 3
2507 657 116 152 0.5 2
2507 773 155 96 0.5 1
2603 773 96 84 0.5 2
2603 869 59 78 0.5 2
2681 869 59 61 0.5 3
2742 869 59 49 0.5 1
2791 869 59 108 0.5 2
2899 869 59 79 0.5 2
2978 869 59 120 0.5 2
3098 869 59 88 0.5 3
3186 869 59 74 0.5 3
3260 869 59 58 0.5 2
3318 869 59 79 0.5 3
3397 869 59 90 0.5 3
3487 869 59 78 0.5 3
3565 869 59 80 0.5 3
3645 869 59 75 0.5 1
3720 869 59 47 0.5 3
3767 869 59 67 0.5 3
3834 869 59 79 0.5 3
3913 869 59 60 0.5 2
3973 869 59 59 0.5 1
4032 869 59 122 0.5 2
4154 869 59 71 0.5 1
4225 869 59 76 0.5 3
4301 869 59 75 0.5 2
4376 869 59 111 0.5 2
4487 869 59 66 0.5 1
4553 869 59 46 0.5 1
4599 869 59 61 0.5 1
2687 773 96 80 0.5 3
2767 773 60 117 0.5 1
2767 833 36 40 0.5 1
2807 833 36 32 0.5 2
2839 833 36 29 0.5 2
2868 833 36 16 0.5 3
2884 773 59 114 0.5 1
2884 832 37 123 0.5 3
3007 832 37 54 0.5 3
3061 832 37 83 0.5 1
3144 832 37 65 0.5 2
3209 832 37 66 0.5 3
3275 832 37 136 0.5 1
3411 832 37 133 0.5 1
3544 832 37 69 0.5 2
3613 832 37 55 0.5 1
3668 832 37 154 0.5 2
3822 832 37 52 0.5 1
3874 832 37 53 0.5 2
3927 832 37 88 0.5 1
4015 832 37 55 0.5 2
4070 832 37 112 0.5 1
4182 832 37 71 0.5 1
4253 832 37 49 0.5 2
4302 832 37 65 0.5 2
4367 832 37 54 0.5 3
4421 832 37 99 0.5 3
4520 832 37 42 0.5 2
4562 832 37 36 0.5 2
4598 832 37 33 0.5 2
4631 832 37 29 0.5 3
2998 773 59 171 0.5 1
3169 773 59 61 0.5 3
3230 773 59 82 0.5 2
3312 773 59 93 0.5 1
3405 773 59 54 0.5 3
3459 773 59 64 0.5 1
3523 773 59 144 0.5 1
3667 773 59 72 0.5 1
3739 773 59 62 0.5 2
3801 773 59 52 0.5 3
3853 773 59 170 0.5 3
4023 773 59 54 0.5 1
4077 773 59 64 0.5 3
4141 773 59 141 0.5 1
4282 773 59 124 0.5 3
4406 773 59 59 0.5 2
4465 773 59 124 0.5 2
4589 773 59 43 0.5 3
4632 773 59 28 0.5 3
2659 657 116 124 0.5 3
2783 657 116 70 0.5 1
2853 657 116 78 0.5 2
2931 657 116 104 0.5 2
3035 657 116 101 0.5 3
3136 657 116 130 0.5 2
3266 657 116 155 0.5 1
3421 657 116 70 0.5 2
3491 657 116 51 0.5 1
3542 657 116 155 0.5 2
3697 657 116 76 0.5 2
3773 657 116 81 0.5 2
3854 657 116 73 0.5 2
3927 657 116 153 0.5 2
4080 657 116 193 0.5 3
4273 657 116 70 0.5 3
4343 657 116 116 0.5 1
4459 657 116 132 0.5 1
4591 657 34 69 0.5 2
4591 691 34 69 0.5 1
4591 725 48 38 0.5 3
4629 725 48 31 0.5 3
2350 928 137 46 0.5 3
2350 1065 135 169 0.5 2
2519 1065 135 53 0.5 2
2572 1065 135 191 0.5 1
2763 1065 135 91 0.5 3
2854 1065 135 71 0.5 3
2925 1065 135 66 0.5 3
2991 1065 135 76 0.5 3
3067 1065 135 117 0.5 3
3184 1065 135 62 0.5 3
3246 1065 135 77 0.5 1
3323 1065 135 55 0.5 2
3378 1065 85 151 0.5 3
3378 1150 50 54 0.5 3
3432 1150 50 54 0.5 1
3486 1150 50 43 0.5 2
3529 1065 135 92 0.5 1
3621 1065 135 60 0.5 2
3681 1065 135 75 0.5 2
3756 1065 66 130 0.5 2
3756 1131 69 77 0.5 1
3833 1131 69 71 0.5 3
3904 1131 69 57 0.5 3
3961 1131 69 115 0.5 3
4076 1131 69 71 0.5 1
4147 1131 69 75 0.5 3
4222 1131 69 99 0.5 3
4321 1131 69 84 0.5 1
4405 1131 69 49 0.5 2
4454 1131 69 86 0.5 3
4540 1131 69 51 0.5 1
4591 1131 69 45 0.5 3
4636 1131 69 24 0.5 2
3886 1065 66 69 0.5 2
3955 1065 66 144 0.5 1
4099 1065 66 124 0.5 3
4223 1065 66 149 0.5 3
4372 1065 66 148 0.5 3
4520 1065 66 50 0.5 2
4570 1065 66 47 0.5 1
4617 1065 22 43 0.5 2
4617 1087 22 43 0.5 3
4617 1109 22 43 0.5 2
2396 928 137 185 0.5 2
2581 928 137 108 0.5 3
2689 928 137 59 0.5 2
2748 928 137 81 0.5 3
2829 928 137 83 0.5 3
2912 928 137 72 0.5 2
2984 928 137 81 0.5 1
3065 928 137 93 0.5 1
3158 928 137 53 0.5 2
3211 928 137 81 0.5 2
3292 928 137 79 0.5 2
3371 928 77 87 0.5 1
3371 1005 60 43 0.5 1
3414 1005 60 44 0.5 1
3458 928 137 88 0.5 1
3546 928 137 118 0.5 1
3664 928 137 57 0.5 3
3721 928 84 167 0.5 1
3721 1012 53 73 0.5 3
3794 1012 53 42 0.5 3
3836 1012 27 52 0.5 1
3836 1039 26 52 0.5 3
3888 928 137 66 0.5 3
3954 928 137 91 0.5 1
4045 928 137 78 0.5 3
4123 928 137 88 0.5 1
4211 928 137 103 0.5 1
4314 928 137 76 0.5 2
4390 928 81 79 0.5 1
4390 1009 56 44 0.5 3
4434 1009 56 35 0.5 2
4469 928 137 79 0.5 3
4548 928 137 112 0.5 2
0 657 79 155 0.5 2
0 736 81 155 0.5 3
0 817 144 95 0.5 1
0 961 144 49 0.5 2
0 1105 95 55 0.5 3
55 1105 95 40 0.5 2
49 961 58 46 0.5 3
49 1019 86 46 0.5 3
95 817 116 60 0.5 2
95 933 68 60 0.5 3
95 1001 199 60 0.5 1
155 657 195 66 0.5 1
155 852 146 100 0.5 1
155 998 202 79 0.5 2
234 998 202 68 0.5 1
302 998 134 80 0.5 1
302 1132 68 48 0.5 3
350 1132 68 75 0.5 1
425 1132 68 135 0.5 2
560 1132 68 76 0.5 2
636 1132 68 82 0.5 1
718 1132 68 110 0.5 2
828 1132 68 85 0.5 3
913 1132 68 114 0.5 1
1027 1132 68 52 0.5 3
1079 1132 68 96 0.5 1
382 998 134 122 0.5 2
504 998 134 47 0.5 2
551 998 134 50 0.5 3
601 998 70 132 0.5 1
601 1068 64 125 0.5 3
726 1068 64 61 0.5 2
787 1068 64 53 0.5 3
840 1068 64 106 0.5 1
946 1068 64 70 0.5 2
1016 1068 64 70 0.5 3
1086 1068 64 89 0.5 2
733 998 70 82 0.5 2
815 998 70 75 0.5 2
890 998 70 64 0.5 1
954 998 70 126 0.5 3
1080 998 70 53 0.5 3
1133 998 22 42 0.5 1
1133 1020 24 42 0.5 3
1133 1044 24 42 0.5 1
255 852 146 101 0.5 2
356 852 146 59 0.5 3
415 852 146 55 0.5 1
470 852 146 83 0.5 2
553 852 146 142 0.5 1
695 852 146 75 0.5 2
770 852 64 98 0.5 1
770 916 82 56 0.5 1
826 916 43 42 0.5 1
826 959 39 42 0.5 3
868 852 146 79 0.5 3
947 852 146 52 0.5 1
999 852 146 70 0.5 3
1069 852 146 106 0.5 2
221 657 83 159 0.5 2
221 740 67 96 0.5 3
221 807 45 47 0.5 2
268 807 45 64 0.5 2
332 807 45 28 0.5 1
360 807 14 20 0.5 3
360 821 31 20 0.5 2
317 740 67 38 0.5 2
355 740 67 25 0.5 1
380 657 195 80 0.5 1
460 657 66 95 0.5 1
460 723 129 71 0.5 1
531 723 129 153 0.5 3
684 723 129 72 0.5 3
756 723 129 46 0.5 1
802 723 74 143 0.5 3
802 797 55 49 0.5 3
851 797 55 57 0.5 1
908 797 55 37 0.5 1
945 723 58 117 0.5 3
945 781 71 52 0.5 2
997 781 71 65 0.5 3
1062 723 73 113 0.5 3
1062 796 56 113 0.5 3
555 657 66 68 0.5 2
623 657 66 46 0.5 2
669 657 66 149 0.5 1
818 657 66 76 0.5 3
894 657 66 102 0.5 1
996 657 66 96 0.5 3
1092 657 66 83 0.5 1
1175 657 92 183 0.5 3
1175 749 229 78 0.5 1
1175 978 222 67 0.5 3
1242 978 94 116 0.5 3
1242 1072 128 66 0.5 1
1308 1072 128 50 0.5 3
1253 749 229 105 0.5 2
1358 657 134 47 0.5 1
1358 791 25 47 0.5 1
1358 816 103 47 0.5 1
1358 919 94 47 0.5 1
1358 1013 107 47 0.5 3
1358 1120 24 47 0.5 2
1358 1144 56 47 0.5 1
1405 657 103 105 0.5 2
1405 760 83 126 0.5 3
1405 843 99 173 0.5 1
1405 942 104 101 0.5 3
1405 1046 154 101 0.5 1
1506 942 258 82 0.5 3
1588 942 114 110 0.5 3
1588 1056 144 110 0.5 1
1698 942 150 95 0.5 1
1698 1092 66 95 0.5 3
1698 1158 42 95 0.5 2
1793 942 133 49 0.5 1
1793 1075 125 128 0.5 2
1921 1075 125 61 0.5 2
1982 1075 125 58 0.5 3
2040 1075 125 70 0.5 1
2110 1075 125 103 0.5 1
2213 1075 125 75 0.5 1
2288 1075 68 62 0.5 1
2288 1143 57 39 0.5 3
2327 1143 26 23 0.5 3
2327 1169 15 23 0.5 2
2327 1184 16 12 0.5 3
2339 1184 16 11 0.5 3
1842 942 79 107 0.5 3
1842 1021 54 56 0.5 3
1898 1021 54 51 0.5 3
1949 942 133 74 0.5 2
2023 942 133 79 0.5 1
2102 942 133 154 0.5 3
2256 942 133 94 0.5 3
1578 843 99 49 0.5 1
1627 843 99 192 0.5 2
1819 843 99 81 0.5 2
1900 843 99 85 0.5 1
1985 843 99 50 0.5 1
2035 843 99 129 0.5 2
2164 843 99 71 0.5 1
2235 843 99 61 0.5 2
2296 843 99 54 0.5 1
1531 760 83 88 0.5 1
1619 760 83 138 0.5 3
1757 760 83 51 0.5 3
1808 760 83 62 0.5 2
1870 760 83 47 0.5 1
1917 760 83 75 0.5 3
1992 760 83 156 0.5 3
2148 760 83 67 0.5 2
2215 760 83 70 0.5 1
2285 760 83 65 0.5 1
1510 657 103 46 0.5 2
1556 657 103 51 0.5 2
1607 657 103 46 0.5 2
1653 657 103 83 0.5 1
1736 657 103 81 0.5 1
1817 657 103 149 0.5 2
1966 657 103 50 0.5 1
2016 657 103 140 0.5 2
2156 657 103 82 0.5 1
2238 657 103 112 0.5 2
