160 180 16
4
160 360 4.5
160 150 3.5
280 140 2.0
160 490 0.5
157
0 0 129 39 4.5
0 129 31 138 4.5
138 129 31 58 4.5
196 129 31 52 4.5
248 129 31 27 4.5
275 129 31 28 4.5
303 129 31 22 4.5
325 129 31 21 4.5
346 129 15 14 4.5
346 144 16 9 4.5
355 144 7 5 4.5
355 151 3 5 4.5
355 154 2 5 4.5
355 156 4 5 4.5
39 0 77 68 4.5
39 77 52 97 4.5
136 77 52 91 4.5
227 77 45 85 4.5
227 122 7 36 4.5
263 122 7 11 4.5
274 122 7 9 4.5
283 122 7 29 4.5
312 77 52 43 4.5
355 77 5 5 4.5
355 82 15 5 4.5
355 97 1 5 4.5
355 98 16 5 4.5
355 114 15 5 4.5
107 0 77 39 4.5
146 0 77 50 4.5
196 0 77 39 4.5
235 0 49 113 4.5
235 49 28 34 4.5
269 49 28 39 4.5
308 49 28 38 4.5
346 49 28 10 4.5
356 49 14 4 4.5
356 63 6 4 4.5
356 69 8 4 4.5
348 0 41 12 4.5
348 41 8 7 4.5
355 41 8 5 4.5
0 0 23 88 3.5
0 23 73 31 3.5
0 96 64 37 3.5
37 96 64 22 3.5
59 96 64 32 3.5
91 96 42 42 3.5
91 138 22 19 3.5
110 138 22 16 3.5
126 138 22 12 3.5
138 138 13 12 3.5
138 151 9 7 3.5
145 151 9 5 3.5
133 96 16 17 3.5
133 112 26 11 3.5
144 112 18 6 3.5
144 130 8 6 3.5
31 23 73 25 3.5
56 23 35 57 3.5
56 58 38 42 3.5
98 58 38 40 3.5
138 58 38 12 3.5
113 23 35 18 3.5
131 23 35 19 3.5
88 0 23 19 3.5
107 0 23 17 3.5
124 0 23 13 3.5
137 0 23 9 3.5
146 0 15 4 3.5
146 15 3 4 3.5
146 18 5 4 3.5
0 0 56 65 2
0 56 52 73 2
0 108 38 73 2
0 146 75 52 2
0 221 59 28 2
28 221 59 24 2
52 146 30 21 2
52 176 37 21 2
52 213 30 21 2
52 243 37 21 2
73 56 21 67 2
73 77 56 57 2
73 133 94 32 2
73 227 39 32 2
73 266 14 15 2
88 266 14 17 2
105 133 13 25 2
105 146 77 25 2
105 223 13 25 2
105 236 44 19 2
124 236 24 6 2
124 260 2 6 2
124 262 2 6 2
124 264 7 6 2
124 271 5 6 2
124 276 4 6 2
130 77 20 10 2
130 97 8 10 2
130 105 8 10 2
130 113 26 10 2
130 139 18 10 2
130 157 39 10 2
130 196 4 10 2
130 200 40 10 2
130 240 40 10 2
65 0 50 58 2
65 50 6 11 2
76 50 6 10 2
86 50 6 16 2
102 50 6 8 2
110 50 6 7 2
117 50 6 14 2
131 50 6 4 2
135 50 6 5 2
123 0 37 17 2
123 37 4 17 2
123 41 9 8 2
131 41 9 9 2
0 0 160 47 0.5
47 0 160 41 0.5
88 0 46 165 0.5
88 46 114 43 0.5
131 46 77 95 0.5
131 123 29 95 0.5
131 152 8 14 0.5
145 152 8 13 0.5
158 152 8 12 0.5
170 152 8 11 0.5
181 152 8 11 0.5
192 152 8 9 0.5
201 152 8 8 0.5
209 152 8 12 0.5
221 152 1 5 0.5
221 153 7 5 0.5
226 46 103 59 0.5
226 149 11 32 0.5
258 149 11 30 0.5
288 149 11 81 0.5
369 149 11 73 0.5
442 149 11 18 0.5
460 149 11 10 0.5
470 149 11 8 0.5
478 149 3 12 0.5
478 152 8 12 0.5
285 46 103 41 0.5
326 46 103 43 0.5
369 46 103 44 0.5
413 46 103 54 0.5
467 46 36 23 0.5
467 82 67 23 0.5
253 0 46 72 0.5
325 0 46 132 0.5
457 0 46 20 0.5
477 0 10 13 0.5
477 10 36 13 0.5
