400 400 5
2
430 400 4.0
80 400 3.5
361
0 0 45 128 4 1
0 45 49 128 4 2
0 94 46 128 4 1
0 140 27 128 4 2
0 167 64 117 4 1
0 231 82 100 4 2
0 313 25 100 4 2
0 338 61 89 4 2
0 399 31 80 4 1
80 399 11 20 4 2
80 410 8 20 4 2
80 418 12 14 4 1
94 418 12 6 4 1
89 338 2 11 4 1
89 340 4 11 4 1
89 344 23 11 4 3
89 367 10 11 4 2
89 377 5 11 4 2
89 382 8 11 4 1
89 390 2 11 4 1
89 392 7 11 4 1
100 231 7 17 4 1
100 238 19 17 4 2
100 257 7 17 4 1
100 264 29 17 4 2
100 293 19 17 4 3
100 312 9 17 4 2
100 321 15 17 4 2
100 336 10 17 4 2
100 346 31 17 4 3
100 377 3 17 4 3
100 380 2 17 4 1
100 382 3 17 4 1
100 385 4 17 4 2
100 389 22 17 4 2
100 411 13 17 4 3
100 424 2 17 4 2
100 426 4 8 4 2
108 426 4 9 4 1
117 167 11 11 4 1
117 178 7 11 4 2
117 185 11 11 4 1
117 196 2 11 4 1
117 198 3 11 4 1
117 201 2 11 4 2
117 203 15 11 4 2
117 218 6 11 4 1
117 224 6 11 4 1
117 230 16 11 4 2
117 246 7 11 4 2
117 253 3 11 4 1
117 256 11 11 4 1
117 267 6 11 4 2
117 273 3 11 4 1
117 276 3 11 4 2
117 279 15 11 4 1
117 294 2 11 4 2
117 296 5 11 4 1
117 301 7 11 4 2
117 308 4 11 4 1
117 312 13 11 4 1
117 325 6 11 4 2
117 331 18 11 4 2
117 349 15 11 4 3
117 364 1 11 4 1
117 365 22 11 4 3
117 387 10 11 4 1
117 397 10 11 4 2
117 407 6 11 4 1
117 413 6 11 4 3
117 419 2 11 4 1
117 421 9 11 4 1
128 0 43 167 4 2
128 43 109 76 4 2
128 152 42 76 4 1
128 194 19 76 4 2
128 213 81 76 4 2
128 294 95 64 4 2
128 389 41 53 4 1
181 389 6 11 4 2
181 395 2 11 4 3
181 397 20 11 4 1
181 417 4 11 4 1
181 421 9 11 4 2
192 294 12 12 4 3
192 306 6 12 4 2
192 312 6 12 4 2
192 318 5 12 4 1
192 323 3 12 4 2
192 326 9 12 4 2
192 335 27 12 4 1
192 362 19 12 4 1
192 381 1 12 4 1
192 382 8 12 4 1
192 390 7 12 4 1
192 397 33 12 4 1
204 43 84 100 4 1
204 127 36 100 4 3
204 163 110 67 4 2
204 273 50 100 4 3
204 323 84 96 4 1
204 407 23 100 4 1
300 323 2 4 4 1
300 325 2 4 4 1
300 327 1 4 4 2
300 328 1 4 4 2
300 329 0 4 4 1
300 329 1 4 4 2
300 330 4 4 4 1
300 334 2 4 4 2
300 336 2 4 4 1
300 338 8 4 4 2
300 346 0 4 4 1
300 346 4 4 4 1
300 350 1 4 4 1
300 351 1 4 4 1
300 352 2 4 4 2
300 354 1 4 4 1
300 355 1 4 4 2
300 356 5 4 4 2
300 361 6 4 4 3
300 367 5 4 4 1
300 372 1 4 4 2
300 373 4 4 4 2
300 377 1 4 4 2
300 378 5 4 4 2
300 383 2 4 4 1
300 385 4 4 4 2
300 389 1 4 4 2
300 390 2 4 4 1
300 392 6 4 4 2
300 398 1 4 4 1
300 399 1 4 4 2
300 400 1 4 4 1
300 401 6 4 4 2
271 163 40 33 4 1
271 203 13 33 4 1
271 216 33 33 4 1
271 249 24 33 4 2
304 43 27 96 4 2
304 70 86 92 4 1
304 156 48 92 4 3
304 204 156 65 4 1
304 360 8 65 4 1
304 368 19 65 4 2
304 387 43 41 4 2
345 387 10 24 4 2
345 397 27 24 4 2
345 424 6 10 4 1
355 424 6 14 4 1
369 204 10 27 4 2
369 214 10 27 4 1
369 224 15 27 4 1
369 239 8 27 4 1
369 247 27 27 4 2
369 274 22 27 4 2
369 296 46 27 4 3
369 342 14 27 4 2
369 356 19 27 4 2
369 375 26 27 4 1
369 401 8 27 4 1
369 409 5 27 4 1
369 414 16 23 4 2
392 414 5 4 4 1
392 419 0 4 4 2
392 419 1 4 4 3
392 420 10 4 4 2
396 70 4 4 4 2
396 74 4 4 4 2
396 78 1 4 4 3
396 79 1 4 4 2
396 80 2 4 4 2
396 82 2 4 4 2
396 84 9 4 4 1
396 93 3 4 4 1
396 96 1 4 4 1
396 97 2 4 4 1
396 99 1 4 4 2
396 100 1 4 4 3
396 101 8 4 4 2
396 109 3 4 4 1
396 112 2 4 4 1
396 114 6 4 4 1
396 120 1 4 4 2
396 121 3 4 4 1
396 124 3 4 4 2
396 127 4 4 4 2
396 131 1 4 4 1
396 132 6 4 4 1
396 138 1 4 4 1
396 139 3 4 4 1
396 142 5 4 4 1
396 147 3 4 4 2
396 150 2 4 4 1
396 152 1 4 4 1
396 153 4 4 4 3
396 157 1 4 4 2
396 158 7 4 4 2
396 165 1 4 4 1
396 166 1 4 4 2
396 167 5 4 4 1
396 172 1 4 4 1
396 173 1 4 4 1
396 174 1 4 4 2
396 175 4 4 4 1
396 179 1 4 4 2
396 180 4 4 4 2
396 184 1 4 4 3
396 185 2 4 4 2
396 187 1 4 4 2
396 188 4 4 4 1
396 192 5 4 4 1
396 197 3 4 4 2
396 200 3 4 4 2
396 203 1 4 4 1
396 204 5 4 4 1
396 209 1 4 4 2
396 210 1 4 4 1
396 211 2 4 4 1
396 213 7 4 4 1
396 220 0 4 4 2
396 220 4 4 4 2
396 224 3 4 4 1
396 227 1 4 4 1
396 228 2 4 4 1
396 230 3 4 4 2
396 233 5 4 4 3
396 238 1 4 4 2
396 239 1 4 4 2
396 240 7 4 4 1
396 247 2 4 4 1
396 249 2 4 4 2
396 251 1 4 4 3
396 252 2 4 4 2
396 254 1 4 4 1
396 255 2 4 4 2
396 257 4 4 4 2
396 261 4 4 4 3
396 265 3 4 4 1
396 268 4 4 4 1
396 272 4 4 4 2
396 276 4 4 4 2
396 280 2 4 4 1
396 282 3 4 4 1
396 285 5 4 4 1
396 290 1 4 4 1
396 291 4 4 4 2
396 295 2 4 4 1
396 297 1 4 4 1
396 298 4 4 4 1
396 302 1 4 4 1
396 303 6 4 4 1
396 309 3 4 4 3
396 312 1 4 4 2
396 313 4 4 4 3
396 317 3 4 4 2
396 320 1 4 4 1
396 321 6 4 4 2
396 327 2 4 4 2
396 329 4 4 4 4
396 333 2 4 4 3
396 335 3 4 4 1
396 338 3 4 4 1
396 341 1 4 4 2
396 342 2 4 4 1
396 344 4 4 4 3
396 348 3 4 4 2
396 351 6 4 4 2
396 357 3 4 4 2
396 360 2 4 4 2
396 362 2 4 4 1
396 364 4 4 4 1
396 368 2 4 4 1
396 370 2 4 4 2
396 372 7 4 4 3
396 379 4 4 4 1
396 383 1 4 4 1
396 384 2 4 4 1
396 386 7 4 4 2
396 393 2 4 4 1
396 395 2 4 4 2
396 397 3 4 4 3
396 400 3 4 4 1
396 403 3 4 4 2
396 406 1 4 4 1
396 407 3 4 4 1
396 410 7 4 4 3
396 417 3 4 4 3
396 420 5 4 4 2
396 425 5 4 4 2
295 0 15 105 4 1
295 15 28 64 4 1
359 15 28 41 4 1
0 0 20 49 3 2
0 20 29 33 3 1
0 49 31 35 3 2
35 49 31 68 3 1
103 49 31 31 3 1
134 49 31 45 3 2
179 49 13 71 3 1
179 62 18 38 3 1
217 62 12 79 3 3
217 74 6 75 3 2
292 74 6 22 3 2
314 74 6 43 3 2
357 74 6 13 3 4
370 74 6 30 3 2
296 62 12 44 3 1
340 62 12 18 3 1
358 62 12 16 3 1
374 62 3 26 3 1
374 65 9 26 3 1
250 49 13 34 3 2
284 49 13 44 3 1
328 49 13 27 3 1
355 49 13 32 3 1
387 49 13 9 3 2
396 49 1 4 3 2
396 50 2 4 3 3
396 52 1 4 3 1
396 53 2 4 3 1
396 55 1 4 3 1
396 56 6 4 3 2
33 20 29 34 3 2
67 20 29 70 3 2
137 20 29 45 3 2
182 20 19 67 3 2
182 39 10 63 3 2
245 39 3 4 3 2
245 42 1 4 3 2
245 43 2 4 3 1
245 45 4 4 3 2
249 20 13 106 3 1
249 33 16 43 3 3
292 33 16 35 3 1
327 33 16 68 3 1
395 33 2 5 3 1
395 35 9 5 3 2
395 44 5 5 3 1
355 20 13 35 3 2
390 20 2 10 3 1
390 22 11 10 3 1
49 0 20 50 3 2
99 0 20 97 3 1
196 0 20 39 3 2
235 0 16 57 3 1
235 16 4 36 3 2
271 16 4 12 3 1
283 16 4 9 3 2
292 0 15 104 3 2
292 15 5 61 3 1
353 15 5 12 3 2
365 15 5 9 3 2
374 15 5 11 3 2
385 15 5 11 3 2
396 0 1 4 3 1
396 1 8 4 3 1
396 9 1 4 3 2
396 10 2 4 3 1
396 12 2 4 3 1
396 14 6 4 3 2
