600 400 5
3
400 400 4.5
240 810 2.0
480 190 1.0
214
0 0 118 124 4.5 2
0 118 172 67 4.5 1
0 290 7 67 4.5 1
0 297 103 50 4.5 1
50 297 31 17 4.5 1
50 328 68 17 4.5 1
50 396 4 4 4.5 2
54 396 4 5 4.5 1
59 396 4 3 4.5 1
62 396 4 5 4.5 2
67 118 116 43 4.5 1
67 234 27 43 4.5 1
67 261 57 43 4.5 1
67 318 4 43 4.5 2
67 322 12 43 4.5 1
67 334 66 43 4.5 2
110 118 1 14 4.5 2
110 119 28 14 4.5 3
110 147 37 14 4.5 2
110 184 15 14 4.5 2
110 199 8 14 4.5 2
110 207 7 14 4.5 1
110 214 3 14 4.5 2
110 217 12 14 4.5 3
110 229 49 14 4.5 2
110 278 16 14 4.5 1
110 294 30 14 4.5 2
110 324 40 14 4.5 1
110 364 36 14 4.5 4
124 0 79 154 4.5 2
124 79 136 51 4.5 1
124 215 43 160 4.5 1
124 258 142 82 4.5 1
206 258 82 78 4.5 1
206 340 60 33 4.5 2
239 340 60 27 4.5 2
266 340 19 18 4.5 1
266 359 41 18 4.5 1
284 215 141 43 4.5 1
284 356 44 23 4.5 1
307 356 44 15 4.5 3
322 356 18 5 4.5 2
322 374 1 5 4.5 1
322 375 12 5 4.5 1
322 387 8 5 4.5 1
322 395 5 5 4.5 1
327 215 98 49 4.5 1
327 313 53 49 4.5 2
327 366 34 26 4.5 1
353 366 34 23 4.5 1
376 215 95 24 4.5 2
376 310 41 24 4.5 1
376 351 49 17 4.5 1
393 351 23 7 4.5 3
393 374 4 7 4.5 2
393 378 17 7 4.5 2
393 395 5 3 4.5 1
396 395 1 4.5 4 2
396 396 4 4 4.5 1
175 79 78 62 4.5 1
175 157 58 38 4.5 2
213 157 58 24 4.5 3
237 79 136 68 4.5 2
305 79 29 95 4.5 2
305 108 107 47 4.5 1
352 108 103 43 4.5 2
352 211 4 8 4.5 1
360 211 4 9 4.5 1
369 211 4 31 4.5 1
395 108 4 5 4.5 1
395 112 7 5 4.5 1
395 119 17 5 4.5 2
395 136 10 5 4.5 1
395 146 16 5 4.5 2
395 162 1 5 4.5 2
395 163 14 5 4.5 3
395 177 8 5 4.5 1
395 185 1 5 4.5 3
395 186 3 5 4.5 2
395 189 22 5 4.5 2
278 0 79 49 4.5 1
327 0 79 36 4.5 1
363 0 79 30 4.5 1
393 0 7 7 4.5 1
393 7 18 7 4.5 1
393 25 16 7 4.5 1
393 41 11 7 4.5 2
393 52 8 7 4.5 1
393 60 10 7 4.5 1
393 70 4 7 4.5 3
393 74 5 7 4.5 2
0 0 76 181 2 2
0 76 164 97 2 1
97 76 132 84 2 1
97 208 32 57 2 1
154 208 19 27 2 3
154 227 13 12 2 2
166 227 9 15 2 2
166 236 4 5 2 2
171 236 4 10 2 2
181 0 27 226 2 2
181 27 193 97 2 1
181 220 20 22 2 1
203 220 20 33 2 1
236 220 8 42 2 2
236 228 12 11 2 1
247 228 8 31 2 1
247 236 4 11 2 1
258 236 4 5 2 1
263 236 4 10 2 1
273 236 4 5 2 3
278 27 175 53 2 2
278 202 38 40 2 1
318 202 38 30 2 1
348 202 38 25 2 2
373 202 38 24 2 1
397 202 38 10 2 1
331 27 106 76 2 2
331 133 69 54 2 2
385 133 31 22 2 1
385 164 4 22 2 1
385 168 34 14 2 1
399 168 27 8 2 1
399 195 7 8 2 1
407 0 198 98 2 2
407 198 25 98 2 2
407 223 17 21 2 1
428 223 17 18 2 2
446 223 17 59 2 1
505 0 101 171 2 2
505 101 139 37 2 1
542 101 139 70 2 2
612 101 104 72 2 2
612 205 35 28 2 1
640 205 35 26 2 3
666 205 35 14 2 2
680 205 8 4 2 1
680 213 1 4 2 2
680 214 2 4 2 1
680 216 10 4 2 1
680 226 5 4 2 3
680 231 9 4 2 2
684 101 118 93 2 1
684 219 21 27 2 2
711 219 21 21 2 1
732 219 21 16 2 1
748 219 21 14 2 1
762 219 9 15 2 2
762 228 12 9 2 2
771 228 12 6 2 1
777 101 131 33 2 2
777 232 8 9 2 1
786 232 8 8 2 2
794 232 4 16 2 1
794 236 4 8 2 1
802 236 4 3 2 4
805 236 4 5 2 1
676 0 101 54 2 2
730 0 101 49 2 1
779 0 83 31 2 2
779 83 5 31 2 1
779 88 13 31 2 2
0 0 129 37 1 3
0 129 107 28 1 2
0 236 47 28 1 1
0 283 18 28 1 1
0 301 87 28 1 1
0 388 92 28 1 2
28 129 73 78 1 2
28 202 188 47 1 1
28 390 90 26 1 4
54 390 6 52 1 1
54 396 5 52 1 2
54 401 30 52 1 3
54 431 49 24 1 1
78 431 49 22 1 1
100 431 1 6 1 2
100 432 20 6 1 1
100 452 10 6 1 1
100 462 3 6 1 1
100 465 15 6 1 2
75 202 31 31 1 2
75 233 10 31 1 1
75 243 30 31 1 3
75 273 61 31 1 1
75 334 56 22 1 4
97 334 28 9 1 1
97 362 28 9 1 2
106 129 9 84 1 4
106 138 91 25 1 1
106 229 72 25 1 2
106 301 10 25 1 2
106 311 34 25 1 2
106 345 76 25 1 2
106 421 59 25 1 1
131 138 58 59 1 1
131 196 73 59 1 2
131 269 98 31 1 2
131 367 113 39 1 1
170 367 49 20 1 2
170 416 64 20 1 2
162 269 41 28 1 2
162 310 49 28 1 1
162 359 8 8 1 1
170 359 8 12 1 1
182 359 3 8 1 2
182 362 5 8 1 1
37 0 129 42 1 2
79 0 58 111 1 2
79 58 71 29 1 2
108 58 71 36 1 3
144 58 71 24 1 2
168 58 12 22 1 2
168 70 59 22 1 2
