700 1000 15
3
1005 1000 4
1200 1000 3
1440 1000 2
2462
0 0 42 42 4 3
0 42 18 42 4 1
0 60 40 42 4 1
0 100 72 25 4 1
0 172 49 25 4 3
0 221 43 25 4 3
25 100 11 17 4 1
25 111 3 17 4 3
25 114 14 17 4 1
25 128 5 17 4 2
25 133 38 17 4 3
25 171 4 17 4 3
25 175 12 17 4 3
25 187 14 17 4 1
25 201 63 17 4 3
42 0 51 39 4 1
42 51 69 24 4 3
42 120 17 24 4 2
42 137 37 24 4 2
42 174 90 24 4 2
66 51 20 100 4 1
66 71 31 61 4 2
66 102 57 30 4 3
66 159 40 30 4 1
66 199 65 30 4 1
96 102 57 30 4 1
96 159 55 36 4 3
96 214 50 28 4 1
124 214 22 77 4 2
124 236 28 33 4 1
157 236 28 21 4 1
178 236 28 15 4 2
193 236 28 8 4 2
201 214 50 52 4 1
253 214 21 98 4 1
253 235 29 67 4 3
320 235 29 42 4 3
362 235 29 24 4 2
386 235 29 46 4 3
432 235 29 56 4 2
488 235 29 19 4 3
507 235 29 13 4 1
351 214 21 24 4 2
375 214 21 78 4 1
453 214 21 36 4 3
489 214 21 15 4 3
504 214 21 16 4 3
132 159 55 26 4 2
158 159 55 30 4 3
188 159 55 32 4 2
220 159 55 40 4 3
260 159 35 48 4 3
260 194 20 29 4 3
289 194 9 19 4 2
289 203 6 19 4 1
289 209 5 9 4 3
298 209 2 10 4 3
298 211 3 10 4 3
308 159 55 27 4 1
335 159 55 25 4 1
360 159 55 43 4 2
403 159 55 34 4 3
437 159 17 83 4 3
437 176 38 28 4 3
465 176 38 55 4 2
126 102 21 95 4 3
126 123 36 41 4 1
167 123 36 49 4 1
216 123 21 88 4 2
216 144 15 88 4 3
304 123 36 24 4 1
328 123 36 66 4 1
394 123 36 31 4 1
425 123 36 30 4 2
455 123 36 65 4 3
221 102 21 73 4 3
294 102 21 30 4 3
324 102 21 43 4 1
367 102 21 31 4 1
398 102 21 36 4 3
434 102 21 35 4 3
469 102 21 51 4 3
127 71 31 32 4 1
159 71 31 24 4 2
183 71 31 27 4 2
210 71 18 92 4 3
210 89 13 92 4 3
302 71 31 34 4 1
336 71 31 57 4 1
393 71 31 29 4 3
422 71 31 24 4 3
446 71 31 40 4 2
486 71 31 34 4 1
166 51 20 36 4 1
202 51 20 27 4 1
229 51 20 82 4 1
311 51 20 62 4 3
373 51 20 47 4 3
420 51 20 36 4 2
456 51 20 64 4 2
81 0 51 45 4 3
126 0 51 33 4 1
159 0 23 78 4 2
159 23 28 29 4 3
188 23 28 27 4 3
215 23 28 26 4 2
241 23 28 25 4 1
266 23 28 32 4 1
298 23 28 39 4 2
337 23 28 51 4 3
388 23 28 64 4 3
452 23 28 68 4 1
237 0 23 26 4 3
263 0 23 88 4 2
351 0 23 28 4 1
379 0 23 70 4 1
449 0 23 39 4 2
488 0 23 18 4 2
506 0 3 14 4 2
506 3 20 14 4 3
0 264 22 81 4 1
0 286 17 81 4 2
0 303 29 81 4 2
0 332 20 81 4 2
0 352 34 49 4 1
0 386 58 32 4 2
0 444 84 24 4 2
24 444 36 57 4 1
24 480 17 57 4 1
24 497 31 32 4 3
56 497 6 25 4 1
56 503 25 25 4 2
32 386 12 49 4 3
32 398 46 49 4 1
49 352 34 32 4 1
81 264 50 37 4 1
81 314 76 26 4 2
81 390 27 75 4 1
81 417 64 32 4 3
81 481 47 39 4 2
120 481 10 36 4 3
120 491 37 36 4 2
113 417 22 43 4 3
113 439 9 43 4 1
113 448 33 43 4 2
156 390 19 97 4 2
156 409 30 97 4 3
156 439 46 36 4 1
156 485 43 36 4 1
192 439 89 31 4 3
223 439 89 30 4 3
253 390 53 34 4 1
253 443 47 40 4 2
253 490 38 34 4 3
287 490 38 24 4 3
311 490 38 24 4 2
335 490 38 35 4 2
370 490 38 31 4 3
401 490 38 26 4 3
427 490 24 93 4 2
427 514 14 24 4 3
451 514 14 22 4 3
473 514 14 31 4 1
504 514 14 16 4 1
293 443 47 42 4 1
335 443 47 58 4 1
393 443 47 26 4 1
419 443 47 25 4 1
444 443 47 31 4 2
475 443 21 45 4 2
475 464 9 45 4 3
475 473 17 16 4 2
491 473 17 13 4 1
504 473 4 16 4 2
504 477 13 9 4 3
513 477 2 7 4 1
513 479 11 7 4 1
287 390 53 28 4 3
315 390 53 25 4 3
340 390 35 48 4 2
340 425 18 90 4 3
430 425 18 51 4 1
481 425 18 39 4 3
388 390 35 26 4 3
414 390 35 24 4 1
438 390 35 82 4 1
107 314 76 27 4 2
134 314 76 34 4 1
168 314 76 32 4 1
200 314 76 26 4 1
226 314 76 24 4 3
250 314 41 47 4 3
250 355 10 47 4 2
250 365 25 21 4 1
271 365 6 26 4 1
271 371 19 13 4 1
284 371 19 13 4 1
297 314 76 28 4 2
325 314 40 42 4 3
325 354 36 42 4 2
367 314 76 30 4 3
397 314 46 39 4 1
397 360 30 26 4 1
423 360 30 30 4 2
453 360 30 26 4 3
479 360 30 20 4 1
499 360 30 21 4 3
436 314 46 28 4 3
464 314 46 26 4 1
490 314 46 30 4 1
118 264 20 100 4 3
118 284 30 31 4 1
149 284 30 34 4 1
183 284 30 38 4 1
221 284 30 36 4 2
257 284 30 25 4 2
282 284 30 24 4 2
306 284 30 35 4 3
341 284 30 32 4 2
373 284 30 32 4 2
405 284 30 46 4 3
451 284 30 34 4 1
485 284 30 19 4 3
504 284 16 16 4 2
504 300 4 16 4 3
504 304 10 8 4 3
512 304 4 8 4 2
512 308 6 5 4 2
517 308 6 3 4 2
218 264 20 29 4 3
247 264 20 24 4 2
271 264 20 85 4 1
356 264 20 71 4 2
427 264 20 24 4 1
451 264 20 26 4 1
477 264 20 18 4 1
495 264 20 13 4 2
508 264 20 12 4 3
520 0 51 37 4 3
520 51 39 37 4 3
520 90 43 37 4 3
520 133 74 37 4 2
520 207 93 37 4 3
520 300 51 37 4 2
520 351 17 37 4 1
520 368 160 37 4 2
557 0 64 30 4 2
557 64 20 97 4 2
557 84 41 43 4 2
557 125 48 36 4 2
557 173 32 53 4 2
557 205 68 28 4 3
557 273 49 35 4 2
557 322 54 35 4 3
557 376 55 35 4 3
557 431 7 35 4 3
557 438 19 35 4 3
557 457 71 35 4 1
592 273 6 18 4 1
592 279 49 18 4 1
592 328 5 18 4 3
592 333 18 18 4 3
592 351 18 18 4 2
592 369 12 18 4 3
592 381 19 18 4 2
592 400 13 18 4 3
592 413 54 18 4 2
592 467 29 18 4 2
592 496 32 18 4 2
585 205 68 25 4 3
610 173 66 26 4 1
610 239 5 26 4 3
610 244 11 26 4 3
610 255 6 26 4 1
610 261 51 26 4 2
610 312 52 26 4 2
610 364 14 26 4 2
610 378 76 26 4 2
610 454 40 26 4 2
610 494 34 17 4 3
627 494 19 9 4 2
627 513 3 9 4 2
627 516 3 9 4 1
627 519 2 9 4 2
627 521 2 9 4 1
627 523 5 4 4 2
631 523 1 5 4 3
631 524 4 5 4 2
636 173 44 42 4 1
636 217 34 59 4 2
636 251 60 28 4 3
636 311 81 28 4 1
636 392 6 28 4 3
636 398 62 28 4 3
636 460 10 28 4 1
636 470 58 28 4 3
664 251 64 28 4 1
664 315 31 28 4 1
664 346 82 28 4 2
664 428 20 28 4 2
664 448 80 28 4 1
692 251 22 68 4 3
692 273 26 68 4 2
692 299 54 31 4 2
692 353 92 31 4 2
692 445 83 31 4 3
723 299 105 37 4 3
723 404 9 37 4 2
723 413 115 37 4 3
695 217 34 65 4 1
678 173 44 82 4 2
593 125 20 93 4 2
593 145 28 47 4 1
640 145 16 46 4 1
640 161 12 46 4 1
686 125 48 74 4 2
600 84 41 32 4 1
632 84 41 27 4 2
659 84 41 33 4 1
692 84 41 68 4 1
654 64 20 27 4 2
681 64 20 28 4 2
709 64 20 19 4 1
728 64 20 15 4 3
743 64 4 17 4 1
743 68 16 10 4 2
753 68 2 7 4 3
753 70 14 7 4 1
587 0 64 26 4 1
613 0 64 25 4 3
638 0 64 46 4 1
684 0 64 31 4 1
715 0 28 45 4 1
715 28 36 26 4 2
741 28 4 19 4 2
741 32 32 19 4 2
760 0 66 25 4 1
760 66 69 25 4 1
760 135 22 25 4 3
760 157 70 25 4 2
760 227 39 25 4 1
760 266 64 25 4 1
760 330 18 25 4 3
760 348 20 25 4 1
760 368 46 25 4 1
760 414 36 25 4 3
760 450 78 25 4 1
785 66 72 24 4 2
785 138 29 65 4 2
785 167 78 26 4 3
785 245 7 26 4 3
785 252 31 26 4 3
785 283 48 26 4 2
785 331 6 26 4 2
785 337 5 26 4 3
785 342 73 26 4 3
785 415 113 26 4 1
811 167 25 39 4 1
811 192 36 39 4 1
811 228 57 39 4 1
811 285 8 39 4 3
811 293 113 39 4 1
811 406 122 39 4 3
850 138 24 76 4 3
850 162 40 47 4 3
850 202 68 24 4 2
850 270 44 24 4 2
850 314 44 24 4 3
850 358 13 24 4 1
850 371 38 24 4 2
850 409 6 24 4 3
850 415 23 24 4 1
850 438 6 24 4 2
850 444 84 24 4 3
874 202 26 126 4 3
874 228 71 24 4 3
874 299 73 27 4 3
874 372 69 27 4 3
874 441 28 27 4 3
874 469 59 27 4 1
901 299 70 26 4 3
901 369 31 62 4 3
901 400 43 40 4 2
901 443 54 36 4 3
901 497 31 23 4 2
924 497 4 13 4 2
924 501 27 13 4 2
937 443 56 30 4 3
937 499 29 24 4 1
961 499 29 39 4 2
967 443 56 33 4 1
941 400 43 24 4 1
965 400 20 35 4 3
965 420 23 21 4 3
986 420 23 14 4 2
963 369 31 20 4 2
983 369 31 17 4 2
927 299 70 41 4 3
968 299 10 32 4 3
968 309 60 32 4 2
898 228 43 42 4 2
898 271 28 55 4 3
953 271 12 47 4 1
953 283 16 18 4 2
971 283 16 29 4 3
940 228 43 60 4 1
897 162 40 24 4 1
921 162 40 26 4 2
947 162 40 53 4 3
926 138 24 74 4 2
809 66 45 39 4 3
809 111 27 27 4 1
836 111 27 79 4 3
915 111 27 37 4 3
952 111 12 48 4 3
952 123 15 17 4 1
969 123 15 16 4 1
985 123 15 15 4 3
848 66 45 26 4 2
874 66 28 126 4 1
874 94 17 30 4 1
904 94 17 96 4 2
785 0 66 28 4 1
813 0 66 29 4 3
842 0 66 29 4 2
871 0 28 129 4 2
871 28 38 25 4 3
896 28 38 27 4 1
923 28 38 35 4 1
958 28 38 42 4 3
520 528 57 31 4 3
520 585 81 31 4 2
520 666 9 31 4 3
520 675 91 31 4 2
551 528 74 26 4 3
551 602 48 26 4 1
551 650 54 26 4 2
551 704 62 26 4 1
577 528 75 26 4 3
577 603 6 26 4 1
577 609 72 26 4 1
577 681 85 26 4 1
603 528 45 45 4 1
603 573 38 50 4 2
603 611 60 50 4 1
603 671 95 25 4 2
628 671 52 25 4 2
628 723 24 25 4 3
628 747 19 25 4 3
653 573 75 26 4 1
653 648 5 26 4 3
653 653 113 26 4 3
679 573 78 26 4 1
679 651 47 37 4 3
679 698 33 37 4 1
679 731 35 21 4 3
700 731 10 16 4 2
700 741 25 16 4 2
716 651 42 47 4 1
716 693 73 32 4 2
748 693 40 42 4 3
748 733 33 34 4 1
782 733 33 31 4 1
813 733 33 25 4 3
838 733 33 26 4 1
864 733 33 24 4 1
888 733 33 26 4 1
914 733 33 24 4 2
938 733 16 62 4 2
938 749 17 31 4 1
969 749 17 31 4 1
790 693 40 31 4 1
821 693 40 28 4 1
849 693 40 43 4 3
892 693 40 26 4 1
918 693 40 25 4 2
943 693 40 30 4 1
973 693 40 27 4 1
763 651 21 98 4 2
763 672 21 26 4 2
789 672 21 30 4 3
819 672 9 42 4 1
819 681 12 16 4 3
835 681 12 17 4 1
852 681 12 9 4 3
861 651 42 40 4 1
901 651 42 32 4 2
933 651 42 32 4 3
965 651 42 35 4 2
705 573 35 53 4 1
705 608 43 26 4 3
731 608 43 44 4 2
775 608 19 88 4 1
775 627 24 57 4 2
832 627 10 31 4 2
832 637 14 31 4 2
863 608 43 31 4 3
894 608 28 65 4 3
894 636 15 37 4 2
931 636 15 17 4 3
948 636 15 11 4 2
959 608 8 41 4 3
959 616 22 41 4 2
959 638 13 41 4 2
758 573 35 28 4 3
786 573 35 43 4 3
829 573 35 53 4 1
882 573 35 31 4 2
913 573 35 49 4 3
962 573 35 38 4 3
648 528 23 73 4 2
648 551 22 62 4 3
710 551 22 28 4 3
738 551 22 29 4 1
767 551 22 33 4 3
800 551 22 25 4 3
825 551 22 47 4 2
872 551 22 35 4 1
907 551 22 25 4 2
932 551 22 68 4 2
721 528 23 26 4 1
747 528 23 58 4 3
805 528 23 47 4 3
852 528 23 28 4 1
880 528 23 54 4 3
934 528 23 66 4 3
520 766 68 24 4 3
520 834 21 79 4 3
520 855 39 45 4 2
520 894 26 69 4 2
520 920 85 25 4 1
545 920 46 44 4 2
545 966 39 24 4 3
569 966 39 20 4 1
589 920 85 26 4 2
615 920 85 28 4 3
643 920 20 94 4 2
643 940 24 70 4 1
643 964 41 35 4 3
678 964 41 52 4 3
730 964 41 32 4 1
762 964 41 31 4 3
793 964 41 29 4 1
822 964 41 55 4 2
877 964 41 37 4 1
914 964 41 86 4 2
713 940 24 61 4 3
774 940 24 43 4 3
817 940 24 83 4 2
900 940 24 100 4 1
737 920 20 27 4 1
764 920 20 26 4 2
790 920 20 40 4 2
830 920 20 30 4 3
860 920 20 48 4 1
908 920 20 29 4 1
937 920 20 63 4 3
589 894 26 30 4 3
619 894 26 26 4 1
645 894 26 29 4 3
674 894 26 24 4 1
698 894 26 31 4 1
729 894 26 82 4 3
811 894 26 59 4 1
870 894 26 29 4 1
899 894 26 62 4 2
961 894 26 39 4 1
565 855 39 69 4 2
634 855 39 76 4 1
710 855 39 51 4 2
761 855 39 27 4 2
788 855 22 86 4 2
788 877 17 22 4 2
810 877 17 21 4 2
831 877 17 43 4 2
874 855 39 62 4 1
936 855 39 28 4 3
964 855 39 36 4 3
599 834 21 30 4 1
629 834 21 92 4 1
721 834 21 37 4 3
758 834 21 64 4 2
822 834 21 41 4 2
863 834 21 35 4 1
898 834 21 43 4 3
941 834 21 59 4 1
544 766 68 25 4 1
569 766 38 52 4 3
569 804 30 84 4 1
653 804 30 61 4 2
714 804 30 41 4 1
755 804 30 25 4 3
780 804 30 59 4 1
839 804 30 24 4 2
863 804 30 31 4 3
894 804 30 31 4 1
925 804 30 27 4 1
952 804 30 25 4 3
977 804 17 23 4 2
977 821 6 23 4 3
977 827 7 7 4 2
984 827 7 9 4 3
993 827 7 4 4 1
997 827 3 3 4 1
997 830 1 3 4 1
997 831 3 3 4 1
621 766 38 25 4 3
646 766 19 91 4 2
646 785 19 25 4 3
671 785 19 39 4 1
710 785 19 27 4 3
737 785 19 29 4 2
766 785 19 25 4 2
791 785 19 93 4 2
884 785 19 26 4 3
910 785 19 46 4 2
956 785 19 17 4 1
973 785 19 15 4 2
988 785 6 12 4 2
988 791 13 12 4 3
737 766 19 74 4 1
811 766 19 24 4 3
835 766 19 31 4 1
866 766 19 43 4 1
909 766 19 40 4 3
949 766 19 21 4 3
970 766 19 30 4 3
0 528 67 27 4 1
0 595 53 32 4 2
0 648 71 24 4 2
0 719 72 27 4 3
0 791 62 27 4 2
0 853 64 27 4 2
0 917 40 27 4 2
0 957 48 27 4 3
27 719 51 36 4 1
27 770 22 89 4 3
27 792 72 26 4 3
27 864 68 28 4 3
27 932 8 28 4 2
27 940 65 28 4 1
55 864 40 50 4 2
55 904 56 33 4 1
55 960 45 24 4 2
79 960 45 26 4 1
88 904 9 17 4 3
88 913 47 17 4 2
105 864 32 63 4 3
105 896 67 27 4 3
105 963 21 86 4 3
105 984 21 30 4 1
135 984 21 32 4 3
167 984 6 24 4 1
167 990 6 24 4 2
167 996 9 10 4 1
177 996 4 14 4 2
177 1000 5 7 4 3
184 1000 5 7 4 3
191 963 42 40 4 1
231 963 42 29 4 1
132 896 67 34 4 2
166 896 67 25 4 3
191 896 17 69 4 2
191 913 50 24 4 1
215 913 9 45 4 3
215 922 12 45 4 1
215 934 12 45 4 3
215 946 17 45 4 2
168 864 32 45 4 2
213 864 32 23 4 2
236 864 32 24 4 2
53 792 31 61 4 2
53 823 41 42 4 3
95 823 41 39 4 3
134 823 41 26 4 3
160 823 41 31 4 2
191 823 41 36 4 3
227 823 41 33 4 3
114 792 31 61 4 1
175 792 31 38 4 2
213 792 31 27 4 3
240 792 11 20 4 1
240 803 20 20 4 1
116 770 22 144 4 2
63 719 51 28 4 3
91 719 51 46 4 2
137 719 51 28 4 1
165 719 51 28 4 1
193 719 51 42 4 2
235 719 5 25 4 2
235 724 46 25 4 1
24 648 71 29 4 1
53 648 71 35 4 3
88 648 71 29 4 2
117 648 20 91 4 2
117 668 51 29 4 1
146 668 51 46 4 2
192 668 16 68 4 3
192 684 14 68 4 3
192 698 21 28 4 1
220 698 21 40 4 1
208 648 20 28 4 3
236 648 20 24 4 3
32 595 22 86 4 1
32 617 31 30 4 2
62 617 31 26 4 2
88 617 31 27 4 3
115 617 31 29 4 3
144 617 31 28 4 3
172 617 31 27 4 2
199 617 31 35 4 2
234 617 31 26 4 3
118 595 22 36 4 2
154 595 22 54 4 3
208 595 22 20 4 1
228 595 22 20 4 1
248 595 5 12 4 1
248 600 17 12 4 3
27 528 67 25 4 3
52 528 67 26 4 1
78 528 40 49 4 2
78 568 27 49 4 3
127 528 67 29 4 3
156 528 27 104 4 3
156 555 40 27 4 3
183 555 40 27 4 1
210 555 22 50 4 1
210 577 18 19 4 1
229 577 18 31 4 3
260 528 71 26 4 2
260 599 33 53 4 3
260 632 33 57 4 2
260 665 20 90 4 2
260 685 23 88 4 1
260 708 47 38 4 1
260 755 106 38 4 2
260 861 82 38 4 3
260 943 62 25 4 2
285 943 14 13 4 1
285 957 48 13 4 1
298 708 74 26 4 3
298 782 73 26 4 3
298 855 12 26 4 1
298 867 42 26 4 3
298 909 8 26 4 1
298 917 56 26 4 3
298 973 32 17 4 1
315 973 32 9 4 1
324 708 72 27 4 1
324 780 66 27 4 2
324 846 32 27 4 2
324 878 30 27 4 3
324 908 20 27 4 1
324 928 8 27 4 1
324 936 69 27 4 3
351 708 70 27 4 3
351 778 77 27 4 3
351 855 5 27 4 1
351 860 17 27 4 3
351 877 23 27 4 3
351 900 10 27 4 1
351 910 6 27 4 1
351 916 89 27 4 2
378 708 49 41 4 1
378 757 56 41 4 1
378 813 69 24 4 3
378 882 77 41 4 1
378 959 46 26 4 3
404 959 3 15 4 3
404 962 43 15 4 1
402 813 9 17 4 2
402 822 15 17 4 1
402 837 3 17 4 3
402 840 42 17 4 1
419 708 37 101 4 1
419 745 25 66 4 1
419 770 53 37 4 1
419 823 23 37 4 2
419 846 93 37 4 2
419 939 66 37 4 2
456 770 6 29 4 1
456 776 6 29 4 3
456 782 19 29 4 1
456 801 71 29 4 2
456 872 72 29 4 3
456 944 61 29 4 2
485 745 22 35 4 1
485 767 26 35 4 1
485 793 80 35 4 1
485 873 27 35 4 1
485 900 105 35 4 3
348 685 23 26 4 1
374 685 23 26 4 3
400 685 23 28 4 3
428 685 23 29 4 3
457 685 23 32 4 2
489 685 23 15 4 2
504 685 23 16 4 3
350 665 20 31 4 2
381 665 20 24 4 3
405 665 20 26 4 1
431 665 20 24 4 1
455 665 20 29 4 3
484 665 20 19 4 3
503 665 20 17 4 1
317 632 33 47 4 3
364 632 33 48 4 2
412 632 33 108 4 1
313 599 33 41 4 3
354 599 33 27 4 2
381 599 33 85 4 2
466 599 33 27 4 2
493 599 33 27 4 2
286 528 71 29 4 1
315 528 47 41 4 3
315 575 24 21 4 3
336 575 24 20 4 2
356 528 71 29 4 2
385 528 71 27 4 3
412 528 47 43 4 2
412 575 24 43 4 3
455 528 71 24 4 3
479 528 71 25 4 1
504 528 42 16 4 2
504 570 29 16 4 2
0 0 49 47 3 3
0 49 43 48 3 3
0 92 62 35 3 2
0 154 118 29 3 3
29 154 44 54 3 1
29 198 29 84 3 2
29 227 45 37 3 3
66 227 10 47 3 2
66 237 35 47 3 1
113 198 21 103 3 1
113 219 53 31 3 1
144 219 29 78 3 3
144 248 24 95 3 2
239 248 24 27 3 3
266 248 24 46 3 2
312 248 24 28 3 1
340 248 24 26 3 2
366 248 24 28 3 1
394 248 24 50 3 2
444 248 24 27 3 3
471 248 24 32 3 1
222 219 29 30 3 1
252 219 29 30 3 3
282 219 29 28 3 3
310 219 29 40 3 3
350 219 29 30 3 2
380 219 29 79 3 2
459 219 29 44 3 2
216 198 21 31 3 2
247 198 21 30 3 1
277 198 21 32 3 1
309 198 21 30 3 3
339 198 21 64 3 3
403 198 21 48 3 2
451 198 21 20 3 1
471 198 11 32 3 1
471 209 10 15 3 1
486 209 10 8 3 1
494 209 10 9 3 3
83 154 44 30 3 2
113 154 44 42 3 2
155 154 44 28 3 3
183 154 44 31 3 2
214 154 44 27 3 1
241 154 44 32 3 2
273 154 44 29 3 3
302 154 21 101 3 1
302 175 23 69 3 1
371 175 23 36 3 1
407 175 23 49 3 2
456 175 23 47 3 3
403 154 21 50 3 1
453 154 21 50 3 2
35 92 62 26 3 2
61 92 62 29 3 2
90 92 62 43 3 2
133 92 62 27 3 1
160 92 62 28 3 2
188 92 62 32 3 2
220 92 26 81 3 1
220 118 36 54 3 1
274 118 36 37 3 3
311 118 22 106 3 2
311 140 14 70 3 2
381 140 14 35 3 1
416 140 14 23 3 2
439 140 14 64 3 2
417 118 22 29 3 3
446 118 22 30 3 3
476 118 22 14 3 3
490 118 22 13 3 2
301 92 26 41 3 1
342 92 26 33 3 3
375 92 26 78 3 2
453 92 26 25 3 3
478 92 26 15 3 3
493 92 13 10 3 3
493 105 13 10 3 2
48 49 43 27 3 3
75 49 43 34 3 3
109 49 43 36 3 1
145 49 43 28 3 3
173 49 43 28 3 2
201 49 22 106 3 1
201 71 21 28 3 1
229 71 21 25 3 3
254 71 21 23 3 1
277 71 21 19 3 1
296 71 21 11 3 2
307 49 43 32 3 3
339 49 43 46 3 1
385 49 43 118 3 3
47 0 49 28 3 1
75 0 49 31 3 3
106 0 49 35 3 1
141 0 49 47 3 3
188 0 49 67 3 2
255 0 49 31 3 2
286 0 49 58 3 3
344 0 24 83 3 3
344 24 25 80 3 2
424 24 25 26 3 1
450 24 25 25 3 2
475 24 25 18 3 3
493 24 3 10 3 2
493 27 9 10 3 3
493 36 13 10 3 1
427 0 24 25 3 2
452 0 24 51 3 3
0 272 73 28 3 3
0 345 66 28 3 2
0 411 11 28 3 1
0 422 56 28 3 2
0 478 14 28 3 3
0 492 9 28 3 3
0 501 44 28 3 3
28 272 33 73 3 1
28 305 55 36 3 3
28 360 14 36 3 3
28 374 97 36 3 1
28 471 12 36 3 1
28 483 62 36 3 2
64 305 34 61 3 3
64 339 50 44 3 3
64 389 99 44 3 2
64 488 11 44 3 3
64 499 10 44 3 1
64 509 36 27 3 1
91 509 36 17 3 2
108 339 34 70 3 1
108 373 78 28 3 3
108 451 94 29 3 1
137 451 31 77 3 1
137 482 63 28 3 1
165 482 63 28 3 1
193 482 63 31 3 1
224 482 63 31 3 2
255 482 63 28 3 3
283 482 63 29 3 3
312 482 63 35 3 1
347 482 41 58 3 2
347 523 22 58 3 1
405 482 63 27 3 3
432 482 63 26 3 1
458 482 12 45 3 2
458 494 51 26 3 1
484 494 51 19 3 1
214 451 31 32 3 1
246 451 31 28 3 3
274 451 31 49 3 3
323 451 31 37 3 2
360 451 31 27 3 1
387 451 31 116 3 3
136 373 78 30 3 3
166 373 34 60 3 1
166 407 44 55 3 2
221 407 22 97 3 2
221 429 22 29 3 3
250 429 22 75 3 3
325 429 22 56 3 2
381 429 22 46 3 2
427 429 22 27 3 1
454 429 22 49 3 2
318 407 22 27 3 2
345 407 22 68 3 1
413 407 22 90 3 3
226 373 34 28 3 1
254 373 34 87 3 1
341 373 34 31 3 3
372 373 34 27 3 2
399 373 34 29 3 3
428 373 34 30 3 3
458 373 34 45 3 3
178 339 34 50 3 1
228 339 34 86 3 2
314 339 34 79 3 1
393 339 22 110 3 3
393 361 12 38 3 3
431 361 12 19 3 1
450 361 12 19 3 1
469 361 12 12 3 3
481 361 12 11 3 1
492 361 12 7 3 3
499 361 12 4 3 1
125 305 34 28 3 1
153 305 22 108 3 1
153 327 12 33 3 2
186 327 12 26 3 1
212 327 12 28 3 2
240 327 12 29 3 1
269 327 12 28 3 2
297 327 12 26 3 1
323 327 12 29 3 1
352 327 12 25 3 3
377 327 12 70 3 2
447 327 12 56 3 2
261 305 22 27 3 1
288 305 22 31 3 2
319 305 22 86 3 2
405 305 22 98 3 2
101 272 33 50 3 1
151 272 20 100 3 3
151 292 13 21 3 2
172 292 13 19 3 2
191 292 13 19 3 3
210 292 13 41 3 1
251 272 33 64 3 2
315 272 33 64 3 3
379 272 33 27 3 1
406 272 33 38 3 3
444 272 33 59 3 1
503 0 49 43 3 3
503 49 14 43 3 2
503 63 98 43 3 1
503 161 36 43 3 2
503 197 86 43 3 1
503 283 81 27 3 3
503 364 97 43 3 2
503 461 40 43 3 2
503 501 9 43 3 1
503 510 35 24 3 3
527 510 14 19 3 1
527 524 8 19 3 2
527 532 13 9 3 3
536 532 6 10 3 1
536 538 2 10 3 1
536 540 5 5 3 1
541 540 3 5 3 2
541 543 2 5 3 1
530 283 9 16 3 1
530 292 3 16 3 3
530 295 8 16 3 2
530 303 30 16 3 2
530 333 31 16 3 1
546 0 26 92 3 3
546 26 18 92 3 1
546 44 64 32 3 2
546 108 35 59 3 1
546 143 53 39 3 2
546 196 61 35 3 3
546 257 85 35 3 2
546 342 7 35 3 2
546 349 104 35 3 1
546 453 56 35 3 2
546 509 9 35 3 1
546 518 27 22 3 3
568 518 10 13 3 1
568 528 17 13 3 1
581 196 5 24 3 2
581 201 7 24 3 3
581 208 72 24 3 1
581 280 69 24 3 1
581 349 6 24 3 3
581 355 41 24 3 3
581 396 55 24 3 3
581 451 32 24 3 1
581 483 62 24 3 2
585 143 5 20 3 2
585 148 48 20 3 2
605 108 32 33 3 2
605 140 11 33 3 2
605 151 99 33 3 1
605 250 10 33 3 1
605 260 8 33 3 2
605 268 67 33 3 1
605 335 29 33 3 2
605 364 16 33 3 3
605 380 23 33 3 1
605 403 65 33 3 1
605 468 77 33 3 3
578 44 64 28 3 3
606 44 64 32 3 1
638 0 52 45 3 3
638 52 27 45 3 1
638 79 9 45 3 1
638 88 58 45 3 3
638 146 107 45 3 2
638 253 84 28 3 2
638 337 50 28 3 3
638 387 64 28 3 1
638 451 94 28 3 2
666 253 6 17 3 3
666 259 30 17 3 1
666 289 26 17 3 1
666 315 48 17 3 3
666 363 51 17 3 1
666 414 40 17 3 2
666 454 45 17 3 1
666 499 27 17 3 2
666 526 19 17 3 2
683 0 60 68 3 2
683 60 71 28 3 3
683 131 58 68 3 2
683 189 46 45 3 3
683 235 77 29 3 3
683 312 50 29 3 3
683 362 72 29 3 3
683 434 111 29 3 2
712 235 39 39 3 2
712 274 8 39 3 3
712 282 98 39 3 2
712 380 104 39 3 3
712 484 61 39 3 3
728 189 46 23 3 1
711 60 71 40 3 1
751 0 31 68 3 3
751 31 78 26 3 3
751 109 46 26 3 3
751 155 48 26 3 1
751 203 40 26 3 1
751 243 7 26 3 3
751 250 66 26 3 2
751 316 14 26 3 1
751 330 58 26 3 2
751 388 77 26 3 2
751 465 46 26 3 3
751 511 34 26 3 1
777 31 21 101 3 2
777 52 79 30 3 3
777 131 19 30 3 2
777 150 10 30 3 3
777 160 63 30 3 1
777 223 84 30 3 3
777 307 50 30 3 3
777 357 31 30 3 1
777 388 18 30 3 2
777 406 8 30 3 2
777 414 84 30 3 2
777 498 23 30 3 2
777 521 9 30 3 1
777 530 15 30 3 1
807 52 50 47 3 2
807 102 70 31 3 3
807 172 47 45 3 3
807 219 111 45 3 3
807 330 88 45 3 2
807 418 71 29 3 3
807 489 56 45 3 3
836 418 18 16 3 1
836 436 53 16 3 3
852 172 51 26 3 3
852 223 75 26 3 3
852 298 78 26 3 3
852 376 38 26 3 2
852 414 5 26 3 2
852 419 10 26 3 2
852 429 16 26 3 1
852 445 31 26 3 3
852 476 32 26 3 2
852 508 37 26 3 3
838 102 70 40 3 2
854 52 50 24 3 1
878 31 66 36 3 1
878 97 35 68 3 2
878 132 66 32 3 1
878 198 96 32 3 3
878 294 86 32 3 1
878 380 65 32 3 2
878 445 100 32 3 2
910 132 50 40 3 2
910 182 79 29 3 2
910 261 79 29 3 1
910 340 46 29 3 3
910 386 40 29 3 1
910 426 119 29 3 3
939 182 82 28 3 2
939 264 25 28 3 2
939 289 9 28 3 1
939 298 40 28 3 1
939 338 12 28 3 1
939 350 72 28 3 3
939 422 75 28 3 1
939 497 48 28 3 1
967 182 34 33 3 2
967 216 31 33 3 1
967 247 15 33 3 3
967 262 14 33 3 2
967 276 15 33 3 3
967 291 96 33 3 3
967 387 21 33 3 1
967 408 17 33 3 2
967 425 15 33 3 3
967 440 36 33 3 1
967 476 20 33 3 3
967 496 49 33 3 3
950 132 50 27 3 3
977 132 32 23 3 2
977 164 18 14 3 1
991 164 18 9 3 3
946 97 35 29 3 2
975 97 35 25 3 3
914 31 39 86 3 1
914 70 27 42 3 1
956 70 13 44 3 1
956 83 14 44 3 3
819 0 31 30 3 2
849 0 31 30 3 3
879 0 31 29 3 2
908 0 31 28 3 1
936 0 31 42 3 3
978 0 31 22 3 3
503 545 58 38 3 1
503 603 91 38 3 3
503 694 111 38 3 1
503 805 30 38 3 2
503 835 37 22 3 1
525 835 16 16 3 3
525 851 21 16 3 3
541 545 34 69 3 1
541 579 21 103 3 1
541 600 68 36 3 2
541 668 42 36 3 1
541 710 42 36 3 3
541 752 120 36 3 3
577 600 23 87 3 2
577 623 48 48 3 3
577 671 83 28 3 3
577 754 50 28 3 2
577 804 7 28 3 2
577 811 29 28 3 2
577 840 32 28 3 3
605 671 26 20 3 1
605 697 50 20 3 1
605 747 19 20 3 2
605 766 41 20 3 2
605 807 65 20 3 1
625 623 9 39 3 3
625 632 35 39 3 3
625 667 99 39 3 2
625 766 106 39 3 1
664 600 27 80 3 1
664 627 71 31 3 2
664 698 76 27 3 1
664 774 38 80 3 3
664 812 60 49 3 3
713 812 60 31 3 1
691 698 25 53 3 3
691 723 51 27 3 1
718 723 14 26 3 3
718 737 9 26 3 2
718 746 28 26 3 1
695 627 71 49 3 1
744 600 23 91 3 2
744 623 56 40 3 1
744 679 14 40 3 2
744 693 17 40 3 1
744 710 162 40 3 1
784 623 24 51 3 3
784 647 35 51 3 3
784 682 101 51 3 1
784 783 89 29 3 2
813 783 51 22 3 3
813 834 38 22 3 1
835 600 52 38 3 2
835 652 100 38 3 3
835 752 120 38 3 3
873 600 49 45 3 1
873 649 47 45 3 1
873 696 101 45 3 1
873 797 24 45 3 1
873 821 51 29 3 1
902 821 21 16 3 1
902 842 3 16 3 2
902 845 27 16 3 3
918 600 83 28 3 1
918 683 68 35 3 3
918 751 121 35 3 1
953 683 76 28 3 1
953 759 11 47 3 3
953 770 38 47 3 2
953 808 64 47 3 3
981 683 4 19 3 3
981 687 72 19 3 1
946 600 47 54 3 2
946 647 36 54 3 2
644 579 21 28 3 3
672 579 21 101 3 1
773 579 21 32 3 3
805 579 21 38 3 2
843 579 21 100 3 3
943 579 21 57 3 2
610 545 34 31 3 2
641 545 34 66 3 1
707 545 34 80 3 1
787 545 34 34 3 3
821 545 34 29 3 3
850 545 34 64 3 3
914 545 34 28 3 1
942 545 34 26 3 1
968 545 10 32 3 1
968 555 24 17 3 2
985 555 24 15 3 3
503 872 77 31 3 1
503 949 17 31 3 2
503 966 37 31 3 3
503 1003 66 31 3 1
503 1069 131 31 3 3
534 872 75 27 3 1
534 947 59 41 3 1
534 1006 86 41 3 1
534 1092 108 41 3 3
575 947 69 34 3 3
575 1016 81 27 3 2
575 1097 33 27 3 3
575 1130 5 27 3 3
575 1135 36 27 3 2
575 1171 29 27 3 2
602 1016 83 29 3 2
602 1099 101 28 3 2
630 1099 57 36 3 2
630 1156 44 36 3 1
666 1099 66 31 3 1
666 1165 35 31 3 2
697 1099 39 61 3 3
697 1138 62 44 3 1
741 1138 62 30 3 3
771 1138 62 54 3 2
825 1138 62 27 3 2
852 1138 62 45 3 2
897 1138 37 65 3 1
897 1175 14 65 3 1
897 1189 11 20 3 3
917 1189 11 19 3 1
936 1189 11 10 3 1
946 1189 11 8 3 1
954 1189 11 8 3 3
962 1138 62 38 3 1
758 1099 39 65 3 1
823 1099 39 28 3 1
851 1099 39 28 3 2
879 1099 39 27 3 2
906 1099 39 29 3 1
935 1099 39 65 3 1
631 1016 46 50 3 2
631 1062 10 50 3 1
631 1072 27 23 3 2
654 1072 27 17 3 3
671 1072 3 10 3 1
671 1075 3 10 3 2
671 1078 5 10 3 1
671 1083 16 10 3 1
681 1016 83 26 3 1
707 1016 53 41 3 3
707 1069 30 70 3 3
777 1069 30 45 3 2
822 1069 30 74 3 2
896 1069 30 28 3 2
924 1069 30 28 3 3
952 1069 30 22 3 1
974 1069 8 26 3 3
974 1077 9 26 3 3
974 1086 6 26 3 2
974 1092 7 26 3 3
748 1016 53 43 3 2
791 1016 53 26 3 1
817 1016 53 41 3 1
858 1016 53 30 3 3
888 1016 53 26 3 1
914 1016 53 35 3 1
949 1016 29 51 3 3
949 1045 24 51 3 2
609 947 24 91 3 3
609 971 45 29 3 2
638 971 45 28 3 3
666 971 9 34 3 2
666 980 36 20 3 2
686 980 15 14 3 2
686 995 3 14 3 3
686 998 18 14 3 1
700 947 69 31 3 2
731 947 69 31 3 1
762 947 32 76 3 2
762 979 37 29 3 2
791 979 24 47 3 1
791 1003 13 29 3 1
820 1003 13 9 3 3
829 1003 5 9 3 1
829 1008 8 5 3 1
834 1008 8 4 3 3
838 947 69 43 3 2
881 947 27 119 3 3
881 974 42 32 3 2
913 974 42 32 3 3
945 974 11 55 3 2
945 985 31 24 3 3
969 985 12 31 3 1
969 997 19 15 3 2
984 997 19 16 3 2
561 872 75 28 3 3
589 872 75 43 3 1
632 872 75 29 3 1
661 872 75 32 3 1
693 872 38 56 3 3
693 910 37 93 3 2
786 910 37 34 3 3
820 910 37 35 3 2
855 910 37 29 3 3
884 910 37 37 3 1
921 910 37 79 3 3
749 872 38 31 3 2
780 872 38 29 3 3
809 872 38 65 3 3
874 872 38 62 3 2
936 872 38 39 3 2
975 872 38 25 3 1
0 545 25 91 3 2
0 570 18 91 3 2
0 588 35 91 3 3
0 623 40 52 3 2
0 663 79 27 3 2
0 742 5 27 3 1
0 747 63 27 3 2
0 810 11 27 3 1
0 821 5 27 3 2
0 826 44 27 3 1
0 870 63 27 3 2
0 933 64 27 3 1
0 997 62 27 3 2
0 1059 43 27 3 1
0 1102 49 27 3 2
0 1151 12 27 3 2
0 1163 37 27 3 1
27 663 75 25 3 2
27 738 7 25 3 2
27 745 66 25 3 2
27 811 8 25 3 3
27 819 31 25 3 1
27 850 8 25 3 2
27 858 61 25 3 2
27 919 63 25 3 1
27 982 62 25 3 3
27 1044 5 25 3 1
27 1049 75 25 3 3
27 1124 23 25 3 3
27 1147 53 25 3 1
52 623 104 39 3 3
52 727 45 39 3 3
52 772 113 39 3 3
52 885 9 39 3 1
52 894 82 39 3 3
52 976 21 39 3 3
52 997 77 39 3 1
52 1074 126 39 3 1
91 545 25 93 3 1
91 570 71 28 3 3
91 641 31 28 3 3
91 672 14 28 3 1
91 686 21 28 3 2
91 707 84 28 3 3
91 791 68 28 3 3
91 859 84 28 3 2
91 943 20 28 3 3
91 963 75 28 3 3
91 1038 36 28 3 3
91 1074 57 28 3 2
91 1131 69 28 3 1
119 570 26 132 3 3
119 596 44 55 3 1
119 640 72 29 3 1
119 712 7 29 3 2
119 719 19 29 3 3
119 738 72 29 3 1
119 810 36 29 3 2
119 846 19 29 3 1
119 865 86 29 3 3
119 951 6 29 3 2
119 957 14 29 3 1
119 971 6 29 3 1
119 977 27 29 3 2
119 1004 68 29 3 1
119 1072 80 29 3 3
119 1152 10 29 3 2
119 1162 38 29 3 1
148 640 22 103 3 1
148 662 64 37 3 3
148 726 76 37 3 2
148 802 21 37 3 3
148 823 63 37 3 3
148 886 104 37 3 3
148 990 108 37 3 2
148 1098 102 37 3 1
185 662 17 66 3 2
185 679 24 66 3 3
185 703 14 66 3 2
185 717 20 66 3 1
185 737 65 66 3 1
185 802 75 27 3 3
185 877 69 32 3 3
185 946 71 28 3 3
185 1017 71 29 3 1
185 1088 26 29 3 3
185 1114 86 29 3 3
214 1017 13 37 3 3
214 1030 104 37 3 3
214 1134 36 37 3 3
214 1170 9 37 3 2
214 1179 21 20 3 2
234 1179 21 17 3 3
213 946 71 38 3 1
217 877 69 34 3 3
212 802 75 39 3 1
174 596 44 42 3 1
216 596 44 35 3 1
184 545 25 67 3 2
251 545 63 35 3 3
251 608 83 28 3 3
251 691 73 28 3 1
251 764 49 28 3 1
251 813 55 28 3 2
251 868 78 28 3 1
251 946 83 28 3 1
251 1029 6 28 3 2
251 1035 13 28 3 2
251 1048 7 28 3 1
251 1055 74 28 3 2
251 1129 71 28 3 3
279 608 81 27 3 3
279 689 32 63 3 3
279 721 80 27 3 2
279 801 24 63 3 2
279 825 76 32 3 3
279 901 21 32 3 1
279 922 85 32 3 1
279 1007 86 32 3 1
279 1093 107 32 3 2
311 825 44 31 3 3
311 869 7 31 3 1
311 876 11 31 3 3
311 887 93 31 3 2
311 980 92 31 3 1
311 1072 83 31 3 3
311 1155 45 31 3 1
306 721 80 36 3 3
342 689 67 29 3 2
342 756 78 29 3 2
342 834 81 29 3 1
342 915 43 29 3 2
342 958 6 29 3 2
342 964 63 29 3 1
342 1027 81 29 3 2
342 1108 42 29 3 1
342 1150 50 29 3 1
371 756 76 29 3 3
371 832 34 67 3 3
371 866 34 132 3 2
371 900 50 42 3 2
371 950 33 63 3 2
371 983 83 29 3 2
371 1066 22 29 3 1
371 1088 62 29 3 3
371 1150 50 29 3 1
400 983 47 42 3 2
400 1030 42 51 3 1
400 1072 75 51 3 3
400 1147 53 51 3 1
451 1030 77 26 3 1
451 1107 13 26 3 2
451 1120 80 26 3 2
477 1030 68 26 3 3
477 1098 102 26 3 1
442 983 47 61 3 3
434 950 33 38 3 3
472 950 33 31 3 1
413 900 26 90 3 1
413 926 24 45 3 3
458 926 24 21 3 3
479 926 24 24 3 3
438 832 13 65 3 1
438 845 21 26 3 1
464 845 21 39 3 2
400 756 76 38 3 2
438 756 76 38 3 2
476 756 76 27 3 3
371 689 33 132 3 3
371 722 34 77 3 2
448 722 34 55 3 2
306 608 23 88 3 3
306 631 32 74 3 3
306 663 26 29 3 1
335 663 26 33 3 1
368 663 26 57 3 2
425 663 26 26 3 2
451 663 26 24 3 2
475 663 26 17 3 2
492 663 17 11 3 1
492 680 9 6 3 2
498 680 2 5 3 3
498 682 7 5 3 2
380 631 32 123 3 3
394 608 23 28 3 3
422 608 23 46 3 2
468 608 8 35 3 2
468 616 15 13 3 3
481 616 15 22 3 2
286 545 38 59 3 1
286 583 25 29 3 2
315 583 25 79 3 3
394 583 25 109 3 1
345 545 22 105 3 2
345 567 16 105 3 3
450 545 12 53 3 1
450 557 26 22 3 2
472 557 26 16 3 1
488 557 26 15 3 3
0 0 46 52 2 2
0 46 42 52 2 3
0 88 60 52 2 1
0 148 59 52 2 1
0 207 15 52 2 1
0 222 80 52 2 2
0 302 91 52 2 3
52 0 74 38 2 1
52 74 55 38 2 3
52 129 11 38 2 3
52 140 20 38 2 2
52 160 59 38 2 1
52 219 38 38 2 3
52 257 64 38 2 2
52 321 72 38 2 3
90 0 86 30 2 1
90 86 52 30 2 2
90 138 38 30 2 3
90 176 32 30 2 2
90 208 45 30 2 2
90 253 43 30 2 3
90 296 11 30 2 3
90 307 12 30 2 3
90 319 74 30 2 2
120 0 90 32 2 3
120 90 56 43 2 2
120 146 82 36 2 3
120 228 46 36 2 2
120 274 119 36 2 1
156 146 25 117 2 2
156 171 89 30 2 1
156 260 49 50 2 1
156 309 84 32 2 2
188 309 84 36 2 2
224 309 84 31 2 1
255 309 84 49 2 2
304 309 84 34 2 3
338 309 44 64 2 3
338 353 21 64 2 2
338 374 19 38 2 3
376 374 19 26 2 1
402 309 40 70 2 3
402 349 44 34 2 2
436 349 44 36 2 3
472 349 44 36 2 2
472 309 40 36 2 2
206 260 49 30 2 3
236 260 49 38 2 3
274 260 49 66 2 3
340 260 49 34 2 1
374 260 49 40 2 2
414 260 49 31 2 1
445 260 49 34 2 2
479 260 49 29 2 1
186 171 89 37 2 3
223 171 89 31 2 1
254 171 58 43 2 2
254 229 31 64 2 1
318 229 31 45 2 2
363 229 31 30 2 2
393 229 31 115 2 2
297 171 32 81 2 1
297 203 26 30 2 3
327 203 26 56 2 2
383 203 26 29 2 1
412 203 26 52 2 2
464 203 26 21 2 2
485 203 26 23 2 3
378 171 32 30 2 1
408 171 32 56 2 2
464 171 32 27 2 2
491 171 32 17 2 3
273 146 25 37 2 3
310 146 25 30 2 3
340 146 25 89 2 3
429 146 25 26 2 3
455 146 25 29 2 3
484 146 16 24 2 1
484 162 9 10 2 3
494 162 5 14 2 1
494 167 4 5 2 3
499 167 2 9 2 3
499 169 2 3 2 3
502 169 2 2 2 2
504 169 1 4 2 2
504 170 1 1 2 3
505 170 1 1 2 1
506 170 1 1 2 1
507 170 1 1 2 1
163 90 56 69 2 3
232 90 56 29 2 3
261 90 56 29 2 1
290 90 56 29 2 3
319 90 56 31 2 3
350 90 56 34 2 1
384 90 56 29 2 3
413 90 56 52 2 1
465 90 56 43 2 2
152 0 90 29 2 3
181 0 90 37 2 3
218 0 24 100 2 1
218 24 66 47 2 3
265 24 66 53 2 2
318 0 50 48 2 1
318 50 23 48 2 3
318 73 17 22 2 1
340 73 17 14 2 1
354 73 17 12 2 1
366 0 59 40 2 2
366 59 31 38 2 2
404 59 31 29 2 3
433 59 31 28 2 1
461 59 31 26 2 3
487 59 31 21 2 1
406 0 59 29 2 3
435 0 59 39 2 3
474 0 7 34 2 3
474 7 31 34 2 2
474 38 21 16 2 3
490 38 11 18 2 3
490 49 10 18 2 1
0 393 50 55 2 1
0 443 11 55 2 1
0 454 28 55 2 1
0 482 13 55 2 3
0 495 40 55 2 2
0 535 20 55 2 1
0 555 23 55 2 3
0 578 28 55 2 2
0 606 26 55 2 2
0 632 82 30 2 1
0 714 72 29 2 2
29 714 21 26 2 1
29 735 51 26 2 3
30 632 25 25 2 3
30 657 57 25 2 2
55 393 28 101 2 3
55 421 32 76 2 3
55 453 27 76 2 3
55 480 19 76 2 2
55 499 41 76 2 3
55 540 57 76 2 2
55 597 65 37 2 1
55 662 77 35 2 1
55 739 47 35 2 1
90 662 16 41 2 3
90 678 52 41 2 2
90 730 56 41 2 2
92 597 65 39 2 2
131 421 71 38 2 2
131 492 28 101 2 1
131 520 75 33 2 3
131 595 53 48 2 2
131 648 27 48 2 3
131 675 111 48 2 3
179 595 68 53 2 2
179 663 21 53 2 3
179 684 102 29 2 3
208 684 16 24 2 2
208 700 28 24 2 1
208 728 58 24 2 3
164 520 75 32 2 2
196 520 26 36 2 1
196 546 8 36 2 2
196 554 41 36 2 2
232 492 84 28 2 3
232 576 21 28 2 1
232 597 82 28 2 1
232 679 17 28 2 1
232 696 13 28 2 1
232 709 6 28 2 3
232 715 22 28 2 1
232 737 11 28 2 2
232 748 38 28 2 2
260 492 22 111 2 3
260 514 54 49 2 3
260 568 82 31 2 1
260 650 31 31 2 1
260 681 11 31 2 1
260 692 41 31 2 2
260 733 53 31 2 2
291 568 47 60 2 3
291 615 65 41 2 1
291 680 106 31 2 2
322 680 41 69 2 1
322 721 65 30 2 2
352 721 65 33 2 3
385 721 65 32 2 1
417 721 25 91 2 3
417 746 40 91 2 1
391 680 41 38 2 2
429 680 41 46 2 2
475 680 41 33 2 1
332 615 65 50 2 3
382 615 65 32 2 2
414 615 65 30 2 3
444 615 65 64 2 2
351 568 47 49 2 1
400 568 47 108 2 1
309 514 54 57 2 1
366 514 54 66 2 2
432 514 54 38 2 1
470 514 25 38 2 1
470 539 19 38 2 2
470 558 10 12 2 1
482 558 10 9 2 1
491 558 10 8 2 1
499 558 10 9 2 2
371 492 22 29 2 1
400 492 22 29 2 1
429 492 22 25 2 1
454 492 22 34 2 2
488 492 22 20 2 2
169 421 31 78 2 1
169 452 40 49 2 1
218 452 25 114 2 3
218 477 15 51 2 1
269 477 15 23 2 1
292 477 8 40 2 2
292 485 7 12 2 1
304 485 7 9 2 3
313 485 7 11 2 1
324 485 7 4 2 2
328 485 7 4 2 1
332 452 40 33 2 3
365 452 40 41 2 3
406 452 40 28 2 1
434 452 40 29 2 1
463 452 40 25 2 1
488 452 13 20 2 3
488 465 27 20 2 2
247 421 31 28 2 3
275 421 31 61 2 2
336 421 31 30 2 3
366 421 31 39 2 3
405 421 31 103 2 2
156 393 28 31 2 2
187 393 28 56 2 3
243 393 28 36 2 2
279 393 28 31 2 1
310 393 28 40 2 1
350 393 28 42 2 3
392 393 28 116 2 2
508 0 84 35 2 2
508 84 84 29 2 3
508 168 6 29 2 3
508 174 72 29 2 3
508 246 10 29 2 3
508 256 58 29 2 2
508 314 44 29 2 2
508 358 84 29 2 2
508 442 8 29 2 2
508 450 87 29 2 1
508 537 10 29 2 1
508 547 21 29 2 2
508 568 85 29 2 2
508 653 44 29 2 3
508 697 6 29 2 2
508 703 8 29 2 2
508 711 10 29 2 3
508 721 8 29 2 3
508 729 57 29 2 3
537 84 87 30 2 3
537 171 77 30 2 1
537 248 7 30 2 3
537 255 18 30 2 2
537 273 25 30 2 3
537 298 89 30 2 2
537 387 80 30 2 2
537 467 32 30 2 1
537 499 20 30 2 1
537 519 42 30 2 1
537 561 64 30 2 1
537 625 33 30 2 3
537 658 36 30 2 3
537 694 46 30 2 3
537 740 46 30 2 3
567 84 76 32 2 2
567 160 86 32 2 1
567 246 68 37 2 1
567 314 51 37 2 1
567 365 14 37 2 1
567 379 20 37 2 1
567 399 26 37 2 1
567 425 107 37 2 3
567 532 73 37 2 2
567 605 56 37 2 1
567 661 15 37 2 2
567 676 17 37 2 3
567 693 43 37 2 3
567 736 50 37 2 3
604 246 61 47 2 2
604 307 53 47 2 3
604 360 90 31 2 3
604 450 90 47 2 1
604 540 25 47 2 2
604 565 11 47 2 1
604 576 26 47 2 3
604 602 57 47 2 2
604 659 30 47 2 2
604 689 36 47 2 3
604 725 10 47 2 1
604 735 51 31 2 3
635 735 28 16 2 3
635 763 5 16 2 2
635 768 18 10 2 3
645 768 7 6 2 2
645 775 4 6 2 2
645 779 7 6 2 1
635 360 7 16 2 2
635 367 19 16 2 3
635 386 17 16 2 3
635 403 29 16 2 2
635 432 18 16 2 2
651 246 22 103 2 2
651 268 23 103 2 2
651 291 86 33 2 2
651 377 37 33 2 2
651 414 96 33 2 3
651 510 7 33 2 3
651 517 7 33 2 2
651 524 96 33 2 2
651 620 95 33 2 3
651 715 71 33 2 2
684 291 82 32 2 1
684 373 52 32 2 2
684 425 6 32 2 3
684 431 87 32 2 3
684 518 96 32 2 1
684 614 16 32 2 2
684 630 85 32 2 2
684 715 19 32 2 1
684 734 52 32 2 3
716 291 57 38 2 3
716 348 25 38 2 3
716 373 111 38 2 3
716 484 15 38 2 2
716 499 84 38 2 2
716 583 71 38 2 3
716 654 64 38 2 3
716 718 68 38 2 1
599 160 39 64 2 1
599 199 47 44 2 3
643 199 47 72 2 2
715 199 47 25 2 3
740 199 29 14 2 3
740 228 8 14 2 3
740 236 10 9 2 2
749 236 1 5 2 3
749 237 1 5 2 2
749 238 2 5 2 3
749 240 2 5 2 3
749 242 4 5 2 3
663 160 39 50 2 2
713 160 17 41 2 3
713 177 22 18 2 1
731 177 22 23 2 3
599 84 34 155 2 2
599 118 42 155 2 2
543 0 24 101 2 2
543 24 60 31 2 2
574 24 35 70 2 1
574 59 25 33 2 3
607 59 25 21 2 2
628 59 25 16 2 2
644 0 84 39 2 2
683 0 20 71 2 1
683 20 64 30 2 3
713 20 64 41 2 2
754 0 85 30 2 3
754 85 27 30 2 2
754 112 84 30 2 3
754 196 39 30 2 2
754 235 34 30 2 3
754 269 21 30 2 3
754 290 73 30 2 3
754 363 20 30 2 1
754 383 66 30 2 1
754 449 33 30 2 2
754 482 23 30 2 2
754 505 79 30 2 2
754 584 56 30 2 1
754 640 8 30 2 3
754 648 34 30 2 2
754 682 8 30 2 2
754 690 9 30 2 3
754 699 87 30 2 3
784 0 62 41 2 2
784 62 92 31 2 3
784 154 93 31 2 3
784 247 31 31 2 3
784 278 8 31 2 2
784 286 12 31 2 1
784 298 6 31 2 2
784 304 9 31 2 1
784 313 18 31 2 2
784 331 6 31 2 1
784 337 18 31 2 2
784 355 59 31 2 2
784 414 60 31 2 2
784 474 60 31 2 1
784 534 64 31 2 2
784 598 51 31 2 3
784 649 38 31 2 2
784 687 63 31 2 3
784 750 36 31 2 3
815 62 86 29 2 3
815 148 87 30 2 2
815 235 76 30 2 2
815 311 83 30 2 1
815 394 86 30 2 3
815 480 81 30 2 3
815 561 83 30 2 2
815 644 9 30 2 1
815 653 17 30 2 2
815 670 7 30 2 3
815 677 30 30 2 2
815 707 79 30 2 3
845 148 60 45 2 3
845 208 110 45 2 2
845 318 104 45 2 1
845 422 85 45 2 2
845 507 57 45 2 3
845 564 135 45 2 2
845 699 40 45 2 3
845 739 12 45 2 1
845 751 21 45 2 1
845 772 14 16 2 2
861 772 7 29 2 1
861 779 7 10 2 3
871 779 7 9 2 1
880 779 7 6 2 3
886 779 2 4 2 1
886 781 5 4 2 3
890 148 76 32 2 3
890 224 87 32 2 1
890 311 96 32 2 1
890 407 24 32 2 3
890 431 64 32 2 1
890 495 84 32 2 2
890 579 47 32 2 3
890 626 29 32 2 1
890 655 131 32 2 3
922 148 80 31 2 1
922 228 56 31 2 1
922 284 82 31 2 3
922 366 10 31 2 1
922 376 9 31 2 3
922 385 69 31 2 1
922 454 48 31 2 3
922 502 71 31 2 2
922 573 25 31 2 1
922 598 34 31 2 3
922 632 91 31 2 3
922 723 63 31 2 2
953 148 22 47 2 3
953 170 17 47 2 3
953 187 78 47 2 2
953 265 10 47 2 1
953 275 122 47 2 1
953 397 80 31 2 2
953 477 19 47 2 2
953 496 135 47 2 2
953 631 9 47 2 2
953 640 93 31 2 3
953 733 9 47 2 1
953 742 44 27 2 1
980 742 5 20 2 1
980 747 39 20 2 3
984 640 24 16 2 3
984 664 18 16 2 3
984 682 51 16 2 2
984 397 10 16 2 2
984 407 70 16 2 2
844 62 52 45 2 1
844 114 34 45 2 1
889 62 42 111 2 2
889 104 44 31 2 2
920 104 44 32 2 1
952 104 10 48 2 2
952 114 34 23 2 2
975 114 34 25 2 3
825 0 62 34 2 2
859 0 62 31 2 3
890 0 62 29 2 1
919 0 62 31 2 1
950 0 12 50 2 3
950 12 50 50 2 2
508 786 82 31 2 3
508 868 6 31 2 2
508 874 86 31 2 2
508 960 62 31 2 1
508 1022 91 31 2 1
539 786 35 81 2 1
539 821 62 41 2 2
539 883 89 41 2 1
539 972 17 41 2 3
539 989 36 41 2 2
539 1025 26 41 2 1
539 1051 13 41 2 3
539 1064 49 41 2 3
580 821 97 40 2 2
580 918 104 40 2 3
580 1022 32 40 2 2
580 1054 59 40 2 1
620 786 51 57 2 2
620 837 52 47 2 3
620 889 12 47 2 3
620 901 91 47 2 1
620 992 19 47 2 1
620 1011 102 29 2 3
649 1011 11 18 2 1
649 1022 53 18 2 2
649 1075 38 18 2 2
667 837 82 35 2 3
667 919 76 35 2 2
667 995 43 56 2 3
667 1038 49 56 2 3
667 1087 26 30 2 3
697 1087 26 17 2 3
714 1087 11 9 2 3
714 1098 15 9 2 3
723 995 24 116 2 1
723 1019 43 56 2 3
723 1062 51 56 2 2
779 1019 94 33 2 1
812 1019 25 105 2 1
812 1044 69 57 2 1
869 1044 69 29 2 3
898 1044 69 33 2 3
931 1044 69 29 2 1
960 1044 30 40 2 3
960 1074 39 24 2 2
984 1074 39 16 2 3
917 1019 25 83 2 2
839 995 24 42 2 2
881 995 24 119 2 1
702 919 76 47 2 2
749 919 25 117 2 1
749 944 51 52 2 3
801 944 51 44 2 3
845 944 51 61 2 3
906 944 51 33 2 3
939 944 51 61 2 1
866 919 25 29 2 3
895 919 25 45 2 2
940 919 25 33 2 3
973 919 25 16 2 2
989 919 25 11 2 1
702 837 51 52 2 3
702 888 31 23 2 2
725 888 31 29 2 3
754 837 82 30 2 2
784 837 82 30 2 2
814 837 82 30 2 1
844 837 82 35 2 1
879 837 82 40 2 3
919 837 53 81 2 1
919 890 29 47 2 3
966 890 9 34 2 3
966 899 20 34 2 2
677 786 27 104 2 3
677 813 24 35 2 2
712 813 24 73 2 2
785 813 24 88 2 1
873 813 24 51 2 2
924 813 24 33 2 1
957 813 24 22 2 3
979 813 24 21 2 3
781 786 27 32 2 1
813 786 27 32 2 2
845 786 27 28 2 3
873 786 27 127 2 1
508 1113 36 67 2 1
508 1149 67 38 2 1
508 1216 108 38 2 2
508 1324 116 38 2 1
546 1149 69 34 2 2
546 1218 18 34 2 1
546 1236 20 34 2 3
546 1256 77 34 2 1
546 1333 8 34 2 1
546 1341 14 34 2 1
546 1355 85 34 2 2
580 1149 68 41 2 3
580 1217 11 41 2 1
580 1228 43 41 2 1
580 1271 41 41 2 2
580 1312 55 41 2 2
580 1367 73 41 2 1
621 1149 48 50 2 1
621 1197 55 53 2 1
621 1252 56 53 2 1
621 1308 81 30 2 1
621 1389 51 30 2 2
651 1389 51 23 2 2
651 1308 12 23 2 3
651 1320 10 23 2 1
651 1330 59 23 2 2
674 1197 84 35 2 1
674 1281 26 97 2 1
674 1307 88 30 2 2
674 1395 11 30 2 3
674 1406 34 30 2 1
704 1307 14 67 2 1
704 1321 63 42 2 3
704 1384 56 34 2 3
738 1384 23 33 2 3
738 1407 33 33 2 3
746 1321 35 25 2 3
746 1356 7 25 2 3
746 1363 21 15 2 2
761 1363 21 10 2 1
771 1281 61 46 2 1
771 1342 98 30 2 1
801 1342 32 77 2 3
801 1374 66 30 2 3
831 1374 66 47 2 2
878 1342 47 51 2 1
878 1389 51 46 2 1
924 1389 51 42 2 3
966 1389 51 34 2 1
929 1342 47 37 2 1
966 1342 47 34 2 1
817 1281 61 32 2 3
849 1281 61 69 2 1
918 1281 61 48 2 1
966 1281 10 34 2 1
966 1291 18 34 2 1
966 1309 10 34 2 3
966 1319 23 16 2 2
982 1319 23 18 2 2
709 1197 34 84 2 3
709 1231 50 84 2 1
793 1197 84 32 2 2
825 1197 84 41 2 2
866 1197 84 39 2 3
905 1197 46 95 2 2
905 1243 38 30 2 2
935 1243 38 65 2 2
671 1149 48 30 2 3
701 1149 48 33 2 2
734 1149 48 36 2 2
770 1149 48 63 2 3
833 1149 48 51 2 1
884 1149 48 31 2 1
915 1149 48 85 2 3
575 1113 36 37 2 1
612 1113 36 30 2 1
642 1113 36 33 2 1
675 1113 36 35 2 2
710 1113 36 31 2 2
741 1113 36 29 2 2
770 1113 22 107 2 2
770 1135 14 24 2 2
794 1135 14 20 2 1
814 1135 14 31 2 3
845 1135 14 13 2 3
858 1135 14 19 2 2
877 1113 36 31 2 3
908 1113 36 92 2 2
0 786 74 34 2 2
0 860 16 34 2 3
0 876 81 34 2 2
0 957 17 34 2 2
0 974 14 34 2 2
0 988 97 34 2 1
0 1085 10 34 2 1
0 1095 102 34 2 1
0 1197 77 34 2 1
0 1274 90 34 2 1
0 1364 13 34 2 1
0 1377 63 34 2 3
34 786 71 34 2 3
34 857 10 34 2 3
34 867 98 34 2 1
34 965 102 34 2 3
34 1067 98 34 2 3
34 1165 31 34 2 1
34 1196 7 34 2 3
34 1203 17 34 2 2
34 1220 23 34 2 1
34 1243 62 34 2 3
34 1305 87 34 2 1
34 1392 21 34 2 1
34 1413 27 34 2 3
68 786 26 97 2 1
68 812 63 46 2 2
68 875 84 28 2 3
68 959 63 44 2 2
68 1022 61 43 2 3
68 1083 84 31 2 1
68 1167 91 31 2 3
68 1258 38 75 2 2
68 1296 72 39 2 3
68 1368 15 39 2 2
68 1383 57 39 2 2
107 1296 144 36 2 2
143 1258 85 29 2 2
143 1343 97 33 2 2
176 1343 97 39 2 2
215 1343 97 39 2 1
172 1258 85 29 2 3
201 1258 85 53 2 1
99 1167 42 57 2 1
99 1209 49 50 2 2
149 1209 49 37 2 2
186 1209 49 32 2 3
218 1209 49 36 2 1
156 1167 42 32 2 2
188 1167 19 66 2 3
188 1186 23 23 2 1
211 1186 15 43 2 1
211 1201 8 13 2 3
224 1201 8 14 2 1
238 1201 8 7 2 2
245 1201 8 9 2 3
99 1083 84 35 2 1
134 1083 36 120 2 3
134 1119 48 120 2 2
111 1022 61 32 2 2
143 1022 61 35 2 2
178 1022 61 39 2 3
217 1022 61 37 2 1
112 959 34 84 2 2
112 993 29 80 2 3
192 993 29 27 2 2
219 993 29 22 2 1
241 993 29 13 2 2
196 959 34 29 2 2
225 959 34 29 2 3
96 875 84 32 2 3
128 875 84 32 2 3
160 875 84 36 2 2
196 875 84 29 2 1
225 875 7 29 2 2
225 882 77 29 2 3
114 812 63 45 2 3
159 812 63 47 2 1
206 812 41 48 2 1
206 853 22 21 2 1
227 853 22 27 2 1
165 786 26 30 2 2
195 786 26 26 2 1
221 786 26 17 2 1
238 786 26 16 2 1
254 786 40 61 2 2
254 826 93 31 2 2
254 919 24 31 2 3
254 943 8 31 2 2
254 951 73 31 2 1
254 1024 93 31 2 1
254 1117 6 31 2 3
254 1123 12 31 2 1
254 1135 26 31 2 2
254 1161 32 31 2 1
254 1193 74 31 2 2
254 1267 25 31 2 3
254 1292 63 31 2 2
254 1355 85 31 2 3
285 826 59 30 2 2
285 885 6 30 2 1
285 891 17 30 2 3
285 908 83 30 2 3
285 991 7 30 2 1
285 998 20 30 2 3
285 1018 40 30 2 1
285 1058 38 30 2 1
285 1096 6 30 2 1
285 1102 78 30 2 1
285 1180 6 30 2 3
285 1186 27 30 2 1
285 1213 22 30 2 2
285 1235 89 30 2 1
285 1324 116 30 2 3
315 786 45 56 2 2
315 831 19 56 2 3
315 850 77 33 2 1
315 927 57 56 2 1
315 984 102 56 2 3
315 1086 92 31 2 1
315 1178 90 31 2 3
315 1268 30 31 2 3
315 1298 93 31 2 2
315 1391 49 31 2 1
346 1178 31 25 2 1
346 1209 59 25 2 1
346 1268 13 25 2 2
346 1281 13 25 2 2
346 1294 37 25 2 3
346 1331 70 25 2 2
346 1401 39 25 2 2
346 1086 36 25 2 1
346 1122 56 25 2 1
348 850 44 23 2 1
348 894 33 23 2 3
371 786 30 137 2 3
371 816 39 68 2 2
371 855 35 78 2 1
371 890 68 38 2 3
371 958 63 41 2 1
371 1021 62 39 2 1
371 1083 30 137 2 3
371 1113 87 31 2 1
371 1200 88 31 2 1
371 1288 7 31 2 3
371 1295 47 31 2 2
371 1342 98 31 2 2
402 1113 21 106 2 2
402 1134 68 40 2 1
402 1202 34 40 2 3
402 1236 103 40 2 1
402 1339 10 40 2 1
402 1349 91 40 2 2
442 1134 48 66 2 2
442 1182 84 31 2 1
442 1266 36 66 2 3
442 1302 87 29 2 2
442 1389 51 66 2 1
471 1302 87 37 2 1
473 1182 84 35 2 1
410 1021 62 41 2 2
451 1021 62 57 2 1
412 958 63 30 2 3
442 958 31 66 2 3
442 989 32 37 2 3
479 989 32 29 2 1
409 890 68 99 2 3
449 855 35 59 2 2
439 816 39 37 2 3
476 816 39 20 2 2
496 816 12 12 2 1
496 828 27 12 2 2
