500 500 10
4
1250 290 4
220 700 3
120 1050 2
1600 210 1
1772
0 0 63 42 4 4
0 63 13 42 4 2
0 76 29 42 4 4
0 105 16 42 4 2
0 121 102 34 4 3
0 223 103 36 4 4
0 326 90 37 4 2
0 416 41 37 4 2
0 457 22 37 4 1
0 479 9 37 4 3
0 488 30 37 4 3
0 518 37 37 4 2
0 555 35 37 4 3
0 590 34 37 4 4
0 624 102 37 4 4
0 726 99 33 4 2
0 825 88 33 4 4
0 913 16 33 4 4
0 929 32 33 4 4
0 961 99 33 4 1
0 1060 16 33 4 1
0 1076 8 33 4 2
0 1084 79 33 4 4
0 1163 73 33 4 2
0 1236 14 15 4 2
15 1236 10 18 4 1
15 1246 4 9 4 3
24 1246 4 4 4 4
28 1246 4 5 4 3
33 726 3 4 4 1
33 729 4 4 4 4
33 733 1 4 4 2
33 734 3 4 4 3
33 737 9 4 4 1
33 746 2 4 4 1
33 748 1 4 4 3
33 749 2 4 4 3
33 751 1 4 4 1
33 752 6 4 4 4
33 758 1 4 4 1
33 759 9 4 4 3
33 768 2 4 4 2
33 770 12 4 4 1
33 782 1 4 4 3
33 783 1 4 4 3
33 784 10 4 4 2
33 794 6 4 4 1
33 800 2 4 4 4
33 802 11 4 4 3
33 813 12 4 4 3
33 825 1 4 4 3
33 826 8 4 4 1
33 834 8 4 4 2
33 842 8 4 4 3
33 850 10 4 4 2
33 860 4 4 4 3
33 864 2 4 4 1
33 866 10 4 4 4
33 876 11 4 4 1
33 887 8 4 4 2
33 895 3 4 4 1
33 898 1 4 4 2
33 899 5 4 4 3
33 904 1 4 4 2
33 905 12 4 4 4
33 917 11 4 4 4
33 928 10 4 4 2
33 938 1 4 4 4
33 939 12 4 4 4
33 951 9 4 4 4
33 960 12 4 4 4
33 972 1 4 4 4
33 973 11 4 4 2
33 984 6 4 4 2
33 990 12 4 4 3
33 1002 12 4 4 2
33 1014 2 4 4 4
33 1016 10 4 4 1
33 1026 8 4 4 2
33 1034 8 4 4 4
33 1042 2 4 4 3
33 1044 9 4 4 4
33 1053 2 4 4 1
33 1055 1 4 4 2
33 1056 4 4 4 2
33 1060 8 4 4 2
33 1068 5 4 4 2
33 1073 8 4 4 1
33 1081 12 4 4 1
33 1093 4 4 4 2
33 1097 10 4 4 2
33 1107 10 4 4 3
33 1117 4 4 4 3
33 1121 4 4 4 4
33 1125 2 4 4 3
33 1127 9 4 4 3
33 1136 12 4 4 3
33 1148 10 4 4 4
33 1158 12 4 4 1
33 1170 1 4 4 2
33 1171 7 4 4 4
33 1178 3 4 4 1
33 1181 6 4 4 1
33 1187 3 4 4 2
33 1190 1 4 4 3
33 1191 8 4 4 4
33 1199 7 4 4 1
33 1206 2 4 4 2
33 1208 9 4 4 1
33 1217 12 4 4 1
33 1229 11 4 4 1
33 1240 10 4 4 2
37 326 7 5 4 1
37 333 8 5 4 1
37 341 10 5 4 1
37 351 7 5 4 2
37 358 14 5 4 3
37 372 11 5 4 1
37 383 15 5 4 4
37 398 13 5 4 2
37 411 13 5 4 4
37 424 10 5 4 4
37 434 13 5 4 1
37 447 14 5 4 4
37 461 1 5 4 1
37 462 6 5 4 4
37 468 4 5 4 4
37 472 1 5 4 3
37 473 15 5 4 4
37 488 9 5 4 4
37 497 14 5 4 2
37 511 2 5 4 4
37 513 11 5 4 2
37 524 11 5 4 2
37 535 13 5 4 4
37 548 15 5 4 4
37 563 10 5 4 1
37 573 5 5 4 3
37 578 9 5 4 1
37 587 4 5 4 2
37 591 3 5 4 2
37 594 15 5 4 3
37 609 13 5 4 1
37 622 1 5 4 3
37 623 1 5 4 4
37 624 4 5 4 4
37 628 3 5 4 1
37 631 5 5 4 4
37 636 15 5 4 4
37 651 3 5 4 4
37 654 7 5 4 4
37 661 15 5 4 3
37 676 14 5 4 2
37 690 14 5 4 1
37 704 3 5 4 3
37 707 3 5 4 3
37 710 2 5 4 1
37 712 1 5 4 1
37 713 12 5 4 2
37 725 15 5 4 1
37 740 15 5 4 1
37 755 10 5 4 4
37 765 5 5 4 1
37 770 3 5 4 3
37 773 15 5 4 4
37 788 2 5 4 4
37 790 13 5 4 2
37 803 15 5 4 2
37 818 15 5 4 4
37 833 6 5 4 3
37 839 1 5 4 3
37 840 10 5 4 2
37 850 9 5 4 1
37 859 13 5 4 3
37 872 2 5 4 1
37 874 10 5 4 4
37 884 10 5 4 3
37 894 11 5 4 1
37 905 1 5 4 2
37 906 7 5 4 2
37 913 1 5 4 3
37 914 14 5 4 3
37 928 9 5 4 3
37 937 3 5 4 4
37 940 14 5 4 4
37 954 7 5 4 3
37 961 14 5 4 3
37 975 13 5 4 2
37 988 1 5 4 1
37 989 13 5 4 1
37 1002 5 5 4 3
37 1007 1 5 4 4
37 1008 14 5 4 1
37 1022 15 5 4 4
37 1037 1 5 4 1
37 1038 3 5 4 2
37 1041 13 5 4 2
37 1054 1 5 4 3
37 1055 9 5 4 2
37 1064 2 5 4 3
37 1066 7 5 4 4
37 1073 10 5 4 1
37 1083 10 5 4 1
37 1093 10 5 4 2
37 1103 3 5 4 4
37 1106 6 5 4 4
37 1112 3 5 4 1
37 1115 11 5 4 2
37 1126 10 5 4 3
37 1136 1 5 4 1
37 1137 5 5 4 2
37 1142 15 5 4 4
37 1157 2 5 4 3
37 1159 4 5 4 4
37 1163 1 5 4 4
37 1164 7 5 4 4
37 1171 4 5 4 4
37 1175 1 5 4 4
37 1176 15 5 4 1
37 1191 13 5 4 3
37 1204 1 5 4 3
37 1205 1 5 4 2
37 1206 7 5 4 2
37 1213 1 5 4 3
37 1214 4 5 4 2
37 1218 10 5 4 1
37 1228 6 5 4 3
37 1234 3 5 4 3
37 1237 13 5 4 3
36 223 4 6 4 2
36 227 14 6 4 1
36 241 18 6 4 1
36 259 15 6 4 1
36 274 1 6 4 1
36 275 17 6 4 1
36 292 17 6 4 3
36 309 17 6 4 3
34 121 11 8 4 3
34 132 9 8 4 4
34 141 20 8 4 3
34 161 24 8 4 4
34 185 23 8 4 2
34 208 4 8 4 3
34 212 5 8 4 2
34 217 6 8 4 4
42 0 100 36 4 2
42 100 100 37 4 3
42 200 85 30 4 1
42 285 57 61 4 2
42 342 84 29 4 4
42 426 6 29 4 3
42 432 60 29 4 3
42 492 31 29 4 3
42 523 6 29 4 3
42 529 62 29 4 3
42 591 7 29 4 4
42 598 29 29 4 1
42 627 9 29 4 2
42 636 83 29 4 2
42 719 87 29 4 2
42 806 24 29 4 1
42 830 55 29 4 2
42 885 79 29 4 3
42 964 7 29 4 4
42 971 39 29 4 4
42 1010 8 29 4 3
42 1018 85 29 4 4
42 1103 53 29 4 3
42 1156 29 29 4 1
42 1185 35 29 4 3
42 1220 30 24 4 4
66 1220 12 5 4 3
66 1232 3 5 4 3
66 1235 9 5 4 3
66 1244 6 5 4 4
71 342 44 32 4 2
71 386 90 32 4 3
71 476 78 32 4 4
71 554 96 32 4 1
71 650 48 32 4 4
71 698 14 32 4 4
71 712 61 32 4 3
71 773 24 32 4 2
71 797 29 32 4 2
71 826 7 32 4 2
71 833 94 32 4 3
71 927 13 32 4 4
71 940 7 32 4 2
71 947 27 32 4 3
71 974 90 32 4 3
71 1064 94 32 4 2
71 1158 27 32 4 2
71 1185 20 32 4 4
71 1205 45 23 4 4
94 1205 2 9 4 4
94 1207 11 9 4 1
94 1218 11 9 4 2
94 1229 14 9 4 3
94 1243 7 9 4 1
103 285 95 38 4 3
103 380 44 38 4 2
103 424 22 38 4 3
103 446 8 38 4 1
103 454 8 38 4 2
103 462 102 38 4 1
103 564 10 38 4 4
103 574 91 31 4 2
103 665 13 31 4 2
103 678 92 31 4 3
103 770 87 31 4 1
103 857 91 31 4 2
103 948 45 31 4 1
103 993 50 31 4 4
103 1043 10 31 4 3
103 1053 90 31 4 1
103 1143 19 31 4 3
103 1162 45 31 4 3
103 1207 30 31 4 4
103 1237 13 13 4 1
116 1237 13 9 4 4
125 1237 13 9 4 2
134 574 10 7 4 4
134 584 3 7 4 3
134 587 17 7 4 4
134 604 16 7 4 4
134 620 3 7 4 1
134 623 1 7 4 2
134 624 20 7 4 2
134 644 20 7 4 2
134 664 17 7 4 4
134 681 2 7 4 2
134 683 2 7 4 2
134 685 1 7 4 3
134 686 12 7 4 4
134 698 15 7 4 1
134 713 13 7 4 3
134 726 13 7 4 3
134 739 4 7 4 1
134 743 16 7 4 3
134 759 18 7 4 3
134 777 6 7 4 1
134 783 7 7 4 1
134 790 10 7 4 1
134 800 11 7 4 3
134 811 11 7 4 2
134 822 19 7 4 1
134 841 14 7 4 3
134 855 2 7 4 3
134 857 4 7 4 1
134 861 8 7 4 4
134 869 15 7 4 4
134 884 5 7 4 1
134 889 12 7 4 2
134 901 7 7 4 2
134 908 3 7 4 3
134 911 21 7 4 1
134 932 3 7 4 3
134 935 2 7 4 2
134 937 17 7 4 2
134 954 15 7 4 2
134 969 12 7 4 2
134 981 5 7 4 3
134 986 3 7 4 4
134 989 2 7 4 2
134 991 20 7 4 3
134 1011 4 7 4 4
134 1015 10 7 4 1
134 1025 21 7 4 4
134 1046 20 7 4 3
134 1066 2 7 4 3
134 1068 16 7 4 4
134 1084 8 7 4 3
134 1092 16 7 4 2
134 1108 16 7 4 4
134 1124 5 7 4 3
134 1129 19 7 4 1
134 1148 2 7 4 1
134 1150 4 7 4 1
134 1154 18 7 4 4
134 1172 20 7 4 3
134 1192 5 7 4 2
134 1197 16 7 4 3
134 1213 21 7 4 3
134 1234 16 7 4 3
141 285 82 40 4 1
141 367 54 52 4 1
141 421 99 37 4 2
141 520 11 52 4 4
141 531 105 35 4 2
141 636 12 52 4 1
141 648 33 52 4 3
141 681 11 52 4 1
141 692 34 52 4 2
141 726 71 35 4 2
141 797 57 52 4 4
141 854 64 42 4 3
141 918 105 35 4 2
141 1023 99 35 4 3
141 1122 85 35 4 1
141 1207 43 24 4 3
165 1207 29 11 4 2
165 1236 7 11 4 3
165 1243 7 11 4 3
176 1023 3 17 4 3
176 1026 38 17 4 3
176 1064 51 17 4 1
176 1115 49 17 4 3
176 1164 33 17 4 2
176 1197 28 17 4 2
176 1225 25 17 4 4
176 918 14 17 4 3
176 932 8 17 4 1
176 940 49 17 4 4
176 989 34 17 4 4
183 854 25 10 4 3
183 879 26 10 4 2
183 905 13 10 4 1
176 726 41 17 4 1
176 767 30 13 4 1
189 767 1 4 4 2
189 768 12 4 4 3
189 780 5 4 4 1
189 785 4 4 4 2
189 789 4 4 4 1
189 793 4 4 4 3
176 531 19 17 4 1
176 550 20 17 4 3
176 570 18 17 4 3
176 588 48 17 4 4
178 421 10 15 4 2
178 431 34 15 4 4
178 465 13 15 4 4
178 478 28 15 4 4
178 506 14 15 4 3
193 367 20 97 4 1
193 387 61 59 4 4
193 448 17 59 4 3
193 465 65 47 4 2
193 530 95 32 4 2
193 625 13 47 4 3
193 638 83 47 4 2
193 721 37 47 4 3
193 758 101 35 4 1
193 859 88 30 4 4
193 947 77 30 4 2
193 1024 35 30 4 1
193 1059 73 30 4 1
193 1132 25 30 4 2
193 1157 20 30 4 2
193 1177 73 30 4 3
223 859 9 17 4 2
223 868 10 17 4 3
223 878 47 17 4 2
223 925 27 17 4 1
223 952 49 17 4 2
223 1001 50 17 4 2
223 1051 10 17 4 3
223 1061 42 17 4 4
223 1103 45 17 4 1
223 1148 6 17 4 1
223 1154 42 17 4 4
223 1196 50 17 4 1
223 1246 4 5 4 1
228 1246 4 4 4 3
232 1246 4 3 4 3
235 1246 4 5 4 1
228 758 6 12 4 4
228 764 3 12 4 3
228 767 21 12 4 3
228 788 36 12 4 4
228 824 16 12 4 1
228 840 19 12 4 4
225 530 40 15 4 3
225 570 3 15 4 1
225 573 38 15 4 1
225 611 14 15 4 3
240 465 33 12 4 4
240 498 26 12 4 1
240 524 4 12 4 2
240 528 32 12 4 1
240 560 17 12 4 3
240 577 9 12 4 1
240 586 7 12 4 3
240 593 16 12 4 2
240 609 30 12 4 1
240 639 24 12 4 2
240 663 9 12 4 3
240 672 15 12 4 1
240 687 20 12 4 3
240 707 7 12 4 1
240 714 6 12 4 4
240 720 24 12 4 1
240 744 13 12 4 4
240 757 19 12 4 2
240 776 26 12 4 4
240 802 12 12 4 1
240 814 3 12 4 4
240 817 7 12 4 3
240 824 33 12 4 3
240 857 21 12 4 2
240 878 16 12 4 4
240 894 33 12 4 1
240 927 5 12 4 1
240 932 6 12 4 2
240 938 27 12 4 1
240 965 4 12 4 2
240 969 27 12 4 4
240 996 9 12 4 3
240 1005 30 12 4 1
240 1035 22 12 4 4
240 1057 19 12 4 2
240 1076 2 12 4 3
240 1078 13 12 4 2
240 1091 22 12 4 3
240 1113 36 12 4 3
240 1149 11 12 4 4
240 1160 8 12 4 2
240 1168 15 12 4 2
240 1183 35 12 4 3
240 1218 2 12 4 1
240 1220 24 12 4 2
240 1244 6 12 4 3
252 387 94 38 4 4
252 481 60 38 4 2
252 541 10 38 4 3
252 551 84 28 4 4
252 635 69 28 4 4
252 704 54 28 4 4
252 758 84 28 4 2
252 842 39 28 4 2
252 881 80 28 4 2
252 961 37 28 4 4
252 998 18 28 4 2
252 1016 24 28 4 1
252 1040 56 28 4 4
252 1096 34 28 4 4
252 1130 69 28 4 2
252 1199 14 28 4 4
252 1213 37 19 4 3
271 1213 20 9 4 3
271 1233 17 9 4 4
280 551 12 10 4 1
280 563 26 10 4 3
280 589 30 10 4 1
280 619 2 10 4 2
280 621 27 10 4 2
280 648 6 10 4 2
280 654 4 10 4 3
280 658 3 10 4 2
280 661 2 10 4 2
280 663 4 10 4 2
280 667 22 10 4 2
280 689 3 10 4 4
280 692 3 10 4 4
280 695 30 10 4 1
280 725 3 10 4 3
280 728 3 10 4 1
280 731 28 10 4 2
280 759 27 10 4 2
280 786 22 10 4 3
280 808 5 10 4 4
280 813 25 10 4 4
280 838 8 10 4 2
280 846 26 10 4 3
280 872 23 10 4 1
280 895 23 10 4 2
280 918 2 10 4 1
280 920 8 10 4 4
280 928 23 10 4 3
280 951 20 10 4 2
280 971 17 10 4 3
280 988 12 10 4 1
280 1000 18 10 4 2
280 1018 30 10 4 4
280 1048 29 10 4 2
280 1077 10 10 4 4
280 1087 20 10 4 4
280 1107 2 10 4 4
280 1109 18 10 4 3
280 1127 4 10 4 4
280 1131 29 10 4 4
280 1160 4 10 4 1
280 1164 13 10 4 2
280 1177 9 10 4 4
280 1186 30 10 4 3
280 1216 4 10 4 3
280 1220 5 10 4 4
280 1225 2 10 4 1
280 1227 23 10 4 2
181 285 25 97 4 2
181 310 57 43 4 4
224 310 41 66 4 4
224 351 16 21 4 2
245 351 16 28 4 2
273 351 16 11 4 2
284 351 16 6 4 1
278 285 25 12 4 2
72 200 85 35 4 4
107 200 26 101 4 4
107 226 31 90 4 4
107 257 28 85 4 3
192 257 13 16 4 1
192 270 4 16 4 3
192 274 11 8 4 1
200 274 11 8 4 2
197 226 5 11 4 4
197 231 26 11 4 4
208 200 85 39 4 2
247 200 78 43 4 3
247 278 7 20 4 3
267 278 7 7 4 3
274 278 7 6 4 3
280 278 7 5 4 1
285 278 3 5 4 1
285 281 4 5 4 1
79 100 35 77 4 1
79 135 65 32 4 4
111 135 65 29 4 4
140 135 4 16 4 2
140 139 48 16 4 4
140 187 13 11 4 1
151 187 13 5 4 2
156 100 36 69 4 3
156 136 64 28 4 2
184 136 64 30 4 2
214 136 10 11 4 2
214 146 3 11 4 2
214 149 7 11 4 1
214 156 14 11 4 3
214 170 30 11 4 1
225 100 25 65 4 1
225 125 75 47 4 3
272 125 44 18 4 1
272 169 5 18 4 2
272 174 4 18 4 3
272 178 17 18 4 3
272 195 5 13 4 4
285 195 5 5 4 1
78 0 94 36 4 3
78 94 6 8 4 4
86 94 6 8 4 3
94 94 6 20 4 2
114 0 32 112 4 2
114 32 68 51 4 1
165 32 68 37 4 2
202 32 7 24 4 4
202 39 25 24 4 3
202 64 36 18 4 4
220 64 16 6 4 2
220 80 12 6 4 4
220 92 8 6 4 2
226 0 20 64 4 1
226 20 62 48 4 4
226 82 11 48 4 1
226 93 7 33 4 4
259 93 7 6 4 4
265 93 7 9 4 4
274 20 37 16 4 3
274 57 16 16 4 1
274 73 16 16 4 2
274 89 11 8 4 1
282 89 11 8 4 4
0 0 66 24 3 2
0 66 52 26 3 2
0 118 40 26 3 2
0 158 52 26 3 2
0 210 10 10 3 4
10 210 10 16 3 2
26 66 30 46 3 3
26 96 13 46 3 4
26 109 10 46 3 3
26 119 41 36 3 2
26 160 46 29 3 1
26 206 14 36 3 3
55 160 1 7 3 2
55 161 10 7 3 2
55 171 21 7 3 2
55 192 1 7 3 2
55 193 3 7 3 4
55 196 5 7 3 3
55 201 5 7 3 3
62 119 24 10 3 2
62 143 10 10 3 4
62 153 2 10 3 3
62 155 18 10 3 4
62 173 2 10 3 3
62 175 14 10 3 3
62 189 31 10 3 2
72 66 63 21 3 4
72 129 25 42 3 2
72 154 19 76 3 2
72 173 47 19 3 3
91 173 28 48 3 1
91 201 19 36 3 4
127 201 19 12 3 2
139 173 27 9 3 1
139 200 20 9 3 1
148 154 62 22 3 1
148 216 4 60 3 4
208 216 4 24 3 4
232 216 4 81 3 3
313 216 4 28 3 2
341 216 4 24 3 2
365 216 4 30 3 2
395 216 4 59 3 3
454 216 4 37 3 1
491 216 4 24 3 3
515 216 4 16 3 2
531 216 4 15 3 2
546 216 4 17 3 1
563 216 4 17 3 3
580 216 4 42 3 1
622 216 4 11 3 2
633 216 4 11 3 4
644 216 4 10 3 4
654 216 4 9 3 4
663 216 4 8 3 4
671 216 4 15 3 2
686 216 4 5 3 4
691 216 4 9 3 2
170 154 62 23 3 3
193 154 62 23 3 2
216 154 57 19 3 2
216 211 5 7 3 4
223 211 5 8 3 2
231 211 5 4 3 4
235 154 19 58 3 2
235 173 43 24 3 2
259 173 43 23 3 3
282 173 19 11 3 1
282 192 24 11 3 3
293 154 62 21 3 1
314 154 19 81 3 3
314 173 31 36 3 2
314 204 12 19 3 1
333 204 12 17 3 4
350 204 12 45 3 2
350 173 31 28 3 1
378 173 31 17 3 1
395 154 53 22 3 1
395 207 9 10 3 4
405 207 9 6 3 1
411 207 9 6 3 2
417 154 20 73 3 1
417 174 15 70 3 2
417 189 27 21 3 2
438 189 27 23 3 4
461 189 15 70 3 3
461 204 12 18 3 2
479 204 12 36 3 1
515 204 12 10 3 2
525 204 12 6 3 1
531 189 18 82 3 3
531 207 9 52 3 3
583 207 9 30 3 1
613 189 27 27 3 4
640 189 27 19 3 4
659 189 27 21 3 4
680 189 27 14 3 3
694 189 6 6 3 2
694 195 16 6 3 2
694 211 5 6 3 3
487 174 15 21 3 1
508 174 15 45 3 2
553 174 15 88 3 1
641 174 15 17 3 4
658 174 15 17 3 3
675 174 15 11 3 3
686 174 15 14 3 3
490 154 20 58 3 1
548 154 16 78 3 1
548 170 4 10 3 2
558 170 4 29 3 2
587 170 4 8 3 3
595 170 4 15 3 2
610 170 4 10 3 3
620 170 4 6 3 2
626 154 20 29 3 2
655 154 20 21 3 1
676 154 6 24 3 2
676 160 14 11 3 2
687 160 3 13 3 3
687 163 3 13 3 4
687 166 8 13 3 1
114 129 25 25 3 2
139 129 25 25 3 1
164 129 25 34 3 2
198 129 25 22 3 4
220 129 20 54 3 1
220 149 5 10 3 1
230 149 5 19 3 2
249 149 5 13 3 1
262 149 5 5 3 2
267 149 5 7 3 4
274 129 25 23 3 4
297 129 25 24 3 3
321 129 25 38 3 3
359 129 15 73 3 4
359 144 10 17 3 1
376 144 10 14 3 3
390 144 10 17 3 4
407 144 10 20 3 3
427 144 10 5 3 3
432 129 25 23 3 3
455 129 25 33 3 3
488 129 25 21 3 2
509 129 25 32 3 2
541 129 25 45 3 4
586 129 25 20 3 3
606 129 25 21 3 4
627 129 25 21 3 3
648 129 11 52 3 4
648 140 14 52 3 2
93 66 63 21 3 1
114 66 19 62 3 1
114 85 44 19 3 1
133 85 44 37 3 3
170 85 18 88 3 4
170 103 26 40 3 3
210 103 26 29 3 3
239 103 26 25 3 2
264 103 26 21 3 1
285 103 26 20 3 2
305 103 26 25 3 1
330 103 26 19 3 1
349 103 26 32 3 4
381 103 17 75 3 4
381 120 9 53 3 1
434 120 9 8 3 4
442 120 9 7 3 1
449 120 9 7 3 2
456 103 15 73 3 4
456 118 11 17 3 1
473 118 11 14 3 4
487 118 11 25 3 3
512 118 11 17 3 1
529 103 26 37 3 3
566 103 14 72 3 3
566 117 12 51 3 4
617 117 12 36 3 1
653 117 12 30 3 2
683 117 12 9 3 1
692 117 12 8 3 4
638 103 14 17 3 1
655 103 14 17 3 2
672 103 6 28 3 3
672 109 8 9 3 3
681 109 8 10 3 1
691 109 4 9 3 4
691 113 4 4 3 2
695 113 4 5 3 2
258 85 18 22 3 1
280 85 18 31 3 3
311 85 18 20 3 2
331 85 18 70 3 3
401 85 18 42 3 3
443 85 18 45 3 1
488 85 18 24 3 4
512 85 18 33 3 4
545 85 18 31 3 3
576 85 18 23 3 2
599 85 18 48 3 3
647 85 18 21 3 2
668 85 7 32 3 4
668 92 11 12 3 3
680 92 4 20 3 1
680 96 7 8 3 2
688 96 7 5 3 3
693 96 3 7 3 1
693 99 4 7 3 1
176 66 19 44 3 4
220 66 19 35 3 3
255 66 19 23 3 1
278 66 19 29 3 2
307 66 19 46 3 3
353 66 19 19 3 4
372 66 19 24 3 4
396 66 19 30 3 3
426 66 15 70 3 2
426 81 4 20 3 3
446 81 4 20 3 1
466 81 4 29 3 2
495 81 4 19 3 2
514 81 4 22 3 2
536 81 4 27 3 1
563 81 4 20 3 4
583 81 4 16 3 4
599 81 4 12 3 2
611 81 4 35 3 2
646 81 4 11 3 2
657 81 4 9 3 2
666 81 4 7 3 4
673 81 4 8 3 2
681 81 4 10 3 1
691 81 4 9 3 1
496 66 15 21 3 4
517 66 15 23 3 1
540 66 15 31 3 4
571 66 15 28 3 3
599 66 15 25 3 3
624 66 15 19 3 3
643 66 15 57 3 1
24 0 38 33 3 1
24 38 28 37 3 4
61 38 28 19 3 1
80 38 28 61 3 2
141 38 28 23 3 3
164 38 28 32 3 1
196 38 28 21 3 3
217 38 28 23 3 2
240 38 28 20 3 2
260 38 28 23 3 1
283 38 28 33 3 4
316 38 28 27 3 1
343 38 23 54 3 4
343 61 5 37 3 2
380 61 5 45 3 3
425 61 5 21 3 3
446 61 5 20 3 2
466 61 5 70 3 4
536 61 5 62 3 2
598 61 5 22 3 4
620 61 5 22 3 3
642 61 5 13 3 2
655 61 5 17 3 3
672 61 5 8 3 3
680 61 5 8 3 1
688 61 5 5 3 3
693 61 5 7 3 2
397 38 23 26 3 2
423 38 23 32 3 1
455 38 23 23 3 4
478 38 18 84 3 2
478 56 5 72 3 3
550 56 5 31 3 4
581 56 5 50 3 4
631 56 5 12 3 2
643 56 5 37 3 2
680 56 5 20 3 4
562 38 18 34 3 1
596 38 18 30 3 4
626 38 18 34 3 3
660 38 18 19 3 2
679 38 18 21 3 3
57 0 38 20 3 3
77 0 18 86 3 2
77 18 20 36 3 4
113 18 20 43 3 1
156 18 20 28 3 1
184 18 16 71 3 2
184 34 4 23 3 1
207 34 4 8 3 4
215 34 4 8 3 4
223 34 4 7 3 4
230 34 4 21 3 4
251 34 4 4 3 3
255 18 20 24 3 4
279 18 20 20 3 3
299 18 20 26 3 3
325 18 20 38 3 3
363 18 20 21 3 1
384 18 20 68 3 2
452 18 20 45 3 4
497 18 20 25 3 3
522 18 20 84 3 2
606 18 20 36 3 4
642 18 20 36 3 3
678 18 5 22 3 2
678 23 15 12 3 2
690 23 15 10 3 3
163 0 18 24 3 3
187 0 18 45 3 4
232 0 18 23 3 2
255 0 18 31 3 2
286 0 18 23 3 1
309 0 18 26 3 4
335 0 18 32 3 2
367 0 18 24 3 4
391 0 18 25 3 1
416 0 18 67 3 1
483 0 18 34 3 4
517 0 18 32 3 1
549 0 18 23 3 4
572 0 18 20 3 3
592 0 18 22 3 2
614 0 18 73 3 3
687 0 9 13 3 3
687 9 3 13 3 3
687 12 6 9 3 2
696 12 6 4 3 2
0 0 48 20 2 2
0 48 55 19 2 3
0 103 17 19 2 1
19 48 15 71 2 3
19 63 57 22 2 2
41 63 32 26 2 1
41 95 17 69 2 2
41 112 8 40 2 2
81 112 8 42 2 1
123 112 8 20 2 3
143 112 8 28 2 3
171 112 8 55 2 2
226 112 8 69 2 2
295 112 8 59 2 3
354 112 8 20 2 4
374 112 8 25 2 1
399 112 8 39 2 3
438 112 8 20 2 4
458 112 8 30 2 4
488 112 8 21 2 2
509 112 8 21 2 4
530 112 8 28 2 2
558 112 8 65 2 2
623 112 8 24 2 4
647 112 8 24 2 1
671 112 8 59 2 1
730 112 8 48 2 4
778 112 8 18 2 3
796 112 8 20 2 2
816 112 8 29 2 1
845 112 8 17 2 2
862 112 8 22 2 1
884 112 8 22 2 3
906 112 8 52 2 2
958 112 8 18 2 1
976 112 8 54 2 3
1030 112 8 12 2 2
1042 112 2 8 2 4
1042 114 6 8 2 2
110 95 17 50 2 3
160 95 17 20 2 4
180 95 17 31 2 2
211 95 17 19 2 4
230 95 17 17 2 3
247 95 17 55 2 3
302 95 17 19 2 1
321 95 17 19 2 1
340 95 17 21 2 3
361 95 17 21 2 3
382 95 17 68 2 2
450 95 17 19 2 2
469 95 17 23 2 2
492 95 17 18 2 2
510 95 17 24 2 1
534 95 17 23 2 2
557 95 17 51 2 1
608 95 17 23 2 4
631 95 17 67 2 1
698 95 17 27 2 4
725 95 17 68 2 1
793 95 17 22 2 2
815 95 17 19 2 4
834 95 17 49 2 4
883 95 17 19 2 2
902 95 17 22 2 3
924 95 17 64 2 2
988 95 17 19 2 1
1007 95 10 43 2 3
1007 105 7 11 2 1
1018 105 7 13 2 2
1031 105 7 7 2 3
1038 105 7 12 2 4
67 63 17 52 2 4
67 80 15 28 2 2
95 80 15 13 2 1
108 80 15 11 2 3
119 63 32 18 2 2
137 63 27 44 2 1
137 90 5 10 2 3
147 90 5 10 2 4
157 90 5 11 2 4
168 90 5 13 2 4
181 63 32 20 2 1
201 63 32 24 2 1
225 63 32 28 2 1
253 63 32 20 2 2
273 63 32 19 2 4
292 63 32 19 2 2
311 63 32 22 2 2
333 63 32 18 2 3
351 63 32 23 2 1
374 63 32 19 2 3
393 63 32 21 2 3
414 63 20 63 2 2
414 83 12 27 2 4
441 83 12 13 2 4
454 83 12 12 2 2
466 83 12 7 2 1
473 83 1 4 2 2
473 84 6 4 2 3
473 90 5 4 2 2
477 63 32 19 2 2
496 63 32 38 2 1
534 63 32 18 2 4
552 63 32 18 2 2
570 63 32 22 2 3
592 63 32 24 2 3
616 63 32 23 2 2
639 63 21 60 2 3
639 84 11 56 2 1
695 84 11 4 2 2
699 63 32 17 2 4
716 63 32 21 2 4
737 63 32 23 2 4
760 63 32 19 2 4
779 63 32 43 2 3
822 63 32 29 2 4
851 63 32 28 2 4
879 63 32 22 2 1
901 63 32 21 2 2
922 63 19 46 2 4
922 82 13 18 2 2
940 82 13 18 2 3
958 82 13 75 2 3
1033 82 13 10 2 3
1043 82 13 7 2 3
968 63 19 23 2 4
991 63 19 49 2 2
1040 63 13 10 2 1
1040 76 6 4 2 2
1044 76 6 6 2 2
90 48 15 17 2 3
107 48 15 29 2 2
136 48 15 20 2 3
156 48 15 28 2 3
184 48 15 21 2 2
205 48 15 30 2 1
235 48 15 19 2 1
254 48 15 48 2 1
302 48 15 31 2 1
333 48 15 57 2 1
390 48 15 21 2 4
411 48 15 20 2 3
431 48 15 18 2 4
449 48 15 44 2 3
493 48 15 19 2 1
512 48 15 67 2 2
579 48 15 52 2 2
631 48 15 70 2 1
701 48 15 55 2 3
756 48 15 55 2 4
811 48 15 47 2 1
858 48 15 24 2 1
882 48 15 17 2 2
899 48 15 42 2 2
941 48 15 43 2 4
984 48 15 19 2 1
1003 48 15 30 2 1
1033 48 15 12 2 2
1045 48 3 5 2 1
1045 51 12 5 2 2
20 0 48 20 2 4
40 0 24 35 2 2
40 24 24 26 2 1
66 24 4 9 2 4
66 28 20 9 2 2
75 0 25 50 2 4
75 25 23 18 2 4
93 25 23 61 2 4
154 25 23 18 2 1
172 25 23 26 2 1
198 25 23 33 2 2
231 25 23 53 2 3
284 25 16 58 2 3
284 41 7 48 2 3
332 41 7 41 2 2
373 41 7 38 2 3
411 41 7 60 2 2
471 41 7 19 2 1
490 41 7 32 2 2
522 41 7 24 2 3
546 41 7 20 2 1
566 41 7 20 2 1
586 41 7 38 2 3
624 41 7 22 2 4
646 41 7 23 2 4
669 41 7 46 2 2
715 41 7 69 2 4
784 41 7 22 2 2
806 41 7 31 2 1
837 41 7 19 2 3
856 41 7 21 2 1
877 41 7 32 2 4
909 41 7 25 2 1
934 41 7 18 2 1
952 41 7 30 2 2
982 41 7 15 2 3
997 41 7 25 2 1
1022 41 7 19 2 1
1041 41 7 9 2 1
342 25 16 18 2 1
360 25 16 25 2 2
385 25 16 25 2 3
410 25 16 38 2 4
448 25 16 67 2 1
515 25 16 59 2 4
574 25 16 19 2 3
593 25 16 25 2 3
618 25 16 22 2 4
640 25 16 24 2 4
664 25 16 77 2 2
741 25 16 21 2 4
762 25 16 31 2 1
793 25 16 18 2 4
811 25 16 18 2 1
829 25 16 31 2 4
860 25 16 19 2 1
879 25 16 61 2 3
940 25 16 21 2 2
961 25 16 36 2 3
997 25 16 21 2 1
1018 25 16 16 2 2
1034 25 4 16 2 4
1034 29 12 16 2 4
125 0 25 39 2 3
164 0 25 18 2 1
182 0 25 22 2 1
204 0 19 59 2 2
204 19 6 20 2 3
224 19 6 15 2 4
239 19 6 12 2 3
251 19 6 6 2 3
257 19 6 6 2 2
263 0 25 32 2 4
295 0 18 71 2 3
295 18 7 13 2 3
308 18 7 16 2 4
324 18 7 12 2 3
336 18 7 24 2 4
360 18 1 6 2 3
360 19 6 6 2 3
366 0 25 17 2 1
383 0 25 20 2 2
403 0 16 62 2 1
403 16 9 14 2 4
417 16 9 12 2 4
429 16 9 11 2 4
440 16 9 21 2 3
461 16 2 4 2 1
461 18 7 4 2 2
465 0 25 24 2 2
489 0 25 20 2 1
509 0 25 27 2 2
536 0 25 22 2 2
558 0 25 23 2 3
581 0 25 26 2 1
607 0 25 25 2 1
632 0 25 26 2 1
658 0 25 27 2 1
685 0 25 20 2 4
705 0 25 20 2 2
725 0 25 20 2 3
745 0 25 45 2 3
790 0 25 21 2 4
811 0 25 21 2 4
832 0 25 42 2 4
874 0 25 19 2 4
893 0 25 22 2 3
915 0 25 20 2 4
935 0 25 28 2 1
963 0 16 79 2 3
963 16 9 16 2 2
979 16 9 16 2 3
995 16 9 23 2 4
1018 16 9 10 2 2
1028 16 9 11 2 4
1039 16 9 6 2 2
1045 16 9 5 2 4
1042 0 10 8 2 1
1042 10 6 4 2 1
1046 10 6 4 2 1
0 0 29 116 1 4
0 29 28 116 1 4
0 57 48 54 1 1
0 105 35 64 1 4
0 140 85 39 1 1
0 225 87 31 1 4
0 312 70 47 1 2
0 382 9 47 1 1
0 391 19 47 1 2
0 410 93 31 1 2
0 503 91 31 1 3
0 594 26 31 1 4
0 620 82 31 1 2
0 702 6 31 1 1
0 708 32 31 1 3
0 740 51 31 1 2
0 791 24 31 1 1
0 815 68 31 1 4
0 883 67 31 1 4
0 950 19 31 1 2
0 969 28 31 1 4
0 997 19 31 1 1
0 1016 8 31 1 4
0 1024 68 31 1 1
0 1092 64 31 1 1
0 1156 50 31 1 3
0 1206 19 31 1 3
0 1225 7 31 1 1
0 1232 23 31 1 2
0 1255 50 31 1 4
0 1305 16 31 1 2
0 1321 30 31 1 1
0 1351 19 31 1 2
0 1370 53 31 1 4
0 1423 57 31 1 2
0 1480 33 31 1 4
0 1513 42 31 1 1
0 1555 45 31 1 2
31 410 7 16 1 3
31 417 4 16 1 3
31 421 43 16 1 1
31 464 3 16 1 2
31 467 48 16 1 2
31 515 9 16 1 1
31 524 27 16 1 4
31 551 8 16 1 4
31 559 10 16 1 1
31 569 27 16 1 2
31 596 46 16 1 3
31 642 4 16 1 3
31 646 9 16 1 1
31 655 39 16 1 4
31 694 7 16 1 4
31 701 46 16 1 2
31 747 15 16 1 4
31 762 6 16 1 4
31 768 47 16 1 4
31 815 47 16 1 2
31 862 26 16 1 4
31 888 12 16 1 1
31 900 7 16 1 3
31 907 25 16 1 4
31 932 20 16 1 1
31 952 19 16 1 2
31 971 47 16 1 2
31 1018 16 16 1 2
31 1034 4 16 1 1
31 1038 48 16 1 4
31 1086 31 16 1 3
31 1117 48 16 1 3
31 1165 3 16 1 3
31 1168 48 16 1 2
31 1216 3 16 1 2
31 1219 48 16 1 1
31 1267 3 16 1 3
31 1270 47 16 1 4
31 1317 29 16 1 2
31 1346 14 16 1 4
31 1360 48 16 1 4
31 1408 47 16 1 3
31 1455 34 16 1 1
31 1489 4 16 1 2
31 1493 22 16 1 1
31 1515 10 16 1 2
31 1525 15 16 1 4
31 1540 43 16 1 2
31 1583 17 10 1 4
41 1583 2 6 1 3
41 1585 15 6 1 4
47 312 14 69 1 3
47 326 90 30 1 2
47 416 85 30 1 2
47 501 35 30 1 1
47 536 67 30 1 4
47 603 76 30 1 3
47 679 79 30 1 2
47 758 6 30 1 1
47 764 50 30 1 4
47 814 26 30 1 1
47 840 29 30 1 1
47 869 89 30 1 4
47 958 56 30 1 2
47 1014 6 30 1 1
47 1020 86 30 1 4
47 1106 6 30 1 1
47 1112 7 30 1 2
47 1119 86 30 1 4
47 1205 79 30 1 2
47 1284 75 30 1 4
47 1359 33 30 1 1
47 1392 84 30 1 1
47 1476 21 30 1 1
47 1497 79 30 1 3
47 1576 24 17 1 2
64 1576 5 13 1 1
64 1581 19 13 1 2
77 326 68 34 1 1
77 394 8 39 1 1
77 402 39 39 1 2
77 441 12 39 1 4
77 453 34 39 1 1
77 487 99 33 1 2
77 586 83 28 1 3
77 669 98 34 1 2
77 767 24 34 1 4
77 791 81 28 1 4
77 872 7 34 1 3
77 879 98 34 1 1
77 977 55 34 1 2
77 1032 77 34 1 2
77 1109 99 34 1 4
77 1208 8 34 1 4
77 1216 42 34 1 3
77 1258 46 34 1 4
77 1304 40 34 1 4
77 1344 90 34 1 2
77 1434 75 34 1 2
77 1509 91 30 1 4
107 1509 5 4 1 2
107 1514 9 4 1 4
107 1523 12 4 1 2
107 1535 12 4 1 2
107 1547 7 4 1 4
107 1554 10 4 1 2
107 1564 7 4 1 3
107 1571 8 4 1 4
107 1579 1 4 1 2
107 1580 1 4 1 2
107 1581 11 4 1 1
107 1592 8 4 1 4
105 791 11 6 1 3
105 802 1 6 1 2
105 803 15 6 1 4
105 818 5 6 1 3
105 823 4 6 1 1
105 827 12 6 1 3
105 839 17 6 1 2
105 856 16 6 1 3
111 669 8 5 1 2
111 677 14 5 1 3
111 691 11 5 1 4
111 702 1 5 1 3
111 703 15 5 1 2
111 718 2 5 1 2
111 720 13 5 1 1
111 733 10 5 1 4
111 743 3 5 1 1
111 746 7 5 1 4
111 753 7 5 1 4
111 760 14 5 1 4
111 774 14 5 1 3
111 788 10 5 1 1
111 798 11 5 1 2
111 809 11 5 1 2
111 820 15 5 1 4
111 835 13 5 1 1
111 848 1 5 1 4
111 849 14 5 1 2
111 863 10 5 1 4
111 873 9 5 1 4
111 882 6 5 1 1
111 888 8 5 1 4
111 896 6 5 1 4
111 902 14 5 1 1
111 916 14 5 1 2
111 930 2 5 1 4
111 932 5 5 1 2
111 937 13 5 1 2
111 950 15 5 1 1
111 965 1 5 1 1
111 966 3 5 1 3
111 969 15 5 1 2
111 984 1 5 1 2
111 985 2 5 1 3
111 987 5 5 1 3
111 992 14 5 1 4
111 1006 13 5 1 4
111 1019 2 5 1 2
111 1021 15 5 1 2
111 1036 14 5 1 4
111 1050 3 5 1 3
111 1053 8 5 1 3
111 1061 12 5 1 2
111 1073 10 5 1 2
111 1083 1 5 1 3
111 1084 14 5 1 1
111 1098 14 5 1 3
111 1112 5 5 1 1
111 1117 13 5 1 1
111 1130 8 5 1 1
111 1138 3 5 1 2
111 1141 3 5 1 3
111 1144 10 5 1 4
111 1154 3 5 1 4
111 1157 14 5 1 1
111 1171 14 5 1 1
111 1185 2 5 1 1
111 1187 4 5 1 3
111 1191 2 5 1 4
111 1193 4 5 1 1
111 1197 2 5 1 4
111 1199 8 5 1 2
111 1207 1 5 1 1
111 1208 15 5 1 2
111 1223 11 5 1 3
111 1234 14 5 1 3
111 1248 15 5 1 1
111 1263 3 5 1 1
111 1266 8 5 1 1
111 1274 1 5 1 4
111 1275 11 5 1 2
111 1286 15 5 1 4
111 1301 11 5 1 2
111 1312 4 5 1 4
111 1316 13 5 1 1
111 1329 8 5 1 2
111 1337 6 5 1 4
111 1343 1 5 1 3
111 1344 10 5 1 1
111 1354 4 5 1 4
111 1358 11 5 1 3
111 1369 9 5 1 3
111 1378 2 5 1 4
111 1380 11 5 1 1
111 1391 2 5 1 3
111 1393 2 5 1 3
111 1395 13 5 1 4
111 1408 9 5 1 2
111 1417 15 5 1 2
111 1432 13 5 1 1
111 1445 3 5 1 2
111 1448 2 5 1 1
111 1450 1 5 1 1
111 1451 15 5 1 4
111 1466 12 5 1 4
111 1478 1 5 1 2
111 1479 4 5 1 3
111 1483 4 5 1 4
111 1487 14 5 1 4
111 1501 15 5 1 4
111 1516 2 5 1 3
111 1518 8 5 1 4
111 1526 9 5 1 1
111 1535 2 5 1 2
111 1537 3 5 1 2
111 1540 1 5 1 1
111 1541 14 5 1 2
111 1555 15 5 1 4
111 1570 9 5 1 2
111 1579 14 5 1 1
111 1593 7 5 1 3
105 586 12 11 1 2
105 598 33 11 1 1
105 631 6 11 1 3
105 637 4 11 1 1
105 641 19 11 1 1
105 660 3 11 1 2
105 663 6 11 1 4
110 487 11 6 1 3
110 498 14 6 1 2
110 512 5 6 1 4
110 517 2 6 1 2
110 519 4 6 1 3
110 523 16 6 1 3
110 539 4 6 1 1
110 543 6 6 1 4
110 549 17 6 1 3
110 566 10 6 1 2
110 576 10 6 1 1
111 326 12 5 1 2
111 338 15 5 1 3
111 353 15 5 1 2
111 368 4 5 1 4
111 372 15 5 1 2
111 387 7 5 1 3
31 225 18 85 1 4
31 243 34 67 1 4
31 277 35 33 1 3
64 277 25 52 1 2
64 302 10 19 1 3
83 302 10 10 1 1
93 302 10 13 1 3
106 302 10 6 1 4
112 302 2 4 1 1
112 304 8 4 1 4
98 243 7 18 1 1
98 250 27 14 1 2
112 250 3 4 1 1
112 253 2 4 1 3
112 255 10 4 1 3
112 265 12 4 1 1
39 140 26 77 1 1
39 166 59 45 1 4
84 166 59 26 1 1
110 166 2 6 1 3
110 168 16 6 1 1
110 184 12 6 1 3
110 196 18 6 1 2
110 214 11 6 1 3
64 105 19 52 1 4
64 124 16 31 1 3
95 124 6 21 1 4
95 130 10 8 1 3
103 130 5 13 1 4
103 135 5 5 1 3
108 135 5 4 1 3
112 135 5 4 1 1
54 57 48 30 1 4
84 57 48 32 1 4
116 0 35 94 1 1
116 35 66 37 1 3
116 101 86 33 1 2
116 187 50 33 1 1
116 237 99 33 1 2
116 336 11 33 1 2
116 347 50 33 1 4
116 397 9 33 1 1
116 406 76 33 1 4
116 482 77 33 1 4
116 559 80 33 1 4
116 639 76 33 1 4
116 715 82 33 1 1
116 797 46 33 1 4
116 843 87 29 1 1
116 930 35 33 1 4
116 965 95 33 1 4
116 1060 47 33 1 3
116 1107 96 33 1 2
116 1203 18 33 1 1
116 1221 99 33 1 3
116 1320 9 33 1 4
116 1329 97 33 1 2
116 1426 15 33 1 2
116 1441 76 33 1 2
116 1517 83 33 1 3
145 843 9 4 1 4
145 852 9 4 1 2
145 861 7 4 1 4
145 868 2 4 1 2
145 870 6 4 1 4
145 876 9 4 1 2
145 885 11 4 1 1
145 896 1 4 1 3
145 897 12 4 1 2
145 909 4 4 1 3
145 913 3 4 1 2
145 916 2 4 1 3
145 918 1 4 1 3
145 919 11 4 1 3
149 101 95 34 1 4
149 196 11 34 1 1
149 207 70 34 1 4
149 277 9 34 1 1
149 286 102 34 1 2
149 388 97 34 1 1
149 485 63 34 1 1
149 548 73 34 1 2
149 621 73 34 1 1
149 694 101 34 1 2
149 795 8 34 1 3
149 803 39 34 1 2
149 842 81 34 1 3
149 923 102 34 1 3
149 1025 81 28 1 2
149 1106 58 34 1 4
149 1164 84 29 1 1
149 1248 83 29 1 2
149 1331 49 29 1 4
149 1380 51 29 1 2
149 1431 65 29 1 3
149 1496 63 29 1 1
149 1559 33 29 1 2
149 1592 8 9 1 2
158 1592 8 12 1 4
170 1592 8 8 1 2
178 1248 1 5 1 1
178 1249 2 5 1 2
178 1251 15 5 1 1
178 1266 14 5 1 1
178 1280 5 5 1 3
178 1285 12 5 1 3
178 1297 13 5 1 4
178 1310 15 5 1 2
178 1325 13 5 1 3
178 1338 9 5 1 1
178 1347 8 5 1 3
178 1355 10 5 1 1
178 1365 4 5 1 1
178 1369 2 5 1 2
178 1371 1 5 1 3
178 1372 15 5 1 3
178 1387 5 5 1 1
178 1392 6 5 1 4
178 1398 15 5 1 1
178 1413 9 5 1 1
178 1422 2 5 1 2
178 1424 13 5 1 2
178 1437 3 5 1 3
178 1440 10 5 1 1
178 1450 6 5 1 1
178 1456 3 5 1 1
178 1459 8 5 1 1
178 1467 12 5 1 1
178 1479 7 5 1 4
178 1486 1 5 1 3
178 1487 11 5 1 1
178 1498 4 5 1 2
178 1502 2 5 1 1
178 1504 11 5 1 4
178 1515 3 5 1 3
178 1518 4 5 1 1
178 1522 1 5 1 3
178 1523 15 5 1 2
178 1538 11 5 1 1
178 1549 3 5 1 2
178 1552 2 5 1 3
178 1554 8 5 1 3
178 1562 7 5 1 4
178 1569 1 5 1 2
178 1570 15 5 1 4
178 1585 5 5 1 1
178 1590 10 5 1 1
178 1164 13 5 1 4
178 1177 9 5 1 1
178 1186 1 5 1 3
178 1187 15 5 1 1
178 1202 7 5 1 1
178 1209 11 5 1 1
178 1220 11 5 1 4
178 1231 12 5 1 2
178 1243 5 5 1 4
177 1025 7 6 1 2
177 1032 11 6 1 3
177 1043 3 6 1 2
177 1046 16 6 1 1
177 1062 11 6 1 1
177 1073 14 6 1 1
177 1087 19 6 1 1
183 101 22 27 1 4
183 123 7 27 1 3
183 130 60 27 1 2
183 190 68 27 1 1
183 258 25 27 1 2
183 283 52 27 1 4
183 335 80 27 1 3
183 415 65 27 1 4
183 480 66 27 1 3
183 546 80 27 1 1
183 626 63 27 1 1
183 689 76 27 1 2
183 765 37 27 1 2
183 802 11 27 1 1
183 813 6 27 1 1
183 819 40 27 1 2
183 859 9 27 1 1
183 868 30 27 1 1
183 898 6 27 1 4
183 904 14 27 1 4
183 918 77 27 1 1
183 995 68 27 1 3
183 1063 32 27 1 1
183 1095 17 27 1 2
183 1112 32 27 1 3
183 1144 24 27 1 1
183 1168 75 27 1 2
183 1243 58 27 1 1
183 1301 7 27 1 2
183 1308 8 27 1 1
183 1316 9 27 1 1
183 1325 75 27 1 4
183 1400 74 27 1 3
183 1474 57 27 1 4
183 1531 65 27 1 1
183 1596 4 7 1 4
190 1596 4 10 1 2
200 1596 4 4 1 3
204 1596 4 6 1 1
153 35 66 37 1 3
190 35 4 20 1 3
190 39 26 20 1 1
190 65 36 20 1 3
