200 300 16
4
200 320 4.5
200 570 3.5
200 215 3.0
240 240 2.5
283
0 0 126 41 4.5
0 126 50 32 4.5
0 176 24 41 4.5
32 126 28 9 4.5
32 154 22 9 4.5
41 0 107 29 4.5
41 107 88 22 4.5
41 195 5 14 4.5
55 195 5 8 4.5
63 107 8 7 4.5
63 115 10 7 4.5
63 125 6 7 4.5
63 131 4 7 4.5
63 135 22 7 4.5
63 157 27 7 4.5
63 184 4 7 4.5
63 188 12 7 4.5
70 0 99 43 4.5
70 99 22 43 4.5
70 121 52 30 4.5
70 173 27 22 4.5
92 173 18 8 4.5
92 191 9 4 4.5
96 191 9 4 4.5
100 121 50 13 4.5
100 171 7 13 4.5
100 178 9 13 4.5
100 187 13 8 4.5
108 187 13 5 4.5
113 0 67 92 4.5
113 67 43 79 4.5
113 110 75 26 4.5
113 185 15 25 4.5
138 185 15 15 4.5
153 185 15 29 4.5
182 185 5 10 4.5
182 190 10 10 4.5
139 110 27 53 4.5
139 137 48 28 4.5
167 137 33 25 4.5
167 170 15 25 4.5
192 67 38 77 4.5
192 105 95 36 4.5
228 105 73 25 4.5
228 178 22 20 4.5
248 178 22 12 4.5
260 178 8 9 4.5
260 186 14 9 4.5
253 105 22 16 4.5
253 127 40 16 4.5
253 167 11 12 4.5
265 167 2 4 4.5
265 169 9 4 4.5
269 67 133 34 4.5
303 67 15 17 4.5
303 82 9 17 4.5
303 91 41 17 4.5
303 132 18 17 4.5
303 150 17 17 4.5
303 167 9 17 4.5
303 176 18 17 4.5
303 194 6 8 4.5
311 194 6 4 4.5
315 194 6 5 4.5
205 0 48 59 4.5
205 48 19 35 4.5
240 48 19 15 4.5
255 48 19 9 4.5
264 0 31 52 4.5
264 31 36 30 4.5
294 31 15 26 4.5
294 46 21 12 4.5
306 46 21 9 4.5
315 46 13 5 4.5
315 59 8 5 4.5
316 0 9 4 4.5
316 9 3 4 4.5
316 12 15 4 4.5
316 27 4 4 4.5
0 0 88 47 3
0 88 39 47 3
0 127 33 47 3
0 160 40 23 3
23 160 24 24 3
23 184 16 15 3
38 184 16 9 3
47 0 102 33 3
47 102 98 29 3
76 102 87 119 3
76 189 11 20 3
96 189 11 19 3
115 189 11 15 3
130 189 11 21 3
151 189 11 11 3
162 189 11 10 3
172 189 11 11 3
183 189 11 12 3
195 102 98 36 3
231 102 98 106 3
337 102 74 46 3
337 176 24 17 3
354 176 24 20 3
374 176 6 9 3
374 182 18 9 3
383 102 72 67 3
383 174 26 76 3
459 174 26 68 3
527 174 26 22 3
549 174 26 21 3
450 102 72 33 3
483 102 72 45 3
528 102 46 42 3
528 148 22 42 3
528 170 4 7 3
535 170 4 6 3
541 170 4 6 3
547 170 4 11 3
558 170 4 8 3
566 170 4 4 3
80 0 102 29 3
109 0 71 42 3
109 71 31 28 3
137 71 27 14 3
137 98 4 4 3
141 98 4 4 3
145 98 4 6 3
151 0 102 62 3
213 0 102 60 3
273 0 102 50 3
323 0 102 44 3
367 0 102 38 3
405 0 102 59 3
464 0 93 51 3
464 93 9 27 3
491 93 9 8 3
499 93 9 9 3
508 93 9 7 3
515 0 31 55 3
515 31 71 31 3
546 31 12 24 3
546 43 59 20 3
566 43 16 4 3
566 59 3 4 3
566 62 11 4 3
566 73 14 4 3
566 87 5 4 3
566 92 4 4 3
566 96 6 4 3
0 0 78 50 3
0 78 61 20 3
0 139 61 18 3
18 139 61 21 3
39 139 17 11 3
39 156 35 11 3
39 191 9 7 3
46 191 9 4 3
20 78 30 30 3
20 108 31 15 3
35 108 31 15 3
50 0 99 25 3
50 99 36 25 3
50 135 44 25 3
50 179 13 25 3
50 192 8 15 3
65 192 8 5 3
70 192 8 5 3
75 0 30 41 3
75 30 112 41 3
75 142 58 19 3
94 142 58 22 3
116 0 79 27 3
116 79 32 27 3
116 111 34 27 3
116 145 22 27 3
116 167 33 15 3
131 167 26 12 3
131 193 7 5 3
136 193 7 7 3
143 0 37 72 3
143 37 29 37 3
143 66 92 23 3
143 158 42 16 3
159 158 4 7 3
159 162 4 7 3
159 166 26 7 3
159 192 8 7 3
166 66 50 14 3
166 116 56 14 3
166 172 28 10 3
176 172 5 4 3
176 177 3 4 3
176 180 14 4 3
176 194 6 4 3
180 37 55 28 3
180 92 27 35 3
180 119 28 35 3
180 147 53 23 3
203 147 42 12 3
203 189 11 12 3
208 37 4 7 3
208 41 27 7 3
208 68 10 7 3
208 78 14 7 3
0 0 110 50 2.5
0 110 77 22 2.5
0 187 42 22 2.5
0 229 11 22 2.5
22 110 17 28 2.5
22 127 87 24 2.5
22 214 26 13 2.5
35 214 26 11 2.5
46 214 6 4 2.5
46 220 3 4 2.5
46 223 10 4 2.5
46 233 7 4 2.5
46 127 5 4 2.5
46 132 15 4 2.5
46 147 15 4 2.5
46 162 16 4 2.5
46 178 9 4 2.5
46 187 16 4 2.5
46 203 4 4 2.5
46 207 3 4 2.5
46 210 4 4 2.5
50 0 51 36 2.5
50 51 73 30 2.5
50 124 45 36 2.5
50 169 52 36 2.5
50 221 19 15 2.5
65 221 19 21 2.5
80 51 15 6 2.5
80 66 23 6 2.5
80 89 12 6 2.5
80 101 8 6 2.5
80 109 15 6 2.5
86 0 110 47 2.5
86 110 116 47 2.5
86 226 14 21 2.5
107 226 14 26 2.5
133 0 47 32 2.5
133 47 87 32 2.5
133 134 17 32 2.5
133 151 89 23 2.5
156 151 11 9 2.5
156 162 15 9 2.5
156 177 19 9 2.5
156 196 5 9 2.5
156 201 7 9 2.5
156 208 7 9 2.5
156 215 5 9 2.5
156 220 11 9 2.5
156 231 9 9 2.5
165 0 39 75 2.5
165 39 78 28 2.5
165 117 86 22 2.5
165 203 19 22 2.5
165 222 18 10 2.5
175 222 6 12 2.5
175 228 12 8 2.5
183 228 5 4 2.5
183 233 7 4 2.5
187 117 23 6 2.5
187 140 5 6 2.5
187 145 21 6 2.5
187 166 18 6 2.5
187 184 3 6 2.5
187 187 17 6 2.5
187 204 5 6 2.5
187 209 21 6 2.5
187 230 4 6 2.5
187 234 6 6 2.5
193 39 78 20 2.5
193 117 123 40 2.5
233 117 20 7 2.5
233 137 4 7 2.5
233 141 15 7 2.5
233 156 7 7 2.5
233 163 28 7 2.5
233 191 7 7 2.5
233 198 18 7 2.5
233 216 6 7 2.5
233 222 18 7 2.5
213 39 78 27 2.5
