200 200 5
5
130 200 4
160 120 3
190 80 2
30 80 1
70 160 0.5
61
0 0 130 59 4 3
59 0 54 141 4 4
59 54 76 64 4 4
123 54 76 68 4 1
191 54 22 9 4 3
191 76 5 9 4 2
191 81 18 9 4 4
191 99 3 9 4 4
191 102 21 9 4 3
191 123 7 5 4 3
196 123 2 4 4 1
196 125 5 4 4 3
0 0 134 45 3 2
0 134 26 20 3 2
20 134 12 25 3 4
20 146 14 25 3 3
45 0 21 75 3 2
45 21 112 62 3 2
45 133 27 62 3 4
107 21 9 13 3 4
107 30 3 13 3 3
107 33 25 13 3 3
107 58 3 13 3 4
107 61 15 13 3 3
107 76 34 13 3 4
107 110 39 13 3 5
107 149 11 13 3 4
0 0 147 49 2 3
0 147 43 49 2 3
49 0 8 31 2 3
49 8 55 31 2 3
49 63 92 31 2 4
49 155 10 31 2 3
49 165 8 31 2 2
49 173 7 31 2 4
49 180 10 10 2 4
59 180 4 21 2 3
59 184 6 21 2 2
0 0 30 20 1 3
20 0 24 29 1 3
20 24 6 13 1 4
33 24 6 8 1 4
41 24 6 4 1 4
45 24 1 4 1 3
45 25 1 4 1 2
45 26 4 4 1 1
49 0 30 17 1 4
66 0 21 14 1 3
66 21 9 9 1 3
75 21 1 5 1 2
75 22 8 5 1 4
0 0 70 43 0.5 3
43 0 70 40 0.5 3
83 0 70 37 0.5 5
120 0 11 40 0.5 2
120 11 9 40 0.5 4
120 20 14 40 0.5 3
120 34 14 40 0.5 4
120 48 16 40 0.5 4
120 64 6 28 0.5 3
148 64 6 12 0.5 3
