280 240 19
4
760 240 4.5
100 790 3.0
150 440 2.0
300 290 1.0
383
0 0 69 100 4.5
0 69 108 61 4.5
0 177 77 77 4.5
0 254 73 93 4.5
0 327 112 81 4.5
0 439 101 68 4.5
0 540 67 68 4.5
0 607 73 68 4.5
0 680 64 68 4.5
0 744 16 24 4.5
24 744 16 22 4.5
46 744 16 22 4.5
68 439 14 13 4.5
68 453 18 13 4.5
68 471 7 13 4.5
68 478 9 13 4.5
68 487 25 13 4.5
68 512 25 13 4.5
68 537 14 13 4.5
68 551 15 13 4.5
68 566 15 13 4.5
68 581 12 13 4.5
68 593 18 13 4.5
68 611 14 13 4.5
68 625 22 13 4.5
68 647 19 13 4.5
68 666 18 13 4.5
68 684 19 13 4.5
68 703 17 13 4.5
68 720 11 13 4.5
68 731 12 13 4.5
68 743 17 13 4.5
81 327 26 19 4.5
81 353 18 19 4.5
81 371 23 19 4.5
81 394 19 19 4.5
81 413 27 19 4.5
81 440 20 19 4.5
81 460 16 19 4.5
81 476 29 19 4.5
81 505 17 19 4.5
81 522 17 19 4.5
81 539 34 19 4.5
81 573 28 19 4.5
81 601 32 19 4.5
81 633 12 19 4.5
81 645 32 19 4.5
81 677 24 19 4.5
81 701 33 19 4.5
81 734 26 19 4.5
93 254 9 7 4.5
93 263 9 7 4.5
93 272 11 7 4.5
93 283 9 7 4.5
93 292 12 7 4.5
93 304 11 7 4.5
93 315 12 7 4.5
77 177 35 23 4.5
77 212 34 23 4.5
77 246 8 12 4.5
89 246 8 11 4.5
61 69 58 39 4.5
61 127 50 39 4.5
100 0 77 82 4.5
100 77 93 93 4.5
100 170 112 81 4.5
100 282 88 58 4.5
100 370 79 58 4.5
100 449 57 58 4.5
100 506 68 58 4.5
100 574 42 58 4.5
100 616 52 58 4.5
100 668 55 58 4.5
100 723 37 44 4.5
144 723 14 14 4.5
144 737 18 14 4.5
144 755 5 8 4.5
152 755 5 6 4.5
158 282 108 69 4.5
158 390 102 62 4.5
158 492 95 57 4.5
158 587 87 62 4.5
158 674 86 55 4.5
213 674 5 7 4.5
213 679 11 7 4.5
213 690 10 7 4.5
213 700 11 7 4.5
213 711 9 7 4.5
213 720 11 7 4.5
213 731 8 7 4.5
213 739 12 7 4.5
213 751 9 7 4.5
215 492 8 5 4.5
215 500 7 5 4.5
215 507 6 5 4.5
215 513 9 5 4.5
215 522 7 5 4.5
215 529 8 5 4.5
215 537 4 5 4.5
215 541 6 5 4.5
215 547 8 5 4.5
215 555 7 5 4.5
215 562 6 5 4.5
215 568 8 5 4.5
215 576 11 5 4.5
220 390 9 7 4.5
220 399 9 7 4.5
220 408 5 7 4.5
220 413 7 7 4.5
220 420 7 7 4.5
220 427 10 7 4.5
220 437 8 7 4.5
220 445 10 7 4.5
220 455 4 7 4.5
220 459 9 7 4.5
220 468 8 7 4.5
220 476 11 7 4.5
220 487 10 7 4.5
220 497 11 7 4.5
220 508 6 7 4.5
220 514 11 7 4.5
220 525 13 7 4.5
220 538 9 7 4.5
220 547 5 7 4.5
220 552 9 7 4.5
220 561 10 7 4.5
220 571 12 7 4.5
220 583 6 7 4.5
220 589 11 7 4.5
220 600 10 7 4.5
220 610 9 7 4.5
220 619 11 7 4.5
220 630 5 7 4.5
220 635 9 7 4.5
220 644 8 7 4.5
220 652 9 7 4.5
220 661 7 7 4.5
220 668 9 7 4.5
220 677 10 7 4.5
220 687 12 7 4.5
220 699 7 7 4.5
220 706 7 7 4.5
220 713 9 7 4.5
220 722 10 7 4.5
220 732 11 7 4.5
220 743 11 7 4.5
220 754 6 7 4.5
227 282 21 13 4.5
227 303 17 13 4.5
227 320 21 13 4.5
227 341 8 13 4.5
227 349 17 13 4.5
227 366 17 13 4.5
227 383 14 13 4.5
227 397 13 13 4.5
227 410 14 13 4.5
227 424 17 13 4.5
227 441 19 13 4.5
227 460 16 13 4.5
227 476 11 13 4.5
227 487 16 13 4.5
227 503 10 13 4.5
227 513 21 13 4.5
227 534 20 13 4.5
227 554 14 13 4.5
227 568 14 13 4.5
227 582 19 13 4.5
227 601 16 13 4.5
227 617 23 13 4.5
227 640 11 13 4.5
227 651 16 13 4.5
227 667 15 13 4.5
227 682 20 13 4.5
227 702 17 13 4.5
227 719 21 13 4.5
227 740 20 13 4.5
181 170 38 59 4.5
181 208 55 59 4.5
181 263 19 26 4.5
207 263 19 24 4.5
231 263 12 9 4.5
231 275 7 9 4.5
193 77 65 47 4.5
193 142 28 32 4.5
225 142 14 15 4.5
225 156 14 15 4.5
182 0 77 58 4.5
0 0 73 43 3
0 73 27 31 3
31 73 8 12 3
31 81 19 12 3
43 0 77 44 3
43 77 23 26 3
69 77 23 18 3
87 0 67 56 3
87 67 33 47 3
134 67 10 9 3
134 77 11 9 3
134 88 12 9 3
143 0 43 53 3
143 43 57 66 3
209 43 57 48 3
257 43 57 44 3
301 43 57 48 3
349 43 57 54 3
403 43 44 53 3
403 87 13 65 3
468 87 13 51 3
519 87 13 56 3
575 87 13 39 3
614 87 13 37 3
651 87 13 32 3
683 87 13 34 3
717 87 13 34 3
751 87 13 23 3
774 87 13 16 3
456 43 44 52 3
508 43 44 40 3
548 43 44 47 3
595 43 44 45 3
640 43 44 54 3
694 43 44 52 3
746 43 44 36 3
782 43 10 8 3
782 53 9 8 3
782 62 13 8 3
782 75 12 8 3
196 0 43 50 3
246 0 43 40 3
286 0 43 38 3
324 0 43 52 3
376 0 43 46 3
422 0 43 45 3
467 0 43 50 3
517 0 43 40 3
557 0 43 57 3
614 0 43 47 3
661 0 43 53 3
714 0 43 44 3
758 0 43 32 3
0 0 60 45 2
0 60 58 38 2
0 118 32 35 2
35 118 8 10 2
35 126 18 10 2
35 144 6 10 2
38 60 8 7 2
38 68 7 7 2
38 75 7 7 2
38 82 9 7 2
38 91 11 7 2
38 102 6 7 2
38 108 10 7 2
45 0 54 44 2
45 54 65 39 2
45 119 31 31 2
76 119 15 13 2
76 134 16 13 2
84 54 8 5 2
84 62 8 5 2
84 70 6 5 2
84 76 8 5 2
84 84 5 5 2
84 89 6 5 2
84 95 9 5 2
84 104 7 5 2
84 111 8 5 2
89 0 41 69 2
89 41 63 35 2
89 104 46 35 2
124 41 68 45 2
124 109 41 41 2
165 109 41 37 2
202 109 41 61 2
263 109 41 47 2
310 109 41 57 2
367 109 41 39 2
406 109 41 34 2
169 41 55 43 2
169 96 13 20 2
189 96 13 23 2
212 41 68 38 2
250 41 68 40 2
290 41 49 39 2
290 90 19 40 2
330 90 19 38 2
368 90 19 33 2
401 90 19 19 2
420 90 19 20 2
329 41 49 40 2
369 41 49 38 2
407 41 49 33 2
158 0 41 63 2
221 0 41 32 2
253 0 41 48 2
301 0 41 44 2
345 0 41 49 2
394 0 41 34 2
428 0 15 12 2
428 15 14 12 2
428 29 12 12 2
0 0 52 50 1
0 52 46 61 1
0 98 53 47 1
0 151 46 47 1
0 197 44 47 1
0 241 59 40 1
40 241 13 7 1
40 254 7 7 1
40 261 11 7 1
40 272 5 7 1
40 277 6 7 1
40 283 8 7 1
40 291 9 7 1
47 98 56 52 1
47 154 44 76 1
47 198 64 57 1
47 262 38 49 1
96 262 38 27 1
104 198 24 19 1
104 222 27 19 1
104 249 13 19 1
123 154 65 49 1
123 219 71 58 1
123 290 10 41 1
164 290 10 28 1
192 290 10 38 1
230 290 10 23 1
253 290 10 15 1
268 290 10 11 1
279 290 6 11 1
279 296 4 6 1
285 296 4 5 1
181 219 71 45 1
226 219 71 42 1
268 219 25 22 1
268 244 41 22 1
268 285 5 9 1
277 285 5 8 1
285 285 5 5 1
172 154 57 53 1
172 211 8 16 1
188 211 8 13 1
201 211 8 11 1
212 211 8 8 1
220 211 8 5 1
225 154 65 52 1
277 154 16 13 1
277 170 12 13 1
277 182 16 13 1
277 198 21 13 1
99 98 56 71 1
170 98 56 43 1
213 98 56 40 1
253 98 44 37 1
253 142 12 24 1
277 142 12 9 1
286 142 5 4 1
286 147 7 4 1
61 52 46 45 1
106 52 46 53 1
159 52 46 53 1
212 52 46 56 1
268 52 27 22 1
268 79 19 22 1
50 0 52 54 1
104 0 47 51 1
104 47 5 26 1
130 47 5 23 1
153 47 5 23 1
176 47 5 20 1
196 47 5 18 1
214 47 5 16 1
230 47 5 13 1
243 47 5 15 1
258 47 5 13 1
271 47 5 8 1
279 47 5 11 1
155 0 47 49 1
204 0 47 62 1
266 0 32 24 1
266 32 15 16 1
282 32 15 8 1
