600 400 5
3
400 400 4.5
240 810 2.0
480 190 1.0
214
118 124 4 2
172 67 4 1
7 67 4 1
103 50 4 1
31 17 4 1
68 17 4 1
4 4 4 2
4 5 4 1
4 3 4 1
4 5 4 2
116 43 4 1
27 43 4 1
57 43 4 1
4 43 4 2
12 43 4 1
66 43 4 2
1 14 4 2
28 14 4 3
37 14 4 2
15 14 4 2
8 14 4 2
7 14 4 1
3 14 4 2
12 14 4 3
49 14 4 2
16 14 4 1
30 14 4 2
40 14 4 1
36 14 4 4
79 154 4 2
136 51 4 1
43 160 4 1
142 82 4 1
82 78 4 1
60 33 4 2
60 27 4 2
19 18 4 1
41 18 4 1
141 43 4 1
44 23 4 1
44 15 4 3
18 5 4 2
1 5 4 1
12 5 4 1
8 5 4 1
5 5 4 1
98 49 4 1
53 49 4 2
34 26 4 1
34 23 4 1
95 24 4 2
41 24 4 1
49 17 4 1
23 7 4 3
4 7 4 2
17 7 4 2
5 3 4 1
1 4 4 2
4 4 4 1
78 62 4 1
58 38 4 2
58 24 4 3
136 68 4 2
29 95 4 2
107 47 4 1
103 43 4 2
4 8 4 1
4 9 4 1
4 31 4 1
4 5 4 1
7 5 4 1
17 5 4 2
10 5 4 1
16 5 4 2
1 5 4 2
14 5 4 3
8 5 4 1
1 5 4 3
3 5 4 2
22 5 4 2
79 49 4 1
79 36 4 1
79 30 4 1
7 7 4 1
18 7 4 1
16 7 4 1
11 7 4 2
8 7 4 1
10 7 4 1
4 7 4 3
5 7 4 2
76 181 2 2
164 97 2 1
132 84 2 1
32 57 2 1
19 27 2 3
13 12 2 2
9 15 2 2
4 5 2 2
4 10 2 2
27 226 2 2
193 97 2 1
20 22 2 1
20 33 2 1
8 42 2 2
12 11 2 1
8 31 2 1
4 11 2 1
4 5 2 1
4 10 2 1
4 5 2 3
175 53 2 2
38 40 2 1
38 30 2 1
38 25 2 2
38 24 2 1
38 10 2 1
106 76 2 2
69 54 2 2
31 22 2 1
4 22 2 1
34 14 2 1
27 8 2 1
7 8 2 1
198 98 2 2
25 98 2 2
17 21 2 1
17 18 2 2
17 59 2 1
101 171 2 2
139 37 2 1
139 70 2 2
104 72 2 2
35 28 2 1
35 26 2 3
35 14 2 2
8 4 2 1
1 4 2 2
2 4 2 1
10 4 2 1
5 4 2 3
9 4 2 2
118 93 2 1
21 27 2 2
21 21 2 1
21 16 2 1
21 14 2 1
9 15 2 2
12 9 2 2
12 6 2 1
131 33 2 2
8 9 2 1
8 8 2 2
4 16 2 1
4 8 2 1
4 3 2 4
4 5 2 1
101 54 2 2
101 49 2 1
83 31 2 2
5 31 2 1
13 31 2 2
129 37 1 3
107 28 1 2
47 28 1 1
18 28 1 1
87 28 1 1
92 28 1 2
73 78 1 2
188 47 1 1
90 26 1 4
6 52 1 1
5 52 1 2
30 52 1 3
49 24 1 1
49 22 1 1
1 6 1 2
20 6 1 1
10 6 1 1
3 6 1 1
15 6 1 2
31 31 1 2
10 31 1 1
30 31 1 3
61 31 1 1
56 22 1 4
28 9 1 1
28 9 1 2
9 84 1 4
91 25 1 1
72 25 1 2
10 25 1 2
34 25 1 2
76 25 1 2
59 25 1 1
58 59 1 1
73 59 1 2
98 31 1 2
113 39 1 1
49 20 1 2
64 20 1 2
41 28 1 2
49 28 1 1
8 8 1 1
8 12 1 1
3 8 1 2
5 8 1 1
129 42 1 2
58 111 1 2
71 29 1 2
71 36 1 3
71 24 1 2
12 22 1 2
59 22 1 2
