180 160 28
4
180 410 4
240 430 3
180 250 2
180 620 1
75
42 55 4 2
42 98 4 3
42 64 4 3
42 70 4 1
42 73 4 3
42 74 4 3
84 51 4 3
38 45 4 1
46 45 4 1
84 97 4 3
48 109 4 2
48 84 4 2
48 83 4 3
48 66 4 3
48 44 4 3
96 71 4 1
37 37 4 1
22 37 4 3
37 37 4 2
96 72 4 1
55 37 4 3
41 37 4 3
54 77 3 2
54 65 3 3
54 61 3 2
55 68 3 2
55 135 3 3
109 113 3 1
109 68 3 2
35 46 3 1
30 46 3 3
44 46 3 1
65 138 3 3
65 89 3 2
66 126 3 3
66 101 3 1
53 101 3 3
78 101 3 2
131 102 3 2
48 61 2 2
48 79 2 2
48 89 2 1
48 51 2 3
96 55 2 1
30 55 2 3
66 55 2 3
42 110 2 3
42 43 2 2
42 67 2 1
84 70 2 2
48 70 2 1
36 42 2 1
36 28 2 1
41 80 1 1
41 77 1 2
41 73 1 3
41 81 1 1
42 98 1 1
42 100 1 3
42 113 1 1
83 154 1 3
83 155 1 2
48 130 1 2
48 77 1 3
48 102 1 1
49 73 1 1
49 127 1 2
49 109 1 2
97 87 1 3
41 68 1 1
36 68 1 2
20 36 1 3
20 32 1 1
97 78 1 3
97 78 1 2
