700 1000 15
3
700 1800 4
700 1350 3
1050 1250 2
1780
154 36 4 1
154 38 4 1
29 140 4 3
69 36 4 2
28 140 4 1
28 32 4 1
28 47 4 2
28 61 4 1
69 41 4 3
13 63 4 1
25 63 4 2
31 63 4 2
40 74 4 3
114 46 4 2
67 28 4 1
27 28 4 1
20 28 4 3
47 63 4 1
24 107 4 3
83 37 4 1
83 41 4 1
83 29 4 2
107 32 4 2
42 90 4 3
28 139 4 1
37 49 4 1
37 38 4 2
37 34 4 2
37 49 4 1
37 30 4 2
37 47 4 3
37 75 4 2
37 50 4 1
37 42 4 3
37 32 4 3
37 19 4 2
28 113 4 3
28 38 4 2
28 36 4 1
28 38 4 2
28 60 4 2
28 41 4 3
42 36 4 1
42 118 4 3
42 125 4 2
42 96 4 1
47 48 4 2
47 51 4 1
47 49 4 1
47 47 4 2
47 31 4 2
47 81 4 3
28 106 4 3
19 106 4 3
47 128 4 2
64 53 4 2
91 53 4 3
24 115 4 2
27 109 4 3
104 49 4 1
104 60 4 3
68 61 4 2
63 32 4 1
63 61 4 1
63 37 4 2
63 37 4 3
30 85 4 3
33 36 4 1
33 72 4 2
33 59 4 3
33 29 4 3
33 38 4 3
33 38 4 1
33 48 4 2
33 36 4 1
33 207 4 1
30 59 4 2
30 39 4 1
30 42 4 2
30 113 4 2
30 102 4 3
30 37 4 3
30 86 4 1
68 55 4 1
44 66 4 2
24 37 4 3
24 63 4 3
24 42 4 1
24 36 4 3
24 31 4 1
24 45 4 2
24 54 4 3
24 52 4 3
24 41 4 3
24 137 4 3
24 28 4 3
24 20 4 1
24 28 4 3
44 31 4 3
44 58 4 3
44 30 4 3
44 61 4 3
44 42 4 2
44 37 4 1
44 42 4 1
44 66 4 2
44 57 4 2
44 45 4 3
44 30 4 3
44 49 4 3
24 105 4 2
24 88 4 1
24 81 4 3
24 88 4 2
24 36 4 3
24 141 4 3
24 29 4 1
24 64 4 2
24 44 4 3
24 48 4 2
89 46 4 3
36 46 4 2
32 46 4 2
101 46 4 1
51 46 4 3
82 49 4 1
103 49 4 2
124 49 4 3
35 100 4 2
23 111 4 2
62 50 4 3
50 52 4 1
14 52 4 2
125 29 4 3
65 23 4 2
6 23 4 3
9 23 4 2
45 23 4 3
87 59 4 2
102 59 4 1
62 61 4 3
76 42 4 2
42 62 4 3
33 62 4 2
123 38 4 1
57 24 4 1
38 24 4 2
28 24 4 3
103 36 4 3
22 36 4 1
45 36 4 1
28 20 4 3
28 16 4 3
64 65 4 1
46 86 4 2
88 30 4 2
88 56 4 1
72 36 4 3
62 30 4 1
7 34 4 3
55 34 4 1
72 28 4 1
64 32 4 2
64 31 4 1
8 22 4 3
56 22 4 2
34 106 4 1
42 47 4 2
42 59 4 2
76 62 4 3
8 38 4 3
68 38 4 2
35 52 4 2
35 84 4 3
35 35 4 3
35 55 4 3
7 33 4 1
28 33 4 3
91 36 4 3
104 36 4 3
114 36 4 1
67 42 4 2
72 53 4 3
83 53 4 3
23 53 4 3
64 35 4 2
64 18 4 3
84 43 4 3
99 43 4 3
25 43 4 1
34 25 4 2
6 18 4 3
28 18 4 2
75 35 4 3
105 35 4 2
7 35 4 3
55 35 4 2
56 46 4 3
52 52 4 3
60 52 4 1
74 52 4 1
93 31 4 3
93 31 4 2
105 38 4 2
28 38 4 3
53 38 4 2
77 53 4 2
57 45 4 3
34 80 4 3
18 34 4 3
18 31 4 1
18 33 4 1
18 26 4 3
11 42 4 1
7 24 4 1
7 18 4 3
22 86 4 2
12 21 4 1
12 17 4 2
12 28 4 1
12 20 4 1
57 37 4 2
57 32 4 3
57 52 4 1
77 31 4 1
77 33 4 1
15 49 4 3
62 49 4 1
56 37 4 3
26 105 4 1
30 105 4 2
56 37 4 1
56 62 4 3
67 86 4 1
67 39 4 1
67 31 4 2
67 40 4 1
29 96 4 1
38 35 4 1
38 86 4 2
13 59 4 2
25 24 4 3
25 21 4 2
7 14 4 3
18 14 4 3
29 44 4 3
29 40 4 2
24 112 4 2
85 32 4 2
86 32 4 3
18 80 4 3
75 48 4 1
19 48 4 1
59 29 4 2
10 19 4 3
49 19 4 2
96 32 4 1
57 32 4 1
96 35 4 2
24 35 4 2
23 35 4 1
7 35 4 2
21 35 4 1
14 35 4 2
10 12 4 1
10 9 4 1
4 14 4 2
6 5 4 1
6 5 4 3
1 4 4 3
3 4 4 1
2 2 4 3
2 2 4 3
85 48 4 1
110 38 4 2
110 44 4 2
110 30 4 3
55 63 4 3
13 63 4 3
20 63 4 2
22 36 4 1
22 15 4 3
3 12 4 3
19 12 4 2
110 38 4 3
110 34 4 3
33 80 4 3
32 127 4 3
45 40 4 2
45 36 4 1
45 51 4 3
77 35 4 1
77 41 4 2
77 39 4 2
77 50 4 1
77 39 4 2
77 32 4 3
33 86 4 3
44 78 4 1
44 30 4 2
44 27 4 1
14 16 4 2
30 16 4 3
33 35 4 2
33 30 4 2
33 61 4 3
33 40 4 3
33 45 4 2
33 36 4 1
33 32 4 1
33 52 4 2
33 38 4 3
33 130 4 2
85 54 4 3
85 39 4 2
85 34 4 3
40 77 4 1
45 31 4 2
45 46 4 3
38 102 4 3
31 102 4 1
16 102 4 1
27 137 4 2
58 38 4 2
58 32 4 3
26 122 4 3
32 45 4 1
32 77 4 1
58 37 4 3
58 64 4 3
58 114 4 1
27 66 4 3
27 36 4 1
27 40 4 1
27 66 4 2
27 62 4 2
96 39 4 1
100 39 4 1
82 35 4 1
114 35 4 2
96 40 4 2
100 30 4 3
100 45 4 3
100 30 4 1
65 60 4 2
35 32 4 3
35 28 4 3
35 94 4 3
19 94 4 1
46 61 4 1
46 33 4 2
100 30 4 2
100 35 4 3
38 83 4 1
62 33 4 3
62 50 4 2
100 53 4 2
65 54 4 2
35 30 4 2
35 85 4 1
35 131 4 1
35 54 4 2
35 34 4 2
35 23 4 2
35 17 4 2
35 119 4 3
30 38 4 2
30 81 4 1
42 62 4 2
23 37 4 2
23 43 4 2
23 31 4 1
23 54 4 1
10 36 4 1
13 19 4 2
13 17 4 1
42 43 4 1
42 62 4 1
42 22 4 2
25 12 4 2
17 12 4 3
46 82 4 1
50 37 4 1
50 29 4 1
6 16 4 1
24 16 4 2
20 16 4 3
96 36 4 3
35 118 4 3
61 30 4 3
61 40 4 2
61 48 4 3
96 48 4 3
96 30 4 3
96 36 4 1
96 39 4 3
36 106 4 3
60 31 4 2
60 75 4 2
96 37 4 2
24 113 4 1
72 41 4 3
72 47 4 3
9 25 4 1
63 25 4 2
39 149 4 2
35 73 4 3
22 31 4 1
22 34 4 1
22 84 4 2
35 43 4 2
35 33 4 2
107 38 4 1
60 65 4 1
107 39 4 3
33 87 4 1
22 87 4 3
62 34 4 3
62 33 4 1
10 20 4 2
20 20 4 3
14 20 4 3
18 12 4 2
3 8 4 3
7 8 4 3
8 5 4 2
4 3 4 1
4 3 4 1
117 40 4 3
117 37 4 3
53 71 4 1
64 33 4 2
24 116 4 2
24 108 4 2
16 59 4 1
16 18 4 3
16 31 4 1
40 141 4 2
24 133 4 2
53 52 4 1
53 33 4 3
53 50 4 2
53 29 4 1
16 47 4 3
37 28 4 2
37 19 4 1
107 36 4 2
107 31 4 3
27 127 4 3
80 39 4 1
80 50 4 2
34 86 4 2
46 35 4 1
29 94 4 2
17 104 4 3
17 55 4 1
17 21 4 2
11 36 4 2
6 9 4 2
6 8 4 3
6 7 4 2
6 5 4 3
6 7 4 1
29 122 4 2
34 34 4 2
34 37 4 1
34 31 4 3
34 30 4 2
34 33 4 3
27 32 4 3
27 40 4 2
27 141 4 1
60 69 4 1
60 79 4 1
60 68 4 2
32 105 4 2
28 105 4 1
60 34 4 1
26 26 4 1
34 26 4 3
107 47 4 3
107 39 4 3
107 36 4 2
29 119 4 1
78 40 4 1
78 37 4 1
78 37 4 3
78 53 4 1
27 119 4 1
51 39 4 1
51 41 4 3
13 39 4 2
38 24 4 3
21 15 4 3
5 15 4 1
12 15 4 3
29 30 4 1
29 34 4 3
29 46 4 1
14 57 4 1
15 57 4 3
54 76 4 1
111 37 4 2
104 37 4 1
122 37 4 1
117 39 4 3
26 39 4 1
110 39 4 3
8 39 4 1
14 39 4 2
8 39 4 1
54 39 4 1
64 43 4 2
103 43 4 3
58 43 4 2
72 43 4 2
22 43 4 1
13 43 4 1
59 43 4 1
29 126 4 3
41 97 4 1
63 64 4 1
107 38 4 3
151 38 4 3
82 39 4 3
69 37 4 1
69 39 4 3
69 45 4 3
39 168 4 1
30 43 4 3
30 29 4 2
30 59 4 3
30 21 4 2
4 16 4 1
26 16 4 1
33 107 4 2
49 69 4 2
19 38 4 2
11 38 4 1
19 18 4 2
19 11 4 3
3 9 4 2
16 9 4 2
82 61 4 2
82 82 4 3
107 36 4 2
68 62 4 2
18 62 4 3
12 62 4 1
9 20 4 2
9 19 4 1
9 10 4 1
9 8 4 3
2 5 4 2
7 5 4 3
52 80 4 2
55 30 4 1
20 50 4 3
35 50 4 2
107 42 4 2
16 69 4 1
91 31 4 3
91 38 4 1
41 90 4 1
22 33 4 2
22 21 4 3
22 36 4 2
63 66 4 3
63 38 4 2
16 69 4 1
24 69 4 1
23 35 4 1
23 34 4 1
41 46 4 1
41 73 4 1
41 31 4 3
41 33 4 1
15 47 4 3
26 47 4 1
29 32 4 3
29 48 4 1
29 49 4 2
29 31 4 1
29 21 4 3
29 20 4 1
91 34 3 3
95 34 3 3
70 35 3 1
116 35 3 2
68 29 3 2
23 92 3 1
95 32 3 2
95 31 3 1
95 29 3 2
26 109 3 1
28 109 3 1
64 109 3 1
92 27 3 1
92 31 3 3
51 38 3 3
41 32 3 1
41 32 3 1
41 32 3 2
41 38 3 3
41 32 3 3
41 36 3 1
41 31 3 3
41 26 3 1
41 31 3 2
41 28 3 3
41 23 3 3
41 16 3 3
51 28 3 2
51 32 3 2
51 37 3 3
51 53 3 2
51 27 3 1
51 49 3 1
51 37 3 3
51 27 3 1
9 29 3 1
22 29 3 1
20 29 3 2
26 28 3 1
26 30 3 1
26 112 3 2
26 33 3 1
26 66 3 3
26 32 3 3
26 32 3 2
26 27 3 2
26 31 3 3
26 24 3 2
26 92 3 2
42 37 3 2
42 25 3 3
42 48 3 2
42 33 3 1
42 29 3 3
42 32 3 1
42 62 3 1
42 33 3 2
42 68 3 2
42 32 3 1
42 42 3 1
42 29 3 2
42 25 3 2
42 26 3 3
42 66 3 2
26 32 3 3
26 34 3 3
26 34 3 2
26 35 3 2
26 38 3 3
26 57 3 1
26 45 3 2
26 35 3 1
26 34 3 1
26 91 3 3
26 60 3 1
41 53 3 2
25 120 3 3
79 27 3 1
42 27 3 2
65 49 3 1
56 49 3 3
22 44 3 3
99 44 3 2
67 46 3 2
79 46 3 2
57 54 3 1
89 31 3 3
34 23 3 2
12 23 3 1
15 23 3 1
28 15 3 2
2 8 3 2
26 8 3 1
31 73 3 1
68 29 3 3
16 29 3 2
31 29 3 2
12 44 3 3
61 44 3 3
19 44 3 3
23 18 3 1
8 26 3 2
15 26 3 1
38 77 3 1
108 31 3 3
50 46 3 2
58 26 3 1
58 20 3 3
83 29 3 3
13 29 3 1
50 29 3 3
20 95 3 2
50 39 3 3
76 27 3 2
21 104 3 2
26 104 3 1
29 44 3 2
29 24 3 3
29 36 3 1
23 103 3 1
53 32 3 1
53 33 3 2
26 38 3 3
27 38 3 1
12 52 3 2
64 28 3 2
64 24 3 2
21 89 3 3
29 42 3 2
29 29 3 1
7 18 3 3
9 18 3 3
13 9 3 3
3 9 3 1
10 9 3 2
50 33 3 2
50 27 3 2
50 62 3 3
50 36 3 2
20 59 3 1
20 48 3 3
20 31 3 1
20 19 3 1
20 34 3 2
41 32 3 1
41 27 3 1
41 33 3 2
22 97 3 2
19 99 3 3
19 101 3 3
19 41 3 2
19 108 3 3
19 29 3 3
19 37 3 1
19 28 3 2
19 28 3 3
19 69 3 1
22 92 3 3
22 47 3 2
22 52 3 2
22 36 3 1
22 32 3 1
22 36 3 2
22 47 3 2
22 34 3 2
22 30 3 2
14 37 3 2
8 11 3 2
8 15 3 3
4 11 3 1
4 4 3 1
2 7 3 3
2 2 3 3
1 5 3 1
1 1 3 3
1 2 3 2
1 1 3 1
1 1 3 2
61 43 3 2
9 43 3 2
49 43 3 2
49 43 3 2
81 43 3 3
56 43 3 1
33 43 3 1
9 43 3 3
26 20 3 3
26 23 3 1
21 102 3 3
61 37 3 3
104 37 3 1
21 37 3 3
50 37 3 3
11 37 3 2
24 37 3 2
81 37 3 1
56 46 3 3
135 46 3 2
104 46 3 3
57 46 3 3
81 29 3 3
33 29 3 3
6 29 3 2
87 29 3 1
10 29 3 2
46 29 3 2
89 29 3 3
76 39 3 1
101 39 3 3
55 39 3 2
120 39 3 3
62 48 3 2
43 71 3 1
57 33 3 1
36 33 3 3
89 33 3 3
12 33 3 2
53 33 3 3
79 38 3 2
21 105 3 3
78 26 3 1
69 35 3 1
69 70 3 3
78 27 3 1
78 52 3 2
79 36 3 1
79 31 3 3
43 39 3 1
43 28 3 2
62 51 3 2
14 39 3 3
8 39 3 1
12 39 3 1
28 24 3 1
28 15 3 1
21 79 3 1
21 108 3 3
68 47 3 1
57 47 3 1
82 29 3 1
74 26 3 1
8 26 3 3
5 26 3 3
79 26 3 2
5 21 3 2
10 21 3 3
60 21 3 1
91 21 3 1
54 18 3 1
28 18 3 1
57 53 3 3
57 56 3 3
13 56 3 3
54 36 3 1
57 56 3 1
77 27 3 1
58 56 3 2
77 29 3 3
24 20 3 1
4 20 3 2
4 20 3 3
22 20 3 2
77 26 3 3
6 26 3 1
6 26 3 1
22 26 3 1
14 26 3 2
75 26 3 2
57 26 3 2
18 26 3 3
41 26 3 3
85 32 3 3
38 32 3 3
93 32 3 1
34 32 3 2
66 32 3 1
78 38 3 2
35 64 3 1
65 34 3 3
37 34 3 1
8 34 3 2
26 34 3 3
12 34 3 1
55 34 3 2
8 30 3 2
79 30 3 1
13 30 3 1
53 30 3 3
28 30 3 3
22 15 3 1
22 15 3 2
81 28 3 2
48 41 3 1
72 41 3 3
14 41 3 3
23 18 3 3
5 23 3 2
18 23 3 3
51 43 3 2
52 43 3 3
31 43 3 2
23 23 3 2
23 13 3 1
23 7 3 1
21 24 3 1
9 24 3 2
72 24 3 1
55 24 3 2
46 47 3 2
35 47 3 1
43 33 3 1
38 33 3 3
78 44 3 1
78 32 3 2
50 58 3 3
28 29 3 1
28 17 3 3
28 12 3 2
25 114 3 1
32 73 3 1
32 41 3 3
57 25 3 1
57 35 3 3
57 31 3 2
9 28 3 3
48 28 3 3
78 32 3 3
85 32 3 3
86 37 3 3
77 37 3 1
71 44 3 3
28 79 3 3
28 105 3 1
36 42 3 2
36 63 3 3
64 28 3 1
64 28 3 2
34 71 3 2
30 25 3 1
9 46 3 1
21 46 3 3
64 45 3 3
29 71 3 3
35 30 3 3
35 36 3 2
35 27 3 2
23 81 3 3
12 24 3 2
12 16 3 2
12 14 3 1
12 11 3 2
12 16 3 3
35 33 3 2
35 54 3 3
35 27 3 2
35 31 3 2
29 34 3 2
29 39 3 1
29 30 3 3
29 27 3 3
29 60 3 3
29 28 3 2
29 30 3 3
28 37 3 1
28 62 3 2
28 30 3 3
28 45 3 3
28 66 3 2
28 76 3 3
28 29 3 3
28 30 3 1
28 61 3 2
28 52 3 2
7 29 3 1
21 15 3 1
21 14 3 3
71 33 3 3
71 61 3 2
71 28 3 2
71 60 3 3
71 33 3 1
43 51 3 1
28 107 3 3
28 37 3 2
28 38 3 1
28 28 3 3
28 32 3 3
28 62 3 1
7 33 3 2
21 18 3 1
11 15 3 1
10 9 3 3
10 6 3 2
43 51 3 1
43 62 3 3
43 28 3 1
43 30 3 3
24 115 3 2
19 32 3 2
19 25 3 3
19 21 3 3
10 37 3 1
9 11 3 3
9 26 3 2
72 26 3 3
7 26 3 3
85 26 3 3
34 68 3 1
14 68 3 2
116 32 3 2
62 36 3 1
54 36 3 2
75 27 3 1
89 27 3 1
88 30 3 3
43 58 3 3
33 27 3 3
33 18 3 3
33 13 3 1
76 53 3 2
76 33 3 3
76 35 3 1
30 62 3 3
46 51 3 1
26 120 3 1
20 30 3 2
20 90 3 1
46 39 3 1
46 29 3 2
46 40 3 2
46 86 3 1
30 31 3 3
30 45 3 2
30 33 3 2
30 49 3 1
30 26 3 3
30 41 3 3
30 34 3 2
30 44 3 2
88 30 3 1
33 68 3 2
25 92 3 3
30 53 3 1
30 42 3 3
30 27 3 3
30 49 3 1
30 27 3 3
30 36 3 1
30 33 3 1
30 37 3 1
30 35 3 1
30 145 3 3
25 26 3 2
25 34 3 2
25 40 3 1
25 96 3 3
25 27 3 1
25 112 3 1
25 57 3 2
33 60 3 2
33 27 3 3
33 58 3 3
33 34 3 3
33 46 3 2
33 28 3 1
33 66 3 1
33 61 3 1
10 36 3 3
23 36 3 1
25 125 3 1
32 63 3 1
13 63 3 1
68 63 3 1
37 63 3 1
56 38 3 1
31 38 3 1
65 38 3 1
48 25 3 2
10 25 3 1
24 25 3 2
12 25 3 1
58 25 3 1
30 62 3 3
85 31 3 3
21 31 3 1
7 31 3 1
11 31 3 2
93 31 3 1
14 31 3 2
41 31 3 2
91 31 3 1
14 31 3 3
40 31 3 1
46 31 3 1
81 31 3 1
24 115 3 1
34 92 3 2
64 30 3 1
88 33 3 1
66 33 3 3
51 33 3 1
44 59 3 1
161 59 3 3
64 40 3 1
64 22 3 2
59 51 3 3
11 51 3 1
75 26 3 3
83 51 3 3
75 27 3 3
6 24 3 2
16 24 3 1
53 24 3 2
7 25 3 2
6 25 3 2
26 25 3 2
6 25 3 1
30 16 3 3
3 9 3 2
2 9 3 3
7 9 3 1
7 9 3 2
2 9 3 1
2 9 3 2
7 5 3 3
1 4 3 2
6 4 3 1
72 37 3 2
19 74 3 2
78 33 3 2
35 33 3 3
62 33 3 1
37 21 3 1
37 12 3 3
99 41 3 3
38 41 3 3
75 41 3 2
72 37 3 2
24 31 3 2
24 71 3 2
34 69 3 2
90 30 3 2
66 30 3 1
90 30 3 2
47 30 3 1
69 29 3 1
20 29 3 3
33 29 3 3
49 29 3 2
21 29 3 2
101 29 3 2
54 39 3 2
29 97 3 1
84 30 3 2
77 40 3 3
49 51 3 3
49 89 3 1
49 31 3 2
49 34 3 2
49 79 3 2
77 31 3 1
77 32 3 1
77 41 3 1
51 62 3 1
26 53 3 2
26 87 3 1
51 35 3 2
51 43 3 3
40 77 3 3
44 33 3 1
28 80 3 3
16 28 3 2
16 45 3 1
16 25 3 1
16 63 3 2
16 24 3 3
16 17 3 2
16 12 3 3
16 7 3 1
28 25 3 3
28 31 3 3
28 43 3 2
28 21 3 1
28 21 3 1
40 29 3 3
40 28 3 2
40 31 3 2
40 27 3 2
40 29 3 1
8 33 3 1
32 19 3 3
32 14 3 3
29 48 3 1
29 29 3 1
29 110 3 2
29 89 3 2
25 36 3 2
25 53 3 2
34 70 3 3
20 34 3 3
20 32 3 1
20 45 3 3
20 27 3 3
4 18 3 1
16 18 3 3
34 55 3 3
34 19 3 2
19 12 3 3
15 12 3 2
34 42 3 2
34 30 3 3
34 59 3 2
34 31 3 3
34 36 3 2
34 27 3 3
34 49 3 2
102 42 2 2
88 30 2 2
62 33 2 3
62 32 2 1
62 62 2 3
62 36 2 2
62 68 2 3
62 55 2 2
32 135 2 3
30 33 2 3
30 53 2 1
30 39 2 3
30 47 2 2
30 48 2 1
30 30 2 3
30 26 2 2
10 43 2 2
20 23 2 1
20 20 2 3
32 114 2 3
32 27 2 2
32 43 2 2
88 48 2 2
30 143 2 2
58 37 2 2
58 61 2 1
58 45 2 2
88 37 2 1
25 120 2 1
26 120 2 1
37 69 2 2
37 51 2 2
88 40 2 1
88 40 2 2
58 75 2 1
30 52 2 2
30 48 2 2
30 22 2 3
30 25 2 3
58 31 2 3
58 41 2 3
102 44 2 3
33 127 2 2
69 56 2 3
69 48 2 3
69 36 2 3
69 38 2 3
69 71 2 3
69 35 2 2
69 47 2 1
69 56 2 3
69 54 2 1
69 34 2 2
69 44 2 3
33 36 2 2
33 114 2 2
33 66 2 1
33 44 2 1
33 37 2 1
33 35 2 2
33 60 2 2
37 106 2 3
72 60 2 3
143 34 2 3
85 36 2 1
30 135 2 3
28 81 2 1
28 34 2 3
28 20 2 2
58 50 2 3
27 116 2 2
31 34 2 1
31 37 2 3
31 32 2 3
31 38 2 2
31 34 2 3
31 46 2 1
31 44 2 2
31 121 2 1
27 42 2 1
27 35 2 2
27 108 2 2
27 34 2 3
27 29 2 1
27 22 2 2
85 40 2 3
85 40 2 1
32 83 2 3
53 31 2 3
14 52 2 2
39 34 2 1
4 18 2 3
35 18 2 3
85 52 2 2
34 126 2 1
51 46 2 1
20 80 2 1
31 32 2 1
31 48 2 2
45 60 2 3
40 30 2 3
8 30 2 2
32 30 2 3
47 80 2 3
38 134 2 1
47 54 2 3
72 31 2 3
72 30 2 2
72 35 2 3
72 34 2 2
26 104 2 1
46 36 2 3
46 68 2 2
23 115 2 3
49 80 2 3
49 60 2 1
49 63 2 2
49 39 2 2
49 31 2 1
8 38 2 2
41 23 2 2
41 15 2 3
23 73 2 2
23 30 2 3
23 28 2 3
23 65 2 1
23 116 2 1
14 29 2 3
14 45 2 1
9 42 2 2
5 11 2 3
5 13 2 3
5 18 2 1
37 32 2 3
37 124 2 2
37 53 2 1
37 54 2 2
37 120 2 2
44 86 2 2
26 86 2 3
61 52 2 1
55 52 2 2
140 52 2 1
92 52 2 2
86 52 2 3
80 34 2 3
39 34 2 2
77 34 2 2
101 34 2 2
31 34 2 1
31 34 2 1
75 34 2 3
88 30 2 2
12 30 2 2
33 30 2 2
7 30 2 3
52 30 2 3
88 30 2 3
87 30 2 2
90 30 2 3
10 30 2 2
8 30 2 2
29 30 2 2
97 38 2 2
62 65 2 3
34 92 2 1
92 40 2 2
116 40 2 1
103 40 2 3
89 31 2 3
105 35 2 1
8 35 2 1
63 35 2 3
46 35 2 3
84 50 2 1
52 50 2 1
86 50 2 1
23 81 2 2
59 49 2 2
140 49 2 3
85 32 2 1
24 32 2 2
90 32 2 1
89 42 2 2
41 93 2 1
48 37 2 1
15 56 2 2
13 56 2 1
20 21 2 1
20 16 2 2
5 19 2 3
15 11 2 3
2 8 2 3
13 8 2 3
34 114 2 3
30 141 2 1
32 31 2 2
32 48 2 3
20 62 2 2
12 21 2 3
12 14 2 2
6 27 2 3
6 7 2 2
6 10 2 3
6 10 2 2
51 52 2 2
46 82 2 1
22 86 2 1
24 26 2 1
24 60 2 1
51 75 2 2
18 41 2 3
9 41 2 3
12 41 2 3
12 14 2 1
12 27 2 3
84 35 2 1
95 38 2 2
25 108 2 3
73 37 2 2
89 47 2 3
73 108 2 3
65 108 2 1
18 61 2 2
13 61 2 2
58 61 2 1
48 71 2 2
25 26 2 3
25 20 2 1
25 15 2 2
25 10 2 3
98 40 2 2
72 59 2 1
86 35 2 1
69 35 2 3
20 24 2 1
53 24 2 2
5 24 2 2
77 24 2 1
105 42 2 1
77 40 2 3
45 49 2 1
45 38 2 3
45 69 2 1
77 37 2 3
77 52 2 1
77 27 2 3
105 37 2 2
34 77 2 1
26 77 2 3
18 77 2 2
27 27 2 1
27 23 2 3
27 27 2 1
98 35 2 3
98 38 2 1
21 102 2 2
50 52 2 2
27 40 2 2
27 62 2 2
50 50 2 3
95 39 2 1
59 69 2 2
36 31 2 1
36 94 2 1
36 121 2 2
28 101 2 1
31 51 2 1
31 50 2 3
59 76 2 1
84 39 2 3
84 40 2 3
84 36 2 1
47 91 2 3
37 30 2 3
37 43 2 2
37 100 2 3
47 37 2 3
47 45 2 2
112 38 2 2
27 117 2 1
134 35 2 2
134 33 2 2
72 38 2 2
62 38 2 1
62 38 2 3
62 74 2 3
30 101 2 1
32 47 2 3
16 54 2 2
16 28 2 3
16 13 2 2
16 13 2 3
62 77 2 1
29 104 2 1
33 33 2 2
33 71 2 2
62 49 2 2
23 96 2 2
39 35 2 1
39 61 2 1
72 46 2 1
72 45 2 1
72 36 2 1
72 32 2 2
72 40 2 1
72 39 2 2
72 38 2 3
72 34 2 1
72 51 2 3
72 51 2 2
72 73 2 3
72 54 2 2
27 43 2 1
27 98 2 3
27 52 2 1
27 36 2 3
27 36 2 1
27 36 2 2
27 50 2 3
27 45 2 1
27 34 2 1
27 31 2 2
27 30 2 1
27 37 2 1
47 75 2 3
65 36 2 1
65 35 2 3
65 33 2 1
65 42 2 3
26 125 2 1
39 78 2 2
39 28 2 1
4 19 2 3
35 19 2 2
65 39 2 3
65 33 2 3
65 59 2 2
24 112 2 2
41 42 2 3
41 163 2 2
24 27 2 3
15 66 2 2
9 20 2 1
9 46 2 2
47 46 2 1
23 115 2 1
24 52 2 3
24 58 2 2
24 38 2 2
24 35 2 3
24 92 2 2
24 91 2 1
24 31 2 2
24 31 2 2
24 26 2 3
24 17 2 1
24 15 2 3
23 71 2 2
23 38 2 3
23 46 2 3
23 47 2 3
23 62 2 2
23 29 2 2
23 78 2 2
56 49 2 1
104 36 2 3
113 36 2 2
105 36 2 2
51 76 2 3
61 43 2 1
61 33 2 1
61 43 2 3
61 59 2 3
61 35 2 3
61 43 2 2
61 31 2 1
27 102 2 3
34 102 2 3
61 38 2 2
61 30 2 1
61 73 2 1
61 79 2 3
51 111 2 2
51 43 2 1
51 37 2 2
51 65 2 2
51 107 2 2
51 41 2 1
32 129 2 3
19 45 2 3
19 23 2 1
19 24 2 1
8 37 2 3
11 13 2 3
7 24 2 3
4 11 2 1
4 6 2 3
4 4 2 3
4 3 2 3
105 39 2 1
66 40 2 3
39 24 2 1
3 16 2 1
36 16 2 2
105 40 2 3
105 36 2 1
66 41 2 2
39 31 2 1
39 38 2 1
39 59 2 2
39 112 2 2
39 38 2 3
39 36 2 3
39 104 2 2
66 37 2 3
66 55 2 2
66 40 2 2
30 87 2 1
36 81 2 1
36 32 2 3
36 39 2 1
36 36 2 1
36 28 2 3
36 29 2 1
30 30 2 2
30 31 2 1
30 30 2 3
30 67 2 3
56 47 2 2
56 46 2 2
56 43 2 2
56 41 2 3
56 54 2 1
56 47 2 2
56 38 2 2
56 37 2 3
56 52 2 2
56 30 2 2
30 90 2 2
26 31 2 1
26 23 2 1
26 36 2 3
56 41 2 3
29 30 2 2
27 30 2 3
37 74 2 1
74 39 2 1
77 48 2 2
142 48 2 3
125 48 2 1
42 48 2 1
49 48 2 1
5 26 2 2
41 26 2 1
7 26 2 2
75 26 2 1
37 26 2 1
44 26 2 2
17 26 2 1
7 26 2 1
77 26 2 3
7 26 2 2
7 26 2 1
23 26 2 3
18 26 2 3
70 26 2 3
74 35 2 2
94 43 2 2
115 43 2 2
129 43 2 3
126 43 2 3
31 43 2 3
27 43 2 2
24 43 2 1
75 51 2 2
61 51 2 1
25 51 2 3
151 51 2 3
70 51 2 1
164 51 2 2
56 62 2 1
89 31 2 3
90 31 2 1
31 31 2 3
29 31 2 3
77 31 2 3
15 31 2 3
22 31 2 1
22 31 2 3
115 31 2 3
13 31 2 3
37 31 2 2
15 31 2 3
22 31 2 1
10 31 2 1
22 31 2 2
90 31 2 1
66 31 2 2
83 31 2 3
34 31 2 1
98 31 2 3
98 33 2 1
17 33 2 3
36 33 2 2
93 33 2 1
79 33 2 3
26 33 2 2
83 33 2 1
114 33 2 2
14 39 2 3
113 39 2 3
115 39 2 3
51 39 2 2
26 39 2 1
112 39 2 1
9 39 2 2
62 39 2 2
44 39 2 3
58 75 2 3
93 40 2 3
43 75 2 1
104 38 2 1
67 75 2 3
55 75 2 3
126 32 2 1
126 43 2 3
7 37 2 3
47 37 2 1
9 37 2 1
41 24 2 1
41 13 2 2
9 35 2 3
84 35 2 1
75 41 2 3
30 41 2 2
8 41 2 3
65 41 2 2
111 41 2 1
123 41 2 3
134 41 2 1
108 39 2 3
49 53 2 1
44 64 2 1
14 64 2 3
109 64 2 3
77 41 2 3
31 64 2 2
114 39 2 2
11 25 2 2
13 25 2 1
46 25 2 2
5 25 2 1
39 25 2 1
8 23 2 2
17 23 2 1
52 23 2 1
53 75 2 1
82 75 2 3
20 75 2 1
85 75 2 3
16 75 2 1
84 35 2 2
49 35 2 2
8 40 2 1
17 40 2 3
71 40 2 3
10 40 2 1
27 40 2 3
133 48 2 3
26 48 2 2
23 48 2 1
129 48 2 1
78 48 2 1
49 134 2 1
108 40 2 3
45 108 2 3
63 67 2 1
63 41 2 3
