500 800 10
4
500 950 4
160 1400 3
340 1350 2
680 750 1
2852
63 36 4 2
15 36 4 1
42 36 4 1
43 36 4 1
83 29 4 1
40 36 4 1
78 27 4 2
78 28 4 1
12 28 4 1
39 28 4 1
7 8 4 2
7 7 4 3
7 9 4 2
7 4 4 2
2 8 4 1
8 8 4 2
24 8 4 2
19 8 4 2
19 8 4 2
8 8 4 1
7 8 4 1
23 8 4 2
10 8 4 3
16 8 4 1
25 9 4 2
20 9 4 1
22 9 4 2
11 9 4 3
20 7 4 1
5 7 4 1
2 7 4 2
15 7 4 2
19 7 4 2
22 7 4 1
83 28 4 3
41 28 4 1
80 28 4 1
6 28 4 2
6 28 4 1
6 28 4 1
8 28 4 1
6 28 4 2
51 28 4 2
7 28 4 2
72 28 4 2
18 28 4 1
80 28 4 1
36 18 4 3
20 10 4 1
2 10 4 3
2 10 4 1
12 10 4 3
64 27 4 3
6 27 4 2
71 27 4 2
35 27 4 1
30 27 4 3
80 27 4 1
79 27 4 2
65 27 4 1
55 27 4 1
15 12 4 1
5 15 4 1
10 11 4 2
1 4 4 1
3 4 4 2
6 4 4 1
62 34 4 1
65 33 4 2
71 33 4 1
22 33 4 1
7 33 4 2
7 33 4 1
69 26 4 1
21 26 4 1
49 26 4 2
47 26 4 1
9 26 4 2
60 26 4 1
11 10 4 2
11 8 4 2
11 8 4 2
1 7 4 1
7 7 4 1
1 7 4 1
12 7 4 1
7 7 4 2
3 7 4 1
12 7 4 2
9 7 4 1
11 7 4 1
21 7 4 2
14 7 4 1
18 7 4 2
20 7 4 2
15 7 4 2
7 7 4 3
19 7 4 1
14 7 4 1
17 7 4 2
21 7 4 1
13 7 4 1
18 7 4 2
6 7 4 1
36 43 4 2
58 34 4 1
79 28 4 3
21 34 4 2
76 29 4 1
12 29 4 1
40 29 4 2
7 29 4 1
40 29 4 2
69 25 4 1
7 4 4 2
1 4 4 2
1 4 4 2
1 4 4 1
1 4 4 1
2 4 4 1
11 4 4 1
1 4 4 1
4 4 4 1
4 4 4 2
9 4 4 2
2 4 4 1
5 4 4 1
2 4 4 2
2 4 4 2
12 4 4 2
4 4 4 1
6 5 4 2
1 5 4 3
1 5 4 1
13 5 4 1
15 5 4 1
1 5 4 2
8 5 4 1
1 5 4 2
11 5 4 2
15 5 4 1
1 5 4 1
11 5 4 2
2 5 4 1
15 5 4 1
14 5 4 1
14 5 4 1
8 5 4 1
5 5 4 2
12 5 4 2
1 5 4 2
15 5 4 1
15 5 4 2
12 5 4 2
1 5 4 2
15 5 4 2
6 5 4 3
11 5 4 1
14 5 4 1
12 6 4 2
7 6 4 1
5 6 4 2
18 6 4 1
11 6 4 1
2 6 4 1
17 6 4 1
7 6 4 2
83 28 4 2
6 28 4 4
68 23 4 1
28 28 4 1
28 28 4 1
61 28 4 1
13 28 4 2
10 28 4 3
83 28 4 3
22 28 4 2
12 5 4 1
6 5 4 2
3 5 4 2
1 5 4 3
5 5 4 1
10 5 4 1
1 5 4 1
7 5 4 1
1 5 4 1
6 5 4 3
2 5 4 2
1 5 4 1
13 5 4 3
43 47 4 2
61 30 4 2
35 30 4 2
90 30 4 3
78 26 4 1
7 26 4 2
76 26 4 1
12 16 4 1
6 10 4 1
6 6 4 1
6 4 4 1
7 4 4 2
2 4 4 2
11 4 4 1
11 4 4 1
7 4 4 1
1 4 4 2
11 4 4 3
9 4 4 1
3 4 4 1
8 4 4 4
1 4 4 2
11 4 4 1
12 4 4 1
6 4 4 2
10 4 4 2
11 4 4 1
11 4 4 1
9 4 4 2
5 4 4 1
4 4 4 2
6 4 4 1
11 4 4 3
2 4 4 2
4 4 4 3
24 74 4 1
65 32 4 2
74 29 4 1
65 29 4 1
24 74 4 1
67 23 4 2
23 23 4 2
8 23 4 1
9 11 4 2
3 12 4 1
6 6 4 1
6 6 4 1
15 51 4 2
13 51 4 2
71 26 4 1
8 11 4 1
8 8 4 1
2 7 4 2
6 7 4 1
52 25 4 3
27 15 4 1
27 10 4 1
65 34 4 1
21 11 4 2
9 11 4 2
35 11 4 1
74 30 4 1
45 15 4 2
29 15 4 2
9 42 4 4
24 42 4 1
32 24 4 1
13 18 4 1
19 12 4 2
6 6 4 1
3 6 4 3
10 6 4 1
84 28 4 1
78 28 4 2
57 28 4 2
48 28 4 1
69 23 4 1
23 21 4 1
14 7 4 2
9 7 4 2
13 5 4 2
1 5 4 1
10 5 4 2
14 5 4 2
13 5 4 2
6 5 4 2
6 5 4 1
6 5 4 1
73 26 4 1
26 26 4 1
60 26 4 2
57 26 4 2
8 26 4 1
10 26 4 1
7 26 4 1
46 26 4 1
68 26 4 2
4 7 4 1
4 9 4 1
4 4 4 1
4 6 4 2
77 27 4 1
45 27 4 1
77 27 4 1
37 27 4 2
81 27 4 1
15 27 4 1
27 18 4 1
2 9 4 2
13 9 4 2
12 9 4 2
77 27 4 1
15 27 4 2
20 27 4 2
77 27 4 2
66 27 4 2
81 27 4 3
23 27 4 1
27 66 4 1
35 68 4 1
77 29 4 1
74 29 4 2
73 29 4 2
73 25 4 1
2 4 4 1
6 4 4 1
11 4 4 2
1 4 4 2
2 4 4 1
5 4 4 2
1 4 4 2
1 4 4 2
11 4 4 2
2 4 4 1
11 4 4 2
8 4 4 1
1 4 4 1
11 4 4 2
80 27 4 1
48 41 4 2
9 41 4 2
11 41 4 1
80 30 4 3
69 30 4 1
6 11 4 3
24 11 4 2
29 11 4 1
10 11 4 2
28 11 4 2
22 11 4 2
4 11 4 1
26 11 4 2
66 28 4 1
31 57 4 4
40 41 4 1
64 35 4 1
16 18 4 1
16 10 4 1
16 7 4 1
18 6 4 2
8 6 4 2
17 6 4 1
18 6 4 2
6 6 4 3
4 6 4 1
9 6 4 2
40 16 4 2
35 16 4 1
45 16 4 2
61 29 4 1
72 27 4 2
18 92 4 3
18 25 4 1
18 83 4 3
18 47 4 2
18 30 4 1
18 81 4 1
18 22 4 2
18 20 4 1
9 25 4 3
9 25 4 1
19 94 4 2
34 69 4 1
19 28 4 2
19 89 4 2
19 87 4 3
19 38 4 1
19 46 4 1
19 32 4 1
19 29 4 1
19 18 4 1
19 15 4 2
19 11 4 1
1 5 4 2
14 5 4 1
4 5 4 2
34 35 4 1
34 48 4 1
34 27 4 2
34 26 4 1
34 45 4 2
34 27 4 2
20 82 4 1
14 78 4 2
14 15 4 2
7 28 4 2
7 11 4 1
7 9 4 2
7 8 4 2
20 17 4 1
5 22 4 1
15 22 4 3
19 35 4 2
19 100 4 2
19 108 4 1
19 24 4 1
19 29 4 1
19 8 4 1
61 25 4 1
35 68 4 3
26 32 4 2
26 36 4 1
42 47 4 3
19 30 4 2
5 17 4 1
14 17 4 1
61 26 4 2
61 24 4 1
61 30 4 1
18 90 4 3
43 28 4 2
24 62 4 1
19 25 4 1
19 37 4 1
61 38 4 1
54 42 4 3
7 11 4 1
7 11 4 2
7 26 4 1
3 6 4 1
13 6 4 1
1 6 4 1
18 6 4 1
10 6 4 1
1 6 4 2
2 6 4 1
6 6 4 2
66 29 4 2
66 28 4 2
66 30 4 1
66 28 4 1
66 25 4 1
66 24 4 2
34 52 4 2
32 24 4 1
32 24 4 1
9 4 4 1
12 4 4 2
1 4 4 3
10 4 4 2
49 37 4 1
17 17 4 1
11 20 4 1
6 9 4 1
6 11 4 1
37 43 4 1
29 36 4 2
29 49 4 1
18 87 4 2
11 27 4 2
11 27 4 2
11 58 4 1
4 4 4 1
1 4 4 2
1 4 4 1
5 4 4 1
18 29 4 2
37 33 4 1
22 108 4 1
15 27 4 1
15 36 4 1
15 40 4 3
15 12 4 2
15 10 4 1
22 17 4 2
34 65 4 2
40 41 4 2
6 10 4 2
6 10 4 1
6 21 4 1
32 24 4 1
14 11 4 1
14 8 4 1
7 5 4 1
7 5 4 3
29 81 4 2
51 31 4 1
51 42 4 3
30 80 4 3
21 25 4 2
21 24 4 3
7 31 4 1
14 16 4 1
7 15 4 2
3 15 4 1
4 7 4 3
4 4 4 2
4 4 4 2
20 98 4 1
31 40 4 2
31 50 4 1
11 8 4 2
2 8 4 2
4 8 4 1
14 8 4 2
47 35 4 2
4 17 4 1
4 17 4 2
4 19 4 2
4 19 4 1
4 24 4 3
4 41 4 2
4 9 4 1
4 7 4 2
4 11 4 2
4 6 4 2
4 10 4 1
47 28 4 2
47 34 4 3
47 26 4 3
26 57 4 2
21 21 4 1
21 24 4 2
21 12 4 2
29 33 4 3
29 28 4 1
29 73 4 2
29 46 4 1
29 31 4 2
29 23 4 2
29 32 4 1
29 56 4 1
29 17 4 2
5 11 4 2
24 11 4 2
35 32 4 2
35 25 4 1
35 27 4 1
35 45 4 2
35 27 4 2
35 41 4 1
35 29 4 1
19 85 4 2
16 21 4 2
16 26 4 3
16 14 4 2
16 11 4 1
11 13 4 2
5 13 4 1
26 92 4 1
9 46 4 1
9 20 4 3
9 26 4 2
9 23 4 1
9 16 4 2
9 29 4 2
9 13 4 1
26 24 4 1
11 57 4 1
15 17 4 2
15 24 4 2
15 9 4 1
10 7 4 1
5 7 4 1
27 46 4 2
27 37 4 1
27 71 4 2
27 46 4 2
27 87 4 1
27 24 4 1
27 25 4 1
27 24 4 2
27 34 4 1
18 92 4 3
9 18 4 1
9 31 4 1
9 18 4 1
9 25 4 2
43 38 4 1
43 30 4 1
35 64 4 2
8 34 4 1
8 92 4 1
8 25 4 2
8 32 4 2
8 99 4 2
8 35 4 2
8 31 4 1
8 35 4 2
8 41 4 2
8 40 4 1
8 22 4 2
8 36 4 1
8 28 4 1
8 48 4 2
8 13 4 1
8 11 4 1
8 14 4 1
4 13 4 3
4 7 4 1
4 6 4 1
35 27 4 1
27 66 4 2
8 26 4 1
8 44 4 2
8 24 4 1
8 46 4 3
8 44 4 2
8 30 4 1
8 37 4 1
8 88 4 2
8 23 4 2
8 24 4 2
8 26 4 1
8 47 4 1
8 19 4 2
8 57 4 1
8 12 4 1
8 11 4 1
27 25 4 1
27 59 4 2
27 28 4 2
27 45 4 3
27 83 4 2
27 31 4 1
27 30 4 2
27 67 4 1
27 32 4 1
27 42 4 2
27 30 4 2
7 20 4 2
20 20 4 2
36 33 4 1
29 69 4 3
7 26 4 1
7 26 4 1
7 24 4 2
7 25 4 1
7 60 4 2
7 24 4 1
7 88 4 1
7 26 4 1
7 35 4 3
7 62 4 1
7 43 4 2
7 24 4 1
7 28 4 1
7 68 4 1
7 67 4 2
7 18 4 1
7 25 4 1
7 46 4 1
7 10 4 1
7 8 4 2
7 10 4 2
7 7 4 2
29 34 4 1
29 24 4 1
29 24 4 2
29 27 4 1
22 98 4 2
7 15 4 1
7 32 4 1
7 14 4 3
7 9 4 2
7 13 4 1
7 8 4 3
2 7 4 2
5 7 4 2
18 91 4 1
11 36 4 2
11 37 4 2
11 30 4 2
11 31 4 1
11 30 4 1
11 37 4 2
11 27 4 2
11 30 4 2
11 34 4 1
11 32 4 2
11 35 4 1
11 27 4 1
11 20 4 2
11 16 4 1
11 24 4 2
11 16 4 3
11 12 4 1
18 26 4 1
18 48 4 2
18 39 4 3
18 56 4 2
18 31 4 2
18 48 4 1
18 94 4 2
18 16 4 1
18 17 4 2
2 8 4 3
16 8 4 1
57 29 4 1
5 40 4 2
5 60 4 1
5 41 4 2
5 56 4 2
5 48 4 3
5 39 4 4
5 28 4 2
5 38 4 2
5 89 4 1
5 85 4 1
5 34 4 2
5 53 4 2
5 28 4 1
5 19 4 1
5 28 4 2
5 17 4 2
5 15 4 1
5 26 4 1
5 12 4 2
5 11 4 2
5 12 4 2
5 10 4 1
5 10 4 2
5 20 4 1
5 6 4 1
57 29 4 2
57 23 4 2
57 32 4 2
49 32 4 2
8 26 4 1
8 109 4 2
8 81 4 1
8 29 4 1
8 25 4 2
8 30 4 2
8 37 4 2
8 106 4 1
8 33 4 1
8 25 4 1
8 37 4 2
8 33 4 1
8 62 4 2
8 49 4 1
8 30 4 3
41 39 4 1
8 17 4 2
8 10 4 2
8 6 4 1
2 6 4 1
6 6 4 2
49 29 4 1
49 38 4 1
49 27 4 2
26 85 4 2
23 33 4 1
23 32 4 1
23 29 4 2
23 24 4 1
23 35 4 1
23 26 4 2
23 52 4 2
23 62 4 1
23 32 4 1
23 31 4 1
23 31 4 1
23 54 4 1
23 31 4 1
23 65 4 2
5 10 4 1
18 10 4 2
26 95 4 1
26 27 4 1
26 24 4 1
26 52 4 1
26 28 4 1
26 45 4 1
26 37 4 1
26 25 4 2
26 32 4 3
26 43 4 2
26 31 4 2
26 14 4 1
21 9 4 2
5 9 4 3
27 40 3 2
45 17 3 2
44 17 3 2
44 17 3 1
42 23 3 1
44 18 3 2
47 19 3 1
6 4 3 2
1 4 3 2
7 4 3 2
12 4 3 1
7 4 3 1
14 4 3 1
4 5 3 2
10 5 3 1
2 5 3 1
15 5 3 2
13 5 3 2
46 24 3 1
52 20 3 2
38 25 3 2
18 43 3 1
6 28 3 2
6 53 3 1
6 44 3 3
6 35 3 1
6 49 3 2
6 22 3 3
6 27 3 1
6 52 3 2
6 25 3 2
6 17 3 2
6 18 3 1
6 16 3 1
6 63 3 2
6 63 3 2
6 29 3 2
6 27 3 1
6 21 3 2
6 27 3 3
6 19 3 2
6 19 3 3
6 40 3 2
6 18 3 1
6 26 3 1
6 70 3 2
6 37 3 1
6 30 3 2
6 63 3 1
6 25 3 4
6 27 3 1
6 44 3 1
6 19 3 1
6 39 3 1
6 22 3 1
6 21 3 2
6 40 3 1
6 17 3 1
6 39 3 1
6 16 3 1
6 26 3 1
6 21 3 1
6 37 3 1
6 20 3 1
6 5 3 3
6 4 3 1
18 52 3 1
18 19 3 1
18 19 3 2
18 18 3 2
18 20 3 2
18 30 3 1
14 58 3 2
4 43 3 2
4 22 3 2
4 23 3 3
4 59 3 1
4 32 3 2
4 28 3 1
4 17 3 3
4 41 3 1
4 39 3 1
4 20 3 2
4 37 3 1
4 17 3 2
4 23 3 2
4 24 3 2
4 39 3 2
4 17 3 1
4 67 3 1
4 18 3 1
4 18 3 3
4 22 3 2
4 72 3 2
4 30 3 1
4 45 3 2
4 20 3 1
4 26 3 1
4 16 3 1
4 59 3 1
4 27 3 1
4 40 3 1
4 17 3 1
4 17 3 2
4 26 3 1
4 50 3 1
4 30 3 1
4 17 3 2
4 9 3 2
4 19 3 1
4 7 3 1
4 6 3 1
4 5 3 2
4 5 3 2
4 4 3 2
4 6 3 2
14 47 3 1
14 60 3 1
14 32 3 2
14 21 3 1
14 18 3 2
14 25 3 1
14 43 3 2
14 22 3 2
14 18 3 2
14 29 3 3
14 35 3 1
14 18 3 2
14 67 3 1
14 75 3 1
14 29 3 2
14 19 3 2
14 28 3 1
14 25 3 2
14 19 3 1
14 67 3 3
14 44 3 1
14 47 3 2
14 46 3 3
14 50 3 1
14 18 3 1
14 24 3 2
14 63 3 2
14 67 3 1
14 17 3 1
14 22 3 1
14 6 3 1
28 27 3 2
10 26 3 2
10 22 3 1
10 21 3 2
10 19 3 1
10 61 3 2
10 40 3 1
10 19 3 2
10 38 3 2
10 18 3 2
10 17 3 1
10 18 3 3
10 17 3 2
10 30 3 2
10 21 3 3
10 29 3 1
10 51 3 3
10 24 3 2
10 41 3 2
10 33 3 1
10 21 3 2
10 31 3 1
10 18 3 2
10 35 3 3
10 21 3 1
10 17 3 1
10 19 3 2
10 47 3 2
10 18 3 1
10 20 3 2
10 65 3 2
10 22 3 2
10 25 3 1
10 17 3 1
10 39 3 1
10 17 3 1
10 45 3 3
10 42 3 2
10 21 3 1
10 17 3 1
10 25 3 1
10 44 3 2
10 54 3 3
10 61 3 1
10 13 3 1
10 15 3 2
10 8 3 1
10 7 3 2
3 6 3 1
7 6 3 1
28 18 3 1
23 48 3 2
5 10 3 4
5 17 3 2
5 6 3 1
5 9 3 2
5 6 3 1
28 17 3 1
28 26 3 1
12 62 3 2
16 18 3 2
16 29 3 2
16 11 3 2
1 4 3 1
1 4 3 2
1 4 3 2
13 4 3 1
28 26 3 2
28 28 3 1
28 22 3 1
12 61 3 1
16 19 3 1
16 21 3 1
16 25 3 2
16 25 3 1
16 18 3 2
16 63 3 1
16 37 3 1
16 18 3 1
16 20 3 2
16 34 3 1
16 18 3 1
16 22 3 1
16 47 3 3
16 21 3 1
16 18 3 2
16 22 3 1
16 19 3 1
16 41 3 1
16 31 3 1
16 61 3 1
16 58 3 1
16 38 3 2
16 24 3 2
16 22 3 2
16 19 3 2
16 16 3 1
16 54 3 2
16 19 3 2
16 18 3 2
16 16 3 2
16 22 3 1
16 16 3 1
16 28 3 1
16 42 3 1
16 41 3 1
16 39 3 1
16 9 3 2
12 62 3 2
12 19 3 2
12 39 3 1
12 28 3 1
12 16 3 2
12 25 3 2
12 29 3 1
12 20 3 2
12 16 3 3
12 18 3 2
12 21 3 2
12 18 3 2
12 16 3 1
12 32 3 1
12 68 3 2
12 73 3 1
12 19 3 2
12 25 3 2
12 19 3 2
12 27 3 1
12 19 3 1
12 19 3 2
12 21 3 1
12 16 3 1
12 16 3 1
12 19 3 2
12 50 3 2
12 32 3 2
12 21 3 2
12 23 3 1
12 26 3 2
12 62 3 1
12 54 3 2
12 14 3 1
8 18 3 1
4 14 3 1
4 4 3 1
38 29 3 3
9 29 3 1
5 20 3 2
5 4 3 1
5 5 3 2
31 31 3 2
21 47 3 2
21 16 3 1
21 19 3 2
21 18 3 2
15 73 3 3
6 17 3 1
6 17 3 2
6 19 3 2
6 17 3 2
6 18 3 2
6 31 3 1
6 23 3 2
6 71 3 3
6 38 3 1
6 17 3 2
6 17 3 2
6 28 3 1
6 23 3 1
6 23 3 1
6 22 3 2
6 20 3 1
6 20 3 1
6 18 3 2
6 39 3 1
6 40 3 2
6 21 3 1
6 42 3 2
6 20 3 2
6 23 3 2
6 17 3 2
6 40 3 2
6 16 3 2
6 27 3 1
6 22 3 2
6 16 3 2
6 32 3 1
6 22 3 1
6 25 3 2
6 18 3 1
6 20 3 1
6 16 3 1
6 19 3 1
6 20 3 1
6 20 3 2
6 19 3 2
6 20 3 1
6 31 3 1
6 19 3 2
6 29 3 1
6 27 3 3
6 57 3 2
6 25 3 1
6 17 3 3
6 8 3 1
6 5 3 2
15 22 3 2
15 60 3 1
15 26 3 2
15 18 3 1
15 17 3 3
15 19 3 1
15 19 3 1
15 22 3 2
15 41 3 2
15 63 3 2
15 16 3 2
15 18 3 1
15 19 3 2
15 48 3 1
15 17 3 2
15 16 3 1
15 49 3 3
15 61 3 2
15 36 3 2
15 25 3 1
15 31 3 1
15 47 3 1
15 70 3 1
15 47 3 1
15 18 3 1
15 60 3 1
15 16 3 2
15 20 3 3
15 17 3 4
15 69 3 1
15 67 3 1
15 21 3 1
15 20 3 3
15 13 3 1
7 10 3 2
8 10 3 1
15 75 3 3
16 19 3 1
16 21 3 2
16 17 3 3
16 10 3 2
7 8 3 1
9 8 3 2
31 22 3 2
22 44 3 1
9 21 3 2
9 22 3 1
9 19 3 1
9 34 3 1
9 27 3 1
9 18 3 3
9 20 3 1
9 19 3 2
9 25 3 1
9 22 3 2
9 23 3 1
9 19 3 3
9 40 3 1
9 17 3 1
9 29 3 2
9 57 3 2
9 62 3 2
9 28 3 1
9 69 3 2
9 16 3 2
9 48 3 1
9 18 3 2
9 16 3 2
9 28 3 1
9 69 3 1
9 20 3 2
9 18 3 2
9 44 3 1
9 39 3 1
9 36 3 3
9 21 3 2
9 21 3 2
9 57 3 1
9 43 3 2
9 68 3 2
9 14 3 2
9 10 3 1
9 26 3 2
22 28 3 1
22 25 3 1
22 39 3 2
22 19 3 2
22 26 3 2
22 29 3 2
15 69 3 1
7 17 3 3
7 55 3 2
7 37 3 2
7 19 3 1
7 16 3 2
7 19 3 2
7 18 3 1
7 45 3 3
7 17 3 1
7 29 3 1
7 26 3 2
7 67 3 2
7 17 3 2
7 19 3 1
7 22 3 1
7 19 3 1
7 17 3 1
7 37 3 2
7 65 3 1
7 63 3 2
7 46 3 1
7 41 3 2
7 22 3 2
7 27 3 1
7 45 3 1
7 28 3 1
7 61 3 2
7 47 3 3
7 9 3 2
7 12 3 1
2 11 3 1
5 6 3 2
5 5 3 1
15 38 3 1
15 19 3 1
15 17 3 2
15 22 3 2
15 18 3 3
15 24 3 1
15 61 3 2
15 20 3 2
15 18 3 2
15 30 3 1
15 57 3 1
15 22 3 2
15 16 3 1
15 17 3 3
15 37 3 3
15 29 3 1
15 50 3 1
15 39 3 2
15 16 3 1
15 47 3 1
15 18 3 1
15 36 3 1
15 26 3 2
15 29 3 1
15 16 3 1
15 21 3 1
15 29 3 1
15 25 3 3
15 25 3 1
15 55 3 3
15 13 3 2
9 14 3 2
6 5 3 2
6 9 3 1
46 21 3 1
46 24 3 2
12 61 3 1
34 19 3 1
34 29 3 2
26 13 3 1
3 13 3 1
5 13 3 2
46 20 3 2
46 18 3 2
17 58 3 1
29 16 3 2
29 18 3 2
29 20 3 1
29 42 3 3
29 27 3 3
29 17 3 1
29 21 3 2
29 26 3 1
21 52 3 1
8 27 3 2
8 42 3 2
8 41 3 1
8 28 3 2
8 28 3 3
8 22 3 2
8 20 3 1
8 23 3 2
8 25 3 3
8 20 3 1
8 30 3 2
8 19 3 1
8 66 3 1
8 17 3 2
8 55 3 2
8 35 3 1
8 24 3 3
8 23 3 2
8 19 3 1
8 19 3 1
8 42 3 1
8 25 3 1
8 28 3 1
8 20 3 2
8 19 3 2
8 29 3 2
8 22 3 1
8 59 3 3
8 51 3 1
8 19 3 2
8 38 3 1
8 16 3 1
8 28 3 1
8 11 3 1
8 6 3 2
8 9 3 2
21 43 3 2
21 31 3 2
21 17 3 1
13 63 3 3
8 20 3 2
8 41 3 1
8 66 3 2
8 28 3 1
8 25 3 1
8 41 3 1
8 27 3 2
8 25 3 2
8 18 3 2
8 25 3 1
8 28 3 2
8 19 3 1
8 37 3 2
8 21 3 2
8 58 3 1
8 18 3 1
8 19 3 1
8 52 3 1
8 18 3 1
8 17 3 2
8 16 3 1
8 29 3 3
8 54 3 1
8 64 3 2
8 16 3 1
8 15 3 1
8 17 3 1
8 26 3 1
8 8 3 1
8 7 3 2
8 7 3 1
13 19 3 2
13 58 3 2
13 22 3 1
13 18 3 2
13 17 3 2
13 16 3 2
13 57 3 2
13 16 3 2
13 60 3 2
13 27 3 3
13 22 3 1
13 20 3 1
13 23 3 2
13 25 3 1
13 49 3 1
13 18 3 2
13 25 3 1
13 45 3 1
13 56 3 3
13 17 3 2
13 20 3 1
13 71 3 2
13 58 3 2
13 30 3 1
5 10 3 3
8 10 3 2
17 44 3 1
17 46 3 1
17 40 3 2
17 18 3 2
17 29 3 2
17 21 3 2
17 22 3 2
17 21 3 2
17 32 3 1
17 25 3 1
17 29 3 2
17 17 3 2
17 21 3 3
17 24 3 1
17 19 3 1
17 33 3 1
17 22 3 1
17 26 3 1
17 17 3 1
17 18 3 2
17 49 3 1
17 19 3 1
17 26 3 2
17 28 3 2
17 43 3 1
17 37 3 1
17 17 3 2
17 23 3 2
17 74 3 1
17 31 3 2
17 20 3 2
13 60 3 2
4 9 3 2
4 15 3 4
4 8 3 2
4 6 3 2
4 8 3 2
4 6 3 1
4 4 3 2
4 4 3 2
17 47 3 3
17 16 3 2
17 17 3 2
12 62 3 2
5 14 3 2
5 17 3 2
5 11 3 1
5 27 3 1
5 25 3 1
5 5 3 2
1 4 3 2
4 4 3 2
12 13 3 2
6 28 3 2
6 28 3 1
45 46 2 2
44 46 2 1
72 24 2 1
7 24 2 2
66 24 2 2
15 24 2 2
59 24 2 2
32 17 2 2
1 7 2 2
15 7 2 1
1 7 2 1
5 7 2 3
1 7 2 2
9 7 2 2
5 22 2 1
52 22 2 2
62 22 2 1
8 22 2 3
43 22 2 3
20 22 2 3
5 22 2 1
56 22 2 2
21 86 2 2
72 26 2 1
21 26 2 1
76 26 2 1
37 26 2 1
58 26 2 1
8 26 2 2
47 26 2 1
25 78 2 1
69 25 2 4
6 25 2 1
74 25 2 1
5 25 2 2
7 25 2 1
10 25 2 1
36 25 2 1
14 25 2 1
18 25 2 2
20 25 2 1
35 25 2 1
80 27 2 1
18 27 2 3
61 27 2 2
56 27 2 2
79 27 2 1
38 26 2 1
73 26 2 1
5 26 2 2
6 26 2 1
78 26 2 1
6 26 2 1
8 26 2 1
51 26 2 2
29 16 2 1
2 10 2 2
4 10 2 1
23 10 2 1
78 28 2 1
42 28 2 2
72 28 2 1
9 28 2 2
43 28 2 2
50 28 2 2
7 28 2 2
8 28 2 1
10 28 2 2
23 76 2 1
23 91 2 2
73 28 2 1
67 30 2 1
71 26 2 1
52 41 2 3
10 41 2 1
62 29 2 2
41 21 2 3
6 21 2 1
15 12 2 1
15 9 2 2
71 27 2 2
25 38 2 2
37 38 2 1
9 15 2 2
5 23 2 1
4 23 2 1
67 35 2 2
5 26 2 2
8 26 2 2
15 26 2 1
39 20 2 1
2 6 2 2
18 6 2 2
19 6 2 1
39 41 2 1
34 24 2 1
34 21 2 1
20 18 2 2
14 9 2 2
5 9 2 2
9 9 2 3
5 22 2 1
34 16 2 2
1 6 2 2
2 6 2 1
16 6 2 3
15 6 2 1
62 24 2 1
58 32 2 1
69 23 2 2
7 23 2 1
11 23 2 2
30 23 2 1
52 23 2 1
7 19 2 3
7 4 2 1
74 26 2 2
12 26 2 1
14 26 2 2
76 26 2 1
75 27 2 1
26 68 2 3
20 68 2 1
55 28 2 2
55 30 2 2
29 10 2 1
26 10 2 1
34 52 2 2
21 52 2 2
46 26 2 2
6 26 2 1
40 22 2 1
11 4 2 1
1 4 2 1
9 4 2 1
4 4 2 3
1 4 2 2
9 4 2 2
5 4 2 1
66 25 2 1
7 25 2 1
10 25 2 2
18 18 2 2
18 7 2 1
39 49 2 1
41 39 2 1
21 53 2 1
21 31 2 2
21 86 2 2
21 31 2 1
21 27 2 2
21 41 2 1
21 47 2 1
21 24 2 4
21 23 2 2
21 28 2 1
21 23 2 1
21 28 2 2
21 80 2 1
21 26 2 2
21 27 2 1
21 27 2 3
21 29 2 2
21 58 2 1
21 30 2 1
21 45 2 1
21 39 2 2
21 24 2 2
21 34 2 2
21 18 2 2
2 8 2 1
19 8 2 1
41 25 2 2
41 35 2 1
27 74 2 3
14 92 2 2
14 68 2 1
14 83 2 2
14 92 2 2
14 23 2 2
14 27 2 2
14 27 2 2
14 23 2 2
14 26 2 2
14 35 2 2
14 29 2 2
14 28 2 2
14 33 2 3
14 25 2 1
14 31 2 2
14 51 2 1
14 23 2 1
14 19 2 1
14 17 2 2
9 36 2 2
5 17 2 2
5 19 2 1
27 25 2 2
27 43 2 1
21 97 2 1
6 18 2 1
6 29 2 1
6 10 2 2
6 32 2 1
6 4 2 2
6 4 2 1
27 38 2 2
27 34 2 2
27 37 2 1
27 70 2 1
27 28 2 1
27 23 2 1
27 31 2 2
27 25 2 2
19 85 2 1
8 71 2 1
8 36 2 2
8 21 2 3
8 27 2 1
8 64 2 1
8 44 2 1
19 54 2 1
19 57 2 1
19 24 2 2
19 38 2 2
1 5 2 1
5 5 2 1
13 5 2 2
39 52 2 1
21 107 2 1
18 33 2 3
18 33 2 1
18 107 2 2
18 27 2 1
18 32 2 1
18 100 2 1
18 33 2 2
18 29 2 1
18 89 2 2
18 33 2 2
18 29 2 3
18 28 2 2
18 96 2 1
18 26 2 3
18 91 2 2
21 76 2 1
21 70 2 1
21 54 2 3
21 68 2 2
21 54 2 2
21 76 2 2
21 73 2 1
21 68 2 2
21 51 2 3
21 62 2 1
16 27 2 2
5 10 2 2
5 6 2 1
5 5 2 1
5 6 2 2
54 37 2 2
16 37 2 2
5 20 2 3
5 5 2 1
5 6 2 1
5 6 2 2
35 59 2 3
31 59 2 3
9 23 2 2
9 11 2 1
9 16 2 1
9 5 2 2
9 4 2 1
32 65 2 1
43 24 2 1
43 27 2 1
24 14 2 1
11 14 2 1
8 6 2 1
8 8 2 2
67 33 2 2
8 10 2 2
8 9 2 1
8 6 2 2
2 8 2 1
6 4 2 3
6 4 2 1
58 29 2 2
17 84 2 3
17 44 2 1
17 31 2 2
17 45 2 2
17 60 2 1
17 30 2 1
17 97 2 2
17 47 2 1
17 27 2 1
17 78 2 2
17 38 2 1
17 56 2 2
17 31 2 2
17 33 2 3
17 49 2 1
17 26 2 2
17 14 2 1
17 15 2 2
5 6 2 2
12 6 2 1
58 26 2 2
58 25 2 1
43 46 2 2
15 30 2 1
15 56 2 2
15 23 2 2
15 89 2 3
15 43 2 1
15 33 2 2
15 28 2 2
15 27 2 3
15 57 2 2
15 42 2 1
15 67 2 1
15 36 2 2
15 43 2 1
15 105 2 2
15 46 2 2
11 6 2 3
4 6 2 1
43 29 2 2
43 31 2 1
43 41 2 1
28 68 2 1
15 20 2 1
15 26 2 2
15 17 2 3
15 5 2 1
43 29 2 3
31 49 2 1
12 32 2 1
12 8 2 3
12 9 2 1
43 27 2 1
43 23 2 1
43 24 2 2
43 32 2 1
43 33 2 1
22 104 2 1
21 25 2 1
21 24 2 2
21 22 2 2
21 28 2 2
9 5 2 1
8 5 2 2
4 5 2 1
37 60 2 1
6 20 2 1
6 22 2 2
6 21 2 1
6 18 2 1
6 16 2 3
6 16 2 2
6 18 2 1
6 25 2 1
6 22 2 1
6 6 2 2
6 5 2 1
6 6 2 1
26 89 2 2
11 30 2 2
11 22 2 1
11 38 2 2
11 13 2 1
11 27 2 1
11 5 2 3
26 28 2 1
15 18 2 1
11 18 2 2
58 25 2 1
24 77 2 3
34 40 2 1
34 60 2 2
34 28 2 1
34 23 2 2
20 102 2 1
14 28 2 1
14 25 2 2
14 103 2 3
14 74 2 1
14 38 2 1
14 23 2 2
14 35 2 1
14 27 2 1
14 44 2 2
14 33 2 1
14 60 2 3
14 29 2 1
14 50 2 1
14 53 2 2
14 63 2 1
14 61 2 2
14 26 2 2
14 36 2 1
14 29 2 1
14 24 2 3
2 12 2 1
12 7 2 1
3 5 2 1
5 5 2 2
4 5 2 2
20 26 2 1
20 94 2 2
20 34 2 3
20 28 2 2
20 38 2 2
20 25 2 2
20 68 2 3
20 29 2 1
20 35 2 2
20 48 2 1
20 36 2 3
20 63 2 2
20 87 2 1
20 24 2 2
20 23 2 3
20 39 2 2
20 23 2 2
16 51 2 1
4 9 2 2
4 7 2 1
4 10 2 3
4 7 2 1
4 5 2 3
4 4 2 3
4 9 2 1
24 55 2 1
24 27 2 2
24 47 2 2
24 32 2 2
24 40 2 1
24 83 2 2
24 28 2 1
24 28 2 3
24 28 2 2
24 78 2 1
24 27 2 1
24 42 2 1
24 82 2 2
24 33 2 1
24 29 2 3
24 28 2 1
24 85 2 1
20 86 2 1
4 16 2 2
4 23 2 1
4 13 2 3
4 39 2 2
4 11 2 2
4 10 2 2
4 19 2 1
4 8 2 1
4 9 2 2
4 6 2 3
4 15 2 1
4 6 2 2
20 33 2 2
20 20 2 2
20 21 2 2
20 11 2 2
1 4 2 2
2 4 2 1
12 4 2 1
5 4 2 2
55 30 2 2
7 9 2 2
7 7 2 1
7 14 2 1
62 27 2 2
18 87 2 2
44 24 2 2
13 63 2 1
13 63 2 3
18 53 2 3
18 10 2 1
62 30 2 1
22 103 2 1
40 53 2 1
40 32 2 1
9 18 2 1
31 18 2 1
51 33 2 1
11 31 2 2
11 23 2 2
11 105 2 2
11 48 2 2
11 35 2 1
11 45 2 1
11 28 2 2
11 76 2 1
11 29 2 1
11 30 2 2
11 26 2 1
11 33 2 1
11 29 2 1
11 30 2 1
11 44 2 2
11 26 2 2
11 41 2 1
11 75 2 3
11 19 2 1
11 7 2 3
37 41 2 2
14 14 2 2
7 27 2 2
7 9 2 1
7 18 2 1
32 70 2 1
19 27 2 2
9 43 2 1
10 18 2 2
10 11 2 1
10 14 2 1
18 88 2 1
33 55 2 2
24 33 2 3
9 11 2 1
9 10 2 1
5 12 2 3
4 4 2 1
4 8 2 1
44 48 2 2
7 11 2 2
7 20 2 2
7 9 2 2
7 8 2 2
21 74 2 2
30 24 2 2
30 33 2 2
30 25 2 1
30 23 2 2
26 61 2 1
4 16 2 2
4 12 2 1
4 8 2 2
4 8 2 2
4 8 2 2
4 4 2 1
4 5 2 2
30 48 2 3
30 23 2 1
30 29 2 1
30 37 2 2
25 89 2 2
5 46 2 2
5 16 2 2
5 7 2 2
5 20 2 1
30 35 2 2
30 53 2 1
30 20 2 2
21 27 2 2
21 85 2 2
21 99 2 1
21 42 2 1
21 61 2 2
21 24 2 1
21 26 2 1
21 23 2 1
21 17 2 1
21 16 2 1
9 6 2 2
2 6 2 2
10 6 2 1
23 55 2 2
23 79 2 1
23 46 2 1
23 23 2 1
23 52 2 1
23 34 2 1
23 40 2 1
23 77 2 1
23 43 2 3
23 44 2 2
23 34 2 1
23 23 2 1
23 30 2 2
23 28 2 1
23 29 2 2
23 63 2 1
23 25 2 1
23 94 2 2
23 35 2 2
23 30 2 1
23 41 2 1
23 33 2 2
23 34 2 2
23 25 2 2
23 70 2 1
8 9 2 2
4 9 2 1
11 9 2 1
21 27 2 2
21 29 2 1
21 70 2 2
21 24 2 2
21 79 2 1
21 26 2 1
21 40 2 4
21 39 2 1
21 23 2 1
21 52 2 2
21 35 2 1
21 24 2 4
21 27 2 1
21 45 2 1
21 67 2 1
21 29 2 2
21 28 2 1
21 34 2 2
21 48 2 2
21 90 2 1
21 74 2 2
21 34 2 1
21 27 2 2
21 79 2 2
21 40 2 1
21 25 2 1
21 54 2 1
21 49 2 1
78 28 1 1
70 36 1 2
22 90 1 1
21 90 1 1
72 24 1 2
73 26 1 3
69 25 1 2
71 25 1 2
7 25 1 2
74 25 1 2
6 25 1 2
71 25 1 1
46 20 1 1
4 5 1 1
8 5 1 1
13 5 1 2
15 5 1 1
6 5 1 1
46 42 1 1
78 31 1 1
37 42 1 1
65 27 1 2
17 27 1 1
40 27 1 2
47 27 1 2
14 27 1 2
3 15 1 2
44 15 1 2
44 15 1 2
37 15 1 3
42 15 1 2
13 15 1 2
2 11 1 1
2 11 1 3
11 11 1 2
5 11 1 1
3 11 1 1
33 11 1 3
22 11 1 1
68 23 1 2
18 23 1 2
6 23 1 1
35 23 1 3
66 23 1 1
5 23 1 1
43 23 1 3
15 23 1 1
69 23 1 1
19 17 1 2
19 6 1 3
65 30 1 2
8 11 1 2
8 19 1 1
7 34 1 2
66 24 1 1
12 10 1 3
30 10 1 2
2 10 1 1
22 10 1 1
72 26 1 1
72 30 1 2
26 10 1 1
27 10 1 2
6 10 1 2
9 10 1 1
4 4 1 3
4 6 1 1
68 36 1 1
75 34 1 2
26 73 1 1
38 50 1 2
59 28 1 1
82 28 1 1
17 28 1 2
81 28 1 1
23 28 1 2
63 28 1 2
82 31 1 1
31 31 1 1
63 31 1 2
76 31 1 2
14 31 1 1
37 14 1 2
6 14 1 2
31 14 1 1
14 14 1 1
24 14 1 2
42 14 1 2
35 14 1 1
36 14 1 3
41 14 1 2
59 32 1 2
33 13 1 1
11 13 1 2
5 13 1 2
10 7 1 1
3 6 1 2
2 6 1 1
5 6 1 2
9 23 1 1
29 15 1 1
20 8 1 1
9 8 1 2
85 30 1 1
62 30 1 1
7 30 1 2
15 30 1 1
76 26 1 1
75 26 1 1
24 26 1 2
28 26 1 3
17 12 1 3
17 14 1 2
2 4 1 3
11 4 1 1
11 4 1 1
4 4 1 3
1 4 1 1
10 4 1 3
11 4 1 1
11 4 1 1
11 4 1 1
5 4 1 1
2 4 1 1
11 4 1 2
1 4 1 3
11 4 1 1
4 4 1 1
7 4 1 2
1 4 1 2
11 4 1 2
6 4 1 2
4 4 1 3
4 4 1 2
4 4 1 3
1 4 1 1
2 4 1 1
12 4 1 2
11 4 1 1
5 4 1 2
7 4 1 1
11 4 1 1
7 4 1 2
6 4 1 1
10 4 1 3
1 4 1 2
4 4 1 3
40 48 1 2
44 48 1 2
40 48 1 3
66 35 1 1
34 48 1 2
19 48 1 1
20 48 1 1
55 48 1 1
71 28 1 3
58 20 1 1
13 9 1 2
13 11 1 1
6 13 1 2
21 13 1 2
28 13 1 1
11 13 1 2
28 61 1 1
61 28 1 1
74 32 1 3
30 32 1 2
46 32 1 2
10 32 1 2
73 27 1 2
28 32 1 2
39 28 1 1
1 4 1 2
1 4 1 1
3 4 1 2
3 4 1 1
12 4 1 1
11 4 1 1
1 4 1 2
7 4 1 1
2 5 1 1
14 5 1 2
3 5 1 1
11 5 1 1
2 5 1 1
13 5 1 3
14 5 1 2
14 5 1 1
37 29 1 3
34 29 1 2
13 29 1 3
10 29 1 1
36 29 1 2
64 29 1 3
86 29 1 1
20 15 1 2
20 14 1 1
61 29 1 2
12 4 1 2
10 4 1 2
2 4 1 2
1 4 1 2
11 4 1 1
1 4 1 1
11 4 1 2
3 4 1 1
10 4 1 2
56 35 1 3
22 95 1 1
78 26 1 2
12 26 1 1
16 26 1 2
42 26 1 1
76 26 1 1
6 26 1 2
77 26 1 2
4 10 1 1
4 6 1 2
4 4 1 1
4 6 1 2
53 46 1 1
54 46 1 3
68 32 1 3
78 30 1 1
58 33 1 2
5 13 1 2
31 13 1 1
22 13 1 1
37 16 1 4
7 16 1 1
3 16 1 3
31 16 1 1
26 14 1 1
29 14 1 2
5 14 1 2
8 9 1 1
8 5 1 2
56 23 1 1
56 23 1 1
5 23 1 2
43 23 1 2
58 23 1 1
47 23 1 2
46 19 1 3
11 4 1 1
1 4 1 1
3 4 1 2
8 4 1 1
1 4 1 2
11 4 1 2
11 4 1 1
71 30 1 1
52 33 1 2
67 28 1 2
81 29 1 1
8 29 1 1
54 29 1 1
5 4 1 3
12 4 1 2
11 4 1 2
10 4 1 1
4 4 1 2
2 4 1 1
6 4 1 1
8 4 1 1
10 4 1 1
5 4 1 3
1 4 1 2
1 4 1 2
5 4 1 2
9 4 1 1
12 4 1 1
1 4 1 2
1 4 1 1
2 4 1 1
5 4 1 2
1 4 1 2
11 4 1 3
2 4 1 1
10 4 1 1
2 4 1 2
7 4 1 1
1 5 1 2
9 5 1 1
8 5 1 2
13 5 1 3
5 5 1 3
15 5 1 2
11 5 1 1
1 5 1 2
4 5 1 1
78 28 1 2
20 92 1 1
45 37 1 2
64 32 1 1
55 32 1 2
14 5 1 2
1 5 1 2
2 5 1 3
1 5 1 2
11 5 1 1
4 5 1 1
14 5 1 1
7 5 1 1
4 5 1 2
7 5 1 1
15 5 1 2
4 5 1 1
1 5 1 4
6 5 1 1
8 5 1 1
5 5 1 2
15 5 1 2
58 37 1 1
76 33 1 2
30 31 1 1
30 24 1 1
14 22 1 2
13 22 1 1
27 22 1 2
22 22 1 1
53 18 1 1
5 5 1 1
5 5 1 1
5 8 1 2
83 29 1 2
48 36 1 2
53 40 1 2
47 40 1 2
6 20 1 2
6 31 1 1
6 49 1 3
6 15 1 3
6 20 1 1
6 12 1 1
6 9 1 3
6 8 1 2
6 8 1 1
6 7 1 2
6 9 1 2
47 25 1 1
47 25 1 1
21 98 1 3
26 94 1 2
4 4 1 1
12 4 1 1
4 4 1 2
6 4 1 2
24 105 1 1
24 37 1 2
24 73 1 4
18 82 1 1
6 26 1 2
6 13 1 1
6 9 1 1
6 9 1 1
6 8 1 1
6 17 1 1
24 49 1 2
24 38 1 3
70 35 1 1
13 40 1 2
13 43 1 1
13 47 1 2
13 26 1 1
13 16 1 3
13 11 1 1
13 10 1 1
13 6 1 2
58 43 1 1
12 27 1 2
12 26 1 1
12 35 1 1
12 29 1 1
12 20 1 1
12 10 1 2
12 11 1 1
3 6 1 1
2 6 1 3
7 6 1 2
58 26 1 2
58 30 1 2
58 28 1 1
58 26 1 2
14 11 1 1
31 11 1 2
13 7 1 3
9 4 1 2
4 4 1 2
23 101 1 1
55 29 1 2
55 26 1 3
49 37 1 3
6 13 1 2
6 12 1 1
6 5 1 2
6 7 1 1
2 9 1 2
14 9 1 1
9 9 1 4
25 9 1 1
5 9 1 1
78 29 1 2
24 80 1 1
54 34 1 1
22 101 1 3
20 101 1 1
12 31 1 2
12 65 1 3
2 5 1 1
10 5 1 2
54 27 1 1
24 25 1 1
24 30 1 1
24 15 1 3
10 12 1 1
8 12 1 2
6 6 1 1
6 6 1 1
71 29 1 1
44 52 1 4
27 23 1 1
21 29 1 1
6 8 1 1
6 12 1 2
6 4 1 2
6 5 1 2
71 31 1 2
71 29 1 2
48 53 1 2
23 98 1 2
23 28 1 3
23 22 1 1
23 16 1 1
23 12 1 1
3 6 1 2
11 6 1 1
9 6 1 1
48 25 1 1
48 26 1 1
48 44 1 2
48 34 1 1
36 65 1 1
20 23 1 2
20 17 1 1
20 14 1 2
20 11 1 1
56 27 1 2
27 78 1 1
29 32 1 2
23 74 1 2
6 26 1 3
6 89 1 1
6 28 1 2
6 19 1 2
6 22 1 1
6 15 1 2
6 21 1 2
6 38 1 1
6 13 1 1
6 6 1 1
6 12 1 2
23 85 1 1
23 67 1 2
23 30 1 1
12 33 1 1
11 33 1 1
27 36 1 3
27 30 1 3
27 37 1 1
27 24 1 1
27 29 1 1
27 61 1 2
27 19 1 1
17 7 1 1
2 7 1 1
8 7 1 1
75 29 1 2
46 54 1 1
29 35 1 3
22 111 1 1
7 108 1 2
7 58 1 1
7 32 1 1
7 76 1 1
7 73 1 2
7 23 1 1
7 26 1 1
7 20 1 2
7 26 1 2
7 37 1 1
7 22 1 1
7 22 1 1
7 15 1 1
7 8 1 1
7 6 1 1
7 10 1 1
22 33 1 1
22 25 1 2
22 27 1 1
22 44 1 1
22 73 1 1
22 29 1 1
22 62 1 1
22 30 1 1
22 37 1 2
22 28 1 2
22 21 1 1
22 18 1 1
22 24 1 2
46 46 1 2
46 56 1 2
46 30 1 1
46 26 1 2
46 27 1 1
38 62 1 2
8 13 1 3
8 43 1 1
8 6 1 1
46 47 1 1
26 95 1 3
20 45 1 1
20 32 1 1
12 18 1 1
8 7 1 2
8 6 1 2
8 5 1 2
23 110 1 1
23 29 1 1
23 24 1 1
15 57 1 1
8 12 1 2
8 13 1 1
8 9 1 1
8 9 1 1
8 14 1 2
46 24 1 2
5 20 1 2
41 20 1 2
25 90 1 1
24 102 1 1
19 40 1 2
19 27 1 3
19 49 1 1
19 34 1 1
19 83 1 1
19 56 1 2
19 45 1 2
19 107 1 2
19 59 1 1
19 28 1 1
19 68 1 1
19 18 1 2
19 10 1 2
24 29 1 1
24 43 1 1
24 29 1 1
24 33 1 1
24 35 1 2
24 32 1 2
20 93 1 1
4 21 1 3
4 22 1 2
4 39 1 3
4 19 1 1
4 66 1 1
4 25 1 2
4 45 1 3
4 12 1 1
4 33 1 1
4 20 1 1
4 11 1 1
4 4 1 2
4 4 1 2
20 59 1 1
20 36 1 1
20 98 1 1
20 19 1 1
4 16 1 1
16 10 1 2
10 6 1 1
6 6 1 2
25 30 1 2
25 30 1 2
25 40 1 2
25 33 1 2
25 75 1 1
25 30 1 2
25 77 1 1
25 26 1 2
25 60 1 1
25 33 1 1
25 74 1 1
8 26 1 1
17 15 1 2
17 11 1 2
29 68 1 2
41 35 1 3
41 33 1 1
70 31 1 2
40 53 1 2
30 31 1 2
30 37 1 1
30 26 1 2
21 101 1 1
9 29 1 2
9 23 1 1
9 20 1 1
9 10 1 2
9 11 1 2
9 8 1 2
30 30 1 2
30 49 1 1
20 89 1 2
10 46 1 2
10 30 1 1
10 13 1 2
30 28 1 2
30 30 1 2
30 30 1 2
30 29 1 1
30 65 1 2
17 70 1 2
13 18 1 1
13 15 1 2
13 37 1 2
40 45 1 2
40 36 1 2
40 29 1 1
34 65 1 2
6 44 1 2
6 36 1 2
6 62 1 1
6 26 1 2
6 31 1 2
6 72 1 2
6 19 1 1
6 60 1 2
6 34 1 1
6 16 1 2
6 20 1 1
6 17 1 1
6 6 1 2
6 5 1 2
6 4 1 2
21 83 1 2
13 92 1 1
13 30 1 2
13 24 1 2
13 35 1 1
13 113 1 4
13 20 1 2
13 19 1 1
13 54 1 2
21 30 1 2
21 41 1 1
21 31 1 1
21 32 1 2
21 27 1 1
21 45 1 2
21 37 1 2
21 21 1 2
16 40 1 2
5 20 1 2
5 6 1 1
5 10 1 2
5 4 1 1
27 76 1 2
51 29 1 1
23 110 1 1
28 59 1 1
21 91 1 1
7 77 1 2
7 97 1 1
7 29 1 2
7 48 1 1
7 32 1 1
7 34 1 1
7 61 1 1
7 24 1 2
7 23 1 2
7 86 1 2
7 22 1 1
7 23 1 2
7 14 1 1
7 18 1 2
7 14 1 1
7 10 1 2
7 7 1 2
7 15 1 4
21 48 1 2
21 76 1 1
21 31 1 1
21 26 1 1
21 30 1 1
21 83 1 3
21 29 1 3
21 45 1 1
21 83 1 3
21 28 1 1
21 32 1 1
21 23 1 3
21 9 1 2
23 25 1 1
23 43 1 2
23 34 1 2
23 36 1 3
23 77 1 1
23 34 1 1
23 89 1 1
23 28 1 3
23 76 1 2
23 36 1 1
23 26 1 1
23 69 1 2
2 10 1 2
21 10 1 1
27 29 1 2
27 25 1 2
21 84 1 1
6 13 1 1
6 15 1 1
6 12 1 1
6 9 1 2
6 9 1 2
6 9 1 2
6 6 1 1
6 5 1 1
6 6 1 2
21 104 1 2
6 90 1 2
6 40 1 1
6 30 1 1
6 62 1 2
6 54 1 2
6 33 1 1
6 23 1 2
6 20 1 1
6 64 1 1
6 14 1 1
6 13 1 1
6 11 1 1
6 10 1 1
6 10 1 2
6 16 1 1
6 7 1 3
6 5 1 1
6 6 1 2
21 28 1 4
21 30 1 1
21 37 1 2
21 93 1 1
21 35 1 2
21 92 1 1
21 32 1 1
21 31 1 1
6 26 1 1
15 13 1 1
15 13 1 1
