200 250 5
6
200 200 3
400 130 1.5
200 100 2
80 30 1.5
50 70 1
70 140 0.5
76
144 67 3 1
56 80 3 4
56 69 3 4
47 51 3 1
9 46 3 3
5 5 3 3
4 5 3 3
123 90 3 2
21 38 3 3
21 58 3 1
21 27 3 3
11 10 3 2
10 10 3 3
98 43 3 4
25 26 3 1
25 17 3 3
172 68 1 4
209 106 1 3
19 32 1 3
19 41 1 4
19 20 1 1
19 13 1 4
44 24 1 1
62 24 1 1
66 24 1 3
40 24 1 3
16 20 1 1
8 4 1 3
8 4 1 4
24 62 1 3
107 62 1 2
41 45 1 1
41 17 1 3
124 54 2 1
76 47 2 4
15 7 2 4
5 7 2 3
19 7 2 2
18 7 2 3
12 7 2 3
7 7 2 4
44 46 2 4
58 46 2 4
65 46 2 1
33 26 2 3
33 15 2 2
9 5 2 2
4 5 2 4
11 5 2 3
9 5 2 1
18 30 1 3
20 30 1 4
42 30 1 4
50 23 1 4
50 21 1 1
41 18 1 2
9 14 1 3
9 6 1 4
9 6 1 4
3 8 1 1
19 8 1 4
8 8 1 4
11 8 1 3
48 42 0 1
22 32 0 3
22 40 0 2
22 30 0 3
22 20 0 1
22 13 0 2
8 5 0 4
6 5 0 2
8 5 0 4
48 32 0 3
48 51 0 1
31 15 0 3
17 15 0 1
