300 300 15
2
300 255 4.0
2400 870 0.5
153
67 106 4
51 149 4
148 47 4
34 37 4
34 39 4
34 32 4
34 34 4
9 7 4
2 7 4
14 7 4
2 7 4
7 7 4
80 87 4
30 87 4
38 26 4
32 61 4
6 11 4
6 10 4
6 8 4
6 7 4
6 7 4
6 10 4
6 4 4
6 4 4
13 15 4
55 15 4
50 15 4
10 15 4
20 15 4
132 56 4
101 46 4
101 46 4
37 14 4
22 14 4
42 14 4
132 37 4
13 13 4
51 13 4
52 13 4
16 9 4
5 4 4
11 4 4
67 56 4
67 41 4
35 52 4
32 20 4
32 17 4
32 15 4
237 846 0
783 233 0
536 367 0
844 212 0
236 155 0
70 155 0
45 155 0
161 155 0
332 131 0
32 24 0
16 24 0
36 24 0
19 24 0
95 24 0
96 24 0
6 24 0
32 17 0
4 7 0
22 7 0
2 7 0
4 3 0
4 4 0
778 198 0
206 479 0
396 333 0
95 146 0
301 105 0
51 41 0
118 41 0
132 41 0
323 281 0
455 250 0
108 31 0
8 31 0
96 31 0
43 31 0
114 31 0
52 31 0
34 24 0
4 7 0
24 7 0
6 7 0
783 238 0
390 375 0
393 298 0
280 77 0
20 77 0
22 77 0
71 39 0
12 38 0
44 38 0
15 29 0
15 9 0
13 24 0
82 24 0
45 24 0
63 24 0
21 24 0
96 24 0
38 24 0
70 24 0
84 24 0
18 24 0
6 24 0
24 24 0
89 24 0
81 24 0
44 24 0
8 24 0
44 24 0
56 24 0
54 24 0
33 24 0
16 24 0
49 24 0
13 24 0
8 24 0
6 24 0
38 24 0
82 24 0
73 24 0
91 24 0
35 24 0
16 24 0
41 24 0
70 24 0
70 24 0
89 24 0
87 24 0
64 24 0
32 24 0
93 24 0
71 24 0
76 24 0
9 24 0
6 24 0
63 24 0
16 24 0
40 24 0
24 24 0
28 24 0
78 24 0
24 24 0
23 12 0
23 12 0
