500 500 15
6
1875 190 4
1100 310 3
580 310 2.5
1075 310 2
300 380 1
600 240 0.5
2732
84 42 4 3
26 42 4 1
53 42 4 2
64 42 4 1
50 42 4 3
42 42 4 2
81 42 4 2
36 42 4 1
8 42 4 2
50 42 4 2
9 42 4 2
9 42 4 2
84 42 4 1
83 42 4 1
54 42 4 2
74 42 4 2
13 42 4 1
80 42 4 2
82 42 4 2
84 42 4 1
83 42 4 2
10 42 4 1
80 42 4 1
13 42 4 1
66 42 4 1
10 42 4 1
76 42 4 2
43 42 4 1
61 42 4 1
80 42 4 2
79 42 4 1
34 42 4 2
26 42 4 1
22 42 4 1
77 42 4 2
30 42 4 3
19 20 4 1
4 22 4 1
15 13 4 2
15 9 4 2
70 63 4 1
52 63 4 2
13 63 4 2
79 40 4 1
80 40 4 2
32 40 4 2
78 40 4 2
62 40 4 1
20 40 4 3
9 40 4 2
10 40 4 1
70 40 4 1
31 40 4 1
20 40 4 2
10 40 4 2
60 40 4 2
8 40 4 2
79 40 4 1
23 40 4 2
18 40 4 3
78 40 4 2
10 40 4 1
28 40 4 3
21 40 4 2
16 40 4 1
78 40 4 2
79 40 4 2
78 40 4 1
13 40 4 1
59 40 4 2
73 40 4 1
11 40 4 2
58 40 4 1
80 40 4 1
61 40 4 1
80 40 4 1
80 40 4 2
49 40 4 3
75 40 4 2
24 23 4 1
17 17 4 1
7 17 4 2
12 23 4 1
41 23 4 2
32 23 4 2
45 23 4 1
36 23 4 1
28 23 4 1
43 23 4 4
46 23 4 1
8 23 4 2
42 23 4 2
36 23 4 1
15 23 4 1
33 23 4 2
46 23 4 2
24 23 4 1
22 23 4 1
18 23 4 3
19 23 4 2
12 23 4 2
34 23 4 1
11 23 4 2
8 23 4 1
14 23 4 3
5 23 4 1
45 23 4 1
13 23 4 3
46 23 4 1
10 23 4 1
6 23 4 1
44 23 4 3
42 23 4 1
21 23 4 1
33 23 4 2
28 23 4 2
46 23 4 2
13 23 4 2
11 23 4 2
46 23 4 1
23 23 4 1
42 23 4 3
18 23 4 1
44 23 4 1
34 23 4 2
23 23 4 2
28 23 4 3
37 23 4 3
46 23 4 1
40 23 4 1
41 23 4 1
23 23 4 2
43 23 4 3
45 23 4 2
7 23 4 1
11 23 4 2
12 23 4 1
12 23 4 2
27 23 4 1
36 23 4 1
43 23 4 2
44 23 4 3
27 19 4 1
1 4 4 1
2 4 4 1
1 4 4 2
1 4 4 1
1 4 4 1
1 4 4 1
1 4 4 2
1 4 4 1
1 4 4 1
4 4 4 1
3 4 4 2
3 4 4 1
7 4 4 2
61 49 4 1
50 59 4 3
35 59 4 1
12 59 4 1
19 59 4 2
77 48 4 1
18 59 4 2
82 51 4 3
23 59 4 2
27 59 4 2
12 59 4 2
87 47 4 1
94 47 4 2
79 47 4 1
13 47 4 1
9 47 4 2
94 47 4 1
77 39 4 1
42 47 4 2
76 40 4 3
9 47 4 4
15 47 4 1
90 47 4 2
35 47 4 2
72 47 4 1
23 47 4 2
78 40 4 2
8 40 4 2
69 40 4 2
53 40 4 2
16 40 4 1
10 40 4 3
80 40 4 1
78 40 4 1
12 40 4 1
26 40 4 1
30 40 4 1
77 40 4 3
42 40 4 2
65 36 4 1
2 4 4 1
5 4 4 1
2 4 4 3
8 4 4 1
3 4 4 2
3 4 4 2
2 4 4 2
8 4 4 2
7 4 4 1
4 4 4 2
2 4 4 2
7 4 4 2
7 4 4 1
5 4 4 3
4 7 4 1
12 7 4 1
13 7 4 1
11 7 4 2
11 7 4 1
14 7 4 1
3 7 4 1
2 7 4 2
5 7 4 2
5 7 4 2
14 7 4 1
2 7 4 1
7 7 4 2
11 7 4 3
10 7 4 1
14 7 4 2
14 7 4 2
1 7 4 1
12 7 4 1
14 7 4 2
12 7 4 1
12 7 4 1
12 7 4 1
2 7 4 1
9 7 4 2
14 7 4 1
7 7 4 3
12 7 4 1
14 7 4 2
4 7 4 2
2 7 4 2
2 7 4 2
5 7 4 2
3 7 4 2
9 7 4 2
4 7 4 2
10 7 4 2
12 7 4 1
3 7 4 2
3 7 4 1
2 7 4 1
14 7 4 2
1 7 4 2
13 7 4 3
13 7 4 1
9 7 4 3
6 7 4 1
11 7 4 1
8 7 4 1
12 7 4 2
3 7 4 2
2 7 4 3
14 7 4 1
12 7 4 2
12 7 4 2
1 7 4 2
2 7 4 3
14 7 4 1
10 7 4 1
1 7 4 1
11 7 4 1
13 7 4 2
12 7 4 1
14 7 4 1
14 7 4 1
10 7 4 2
6 7 4 1
8 7 4 1
10 7 4 1
13 7 4 2
14 7 4 2
9 7 4 2
10 7 4 1
2 7 4 2
8 7 4 1
10 7 4 1
14 7 4 2
11 7 4 1
13 7 4 3
5 7 4 1
13 7 4 1
5 7 4 2
5 7 4 1
16 8 4 1
16 8 4 1
4 8 4 1
2 8 4 1
16 8 4 1
15 8 4 3
8 8 4 1
24 12 4 1
4 12 4 2
3 12 4 1
24 12 4 1
21 12 4 1
5 12 4 1
13 12 4 1
9 12 4 2
18 12 4 1
14 12 4 3
14 12 4 1
3 12 4 2
7 12 4 3
22 12 4 2
4 12 4 1
16 12 4 2
13 12 4 1
20 12 4 1
11 12 4 2
5 12 4 1
17 12 4 1
3 12 4 2
24 12 4 1
14 12 4 1
10 12 4 3
20 12 4 1
2 12 4 1
9 12 4 1
24 12 4 4
8 12 4 2
3 12 4 2
4 12 4 2
18 12 4 1
23 12 4 1
8 12 4 1
24 12 4 1
5 12 4 1
24 12 4 1
20 12 4 2
23 12 4 1
3 12 4 2
5 12 4 1
14 12 4 2
5 12 4 3
3 12 4 1
21 12 4 1
7 12 4 1
24 12 4 2
14 12 4 1
8 12 4 1
4 12 4 2
12 12 4 1
23 12 4 1
6 12 4 1
3 12 4 2
3 12 4 1
3 12 4 2
23 12 4 2
3 12 4 3
11 12 4 2
24 12 4 1
7 12 4 3
23 12 4 2
12 12 4 1
19 12 4 3
23 12 4 1
3 12 4 1
15 12 4 1
22 12 4 2
24 12 4 2
3 12 4 2
15 12 4 1
17 12 4 3
14 12 4 2
24 12 4 2
4 12 4 2
19 12 4 1
11 12 4 2
23 12 4 1
11 12 4 2
24 12 4 1
24 12 4 1
3 12 4 1
17 12 4 1
17 12 4 2
20 12 4 3
19 12 4 1
15 12 4 1
17 12 4 3
2 12 4 3
24 12 4 2
24 12 4 1
5 12 4 1
24 12 4 1
24 12 4 1
21 12 4 2
23 12 4 1
3 12 4 1
14 12 4 1
6 12 4 1
24 12 4 2
7 12 4 2
24 12 4 2
3 12 4 1
2 12 4 1
4 12 4 1
3 12 4 3
21 12 4 1
4 12 4 2
3 8 4 2
16 8 4 2
15 8 4 1
2 8 4 3
16 8 4 1
14 8 4 2
11 8 4 1
5 8 4 1
8 11 4 1
22 11 4 2
2 11 4 2
8 11 4 2
12 11 4 2
21 11 4 1
4 5 4 1
4 6 4 2
41 26 4 1
10 26 4 3
32 26 4 1
5 26 4 2
5 26 4 3
31 26 4 2
22 26 4 1
27 26 4 2
52 26 4 2
7 26 4 1
38 26 4 1
48 26 4 2
16 26 4 2
5 26 4 1
24 26 4 1
6 26 4 2
51 26 4 1
33 26 4 2
35 26 4 2
9 26 4 1
30 26 4 2
36 26 4 1
26 26 4 1
49 26 4 1
52 26 4 2
52 26 4 3
5 26 4 2
51 26 4 1
51 26 4 1
51 26 4 2
47 26 4 1
6 26 4 3
30 26 4 3
32 26 4 3
20 26 4 2
51 26 4 1
38 26 4 2
5 26 4 3
6 26 4 2
28 26 4 2
19 26 4 2
7 26 4 1
48 26 4 1
19 26 4 1
10 26 4 1
16 26 4 2
36 26 4 1
31 26 4 1
49 26 4 2
12 26 4 2
36 26 4 2
16 26 4 1
26 26 4 1
51 26 4 1
45 26 4 2
52 26 4 2
11 26 4 1
49 26 4 1
6 26 4 1
45 26 4 1
40 26 4 3
27 20 4 2
12 6 4 1
11 6 4 1
4 6 4 1
33 36 4 1
28 23 4 1
11 13 4 2
17 13 4 2
56 74 3 3
40 79 3 1
44 75 3 1
71 42 3 2
73 40 3 2
12 40 3 1
70 40 3 1
10 40 3 1
19 40 3 1
75 40 3 2
31 40 3 2
8 40 3 3
16 40 3 2
23 40 3 3
69 40 3 2
9 40 3 1
44 40 3 1
18 40 3 1
56 40 3 2
30 40 3 1
80 40 3 1
38 40 3 2
8 40 3 1
75 40 3 1
14 40 3 1
8 40 3 4
58 40 3 2
9 40 3 2
8 40 3 1
11 40 3 2
17 23 3 2
12 17 3 2
5 8 3 2
5 9 3 1
80 50 3 1
75 50 3 2
63 50 3 2
76 38 3 2
55 38 3 2
52 38 3 1
73 38 3 1
75 38 3 1
25 38 3 2
70 38 3 1
51 38 3 3
62 38 3 2
11 38 3 1
56 38 3 2
36 38 3 1
10 38 3 2
19 25 3 1
19 13 3 1
24 12 3 3
12 12 3 1
18 12 3 1
10 12 3 3
9 12 3 2
13 12 3 2
2 12 3 2
14 12 3 1
23 12 3 2
22 12 3 1
15 12 3 1
23 12 3 1
4 12 3 1
19 12 3 1
23 12 3 3
6 12 3 1
5 12 3 1
14 12 3 3
2 12 3 2
16 12 3 1
23 12 3 3
24 12 3 2
8 12 3 1
23 12 3 2
14 12 3 1
15 12 3 1
15 12 3 2
12 12 3 1
10 12 3 1
5 12 3 3
3 12 3 1
21 12 3 1
8 12 3 1
15 12 3 2
23 12 3 2
15 12 3 2
23 12 3 2
24 12 3 2
2 12 3 3
6 12 3 1
24 12 3 1
3 12 3 1
9 12 3 2
24 12 3 2
14 12 3 2
24 12 3 1
3 12 3 2
3 12 3 2
4 7 3 2
4 5 3 1
40 83 3 1
52 69 3 1
69 53 3 1
80 45 3 2
14 45 3 1
31 45 3 2
87 45 3 1
9 45 3 1
90 45 3 1
33 45 3 2
75 38 3 1
26 45 3 1
58 45 3 1
74 39 3 1
48 39 3 4
11 39 3 1
78 39 3 1
14 26 3 1
14 13 3 2
6 6 3 1
10 6 3 3
7 6 3 1
1 6 3 2
6 6 3 2
10 6 3 1
8 6 3 2
2 6 3 2
1 6 3 1
9 6 3 2
4 6 3 2
10 6 3 2
10 6 3 1
5 6 3 1
4 6 3 2
2 6 3 1
1 6 3 2
11 6 3 2
10 6 3 3
11 6 3 2
7 6 3 3
5 6 3 2
11 6 3 1
12 6 3 2
6 6 3 2
10 6 3 1
12 6 3 2
1 6 3 3
2 6 3 2
1 6 3 1
4 6 3 2
2 6 3 1
6 6 3 1
5 6 3 2
1 6 3 1
12 6 3 3
10 7 3 3
14 7 3 1
14 7 3 1
4 7 3 2
11 7 3 2
13 7 3 1
9 7 3 3
15 8 3 2
11 8 3 2
15 8 3 2
8 8 3 1
11 8 3 1
6 8 3 1
16 8 3 2
2 8 3 2
3 8 3 1
10 8 3 2
13 8 3 1
16 8 3 1
6 8 3 1
5 8 3 1
14 8 3 3
7 8 3 3
2 8 3 1
13 8 3 1
3 8 3 1
2 8 3 1
14 8 3 2
7 8 3 2
3 8 3 1
9 8 3 2
9 8 3 1
3 8 3 2
15 8 3 3
16 8 3 1
16 8 3 2
8 8 3 1
13 8 3 2
4 8 3 2
2 8 3 1
2 8 3 2
12 8 3 3
5 8 3 1
5 8 3 1
16 8 3 3
9 8 3 1
11 8 3 2
3 8 3 1
16 8 3 2
2 8 3 1
8 8 3 2
3 8 3 1
6 8 3 1
10 8 3 2
3 8 3 2
15 8 3 1
9 8 3 2
11 8 3 2
2 8 3 2
11 8 3 1
8 8 3 2
2 8 3 2
16 8 3 2
5 8 3 2
4 8 3 2
2 8 3 2
16 8 3 1
2 8 3 4
14 8 3 1
8 8 3 1
8 8 3 2
12 8 3 1
2 8 3 2
11 8 3 2
10 8 3 1
7 8 3 1
15 8 3 1
16 8 3 1
2 8 3 2
4 8 3 2
9 8 3 1
13 8 3 2
5 8 3 1
3 8 3 1
7 8 3 1
5 8 3 2
4 8 3 2
16 8 3 2
7 8 3 3
4 8 3 1
15 8 3 1
9 8 3 2
2 8 3 1
9 8 3 2
28 30 3 1
15 30 3 3
25 30 3 2
6 30 3 1
57 30 3 1
59 30 3 1
7 30 3 1
58 30 3 2
21 30 3 1
29 30 3 1
10 30 3 2
6 30 3 1
36 30 3 2
12 30 3 1
40 30 3 1
8 30 3 2
35 30 3 1
49 30 3 1
6 30 3 3
42 30 3 1
9 30 3 1
12 30 3 2
60 30 3 3
59 30 3 3
26 30 3 3
59 30 3 2
23 23 3 1
12 7 3 2
11 7 3 2
15 14 3 1
3 14 3 2
15 14 3 1
4 14 3 1
6 14 3 1
9 10 3 2
2 4 3 1
3 4 3 2
4 4 3 1
32 93 3 2
61 55 3 1
69 55 3 2
18 55 3 1
42 55 3 3
28 55 3 1
35 55 3 3
43 55 3 2
45 55 3 3
46 55 3 2
62 55 3 2
76 38 3 2
45 38 3 2
55 38 3 2
62 38 3 1
27 38 3 1
25 38 3 1
20 38 3 2
75 38 3 1
23 25 3 2
6 13 3 2
17 13 3 1
4 17 3 1
6 17 3 1
4 17 3 3
31 17 3 2
15 17 3 2
7 17 3 2
14 17 3 2
7 17 3 1
22 17 3 2
5 17 3 1
30 17 3 1
9 17 3 1
4 17 3 1
34 17 3 2
32 17 3 1
4 17 3 1
28 17 3 2
3 17 3 1
7 17 3 2
4 17 3 1
26 17 3 1
33 17 3 1
20 17 3 3
10 17 3 2
19 17 3 2
30 17 3 1
31 38 3 1
52 38 3 2
55 38 3 3
22 38 3 2
21 38 3 2
40 38 3 1
12 38 3 2
21 38 3 3
74 38 3 1
44 38 3 2
76 38 3 1
8 38 3 1
71 38 3 1
76 38 3 2
58 38 3 3
73 38 3 1
31 38 3 2
8 38 3 3
13 38 3 2
17 38 3 1
25 38 3 1
29 38 3 1
13 44 3 2
21 44 3 1
9 44 3 1
87 44 3 2
69 44 3 2
10 44 3 1
10 44 3 2
31 44 3 1
17 44 3 2
17 44 3 3
43 44 3 1
53 44 3 3
33 44 3 1
12 44 3 1
20 44 3 1
87 44 3 2
74 44 3 3
18 44 3 1
53 44 3 1
23 44 3 1
45 44 3 1
87 44 3 1
44 44 3 1
13 44 3 1
31 102 3 2
29 97 3 2
11 73 3 2
11 13 3 2
11 11 3 1
4 5 3 3
1 5 3 1
2 5 3 1
10 5 3 2
7 5 3 1
8 5 3 1
8 5 3 1
29 139 3 2
34 104 3 2
8 26 3 1
8 24 3 3
8 23 3 2
8 37 3 2
8 25 3 2
8 31 3 1
34 50 3 2
24 12 3 1
10 12 3 2
5 27 3 2
24 18 3 1
3 9 3 1
16 9 3 3
5 5 3 1
5 4 3 1
44 51 3 1
44 64 3 1
44 71 3 1
44 33 3 1
12 16 3 2
6 16 3 1
8 16 3 1
4 16 3 2
14 16 3 2
40 57 3 2
40 45 3 1
40 66 3 2
30 63 3 2
10 47 3 1
10 9 3 2
2 7 3 2
8 7 3 1
31 119 3 1
25 38 3 2
25 57 3 2
25 24 3 2
56 45 3 2
56 45 3 1
45 27 3 2
11 16 3 1
11 11 3 2
58 31 2 1
62 31 2 1
55 31 2 2
16 31 2 2
60 31 2 2
30 31 2 2
61 31 2 2
11 31 2 2
15 31 2 1
61 31 2 2
41 31 2 2
29 31 2 1
13 31 2 1
18 31 2 2
11 31 2 2
17 31 2 1
22 23 2 2
2 8 2 2
2 8 2 2
13 8 2 2
5 8 2 2
23 78 2 1
27 75 2 1
44 35 2 1
50 44 2 2
32 62 2 2
46 36 2 2
21 101 2 1
32 66 2 1
62 31 2 2
21 66 2 2
18 66 2 3
39 56 2 2
53 29 2 1
27 66 2 2
34 43 2 1
51 33 2 1
18 10 2 1
8 10 2 2
20 10 2 2
5 10 2 1
37 23 2 1
48 23 2 1
9 37 2 2
9 37 2 2
29 37 2 2
6 11 2 2
6 11 2 1
6 7 2 2
6 8 2 2
4 10 2 2
5 10 2 2
20 10 2 2
2 10 2 2
2 10 2 2
6 6 2 1
2 4 2 2
4 4 2 3
31 35 2 2
31 23 2 1
4 12 2 2
18 12 2 3
9 12 2 1
57 29 2 1
61 35 2 1
16 35 2 1
19 35 2 1
13 35 2 1
21 35 2 1
45 35 2 1
43 35 2 1
62 35 2 2
9 6 2 2
12 6 2 1
12 6 2 2
10 6 2 2
3 6 2 1
1 6 2 1
2 6 2 1
8 6 2 2
48 44 2 1
49 44 2 1
56 28 2 1
25 28 2 1
55 28 2 2
36 28 2 2
7 28 2 3
56 28 2 1
26 19 2 2
8 9 2 1
14 9 2 1
4 9 2 2
31 16 2 1
32 16 2 1
31 16 2 2
22 16 2 2
6 16 2 2
32 16 2 2
20 16 2 2
32 16 2 1
13 16 2 1
23 16 2 2
19 16 2 3
48 46 2 3
30 50 2 1
56 31 2 1
54 33 2 2
54 38 2 1
65 33 2 2
28 50 2 2
23 30 2 1
4 20 2 1
14 20 2 1
5 8 2 3
5 12 2 2
4 17 2 1
10 17 2 2
3 17 2 1
5 17 2 2
16 17 2 1
27 17 2 1
16 12 2 1
21 12 2 1
17 12 2 1
34 17 2 2
5 17 2 2
3 17 2 2
12 17 2 3
5 19 2 1
37 19 2 2
14 19 2 1
66 33 2 1
38 40 2 2
48 32 2 2
8 40 2 1
19 40 2 1
20 40 2 1
49 30 2 1
55 40 2 2
7 12 2 2
7 15 2 1
7 7 2 1
2 6 2 2
5 6 2 1
15 10 2 2
9 10 2 1
10 10 2 2
2 10 2 2
13 10 2 1
15 8 2 2
15 8 2 1
13 8 2 1
5 8 2 2
25 44 2 2
50 30 2 2
42 30 2 1
48 30 2 2
58 30 2 3
21 24 2 1
2 6 2 2
4 6 2 1
1 6 2 2
1 6 2 2
13 6 2 3
25 14 2 1
12 14 2 2
18 14 2 3
28 14 2 2
17 14 2 1
11 14 2 1
25 14 2 1
7 14 2 1
16 14 2 1
27 14 2 2
3 14 2 1
8 14 2 3
22 14 2 1
14 51 2 1
52 32 2 1
15 19 2 1
17 19 2 1
20 19 2 3
20 88 2 2
20 88 2 4
8 33 2 3
8 16 2 1
8 13 2 1
8 26 2 2
46 34 2 1
21 103 2 1
25 58 2 2
25 39 2 2
25 35 2 1
25 73 2 1
8 4 2 3
7 4 2 1
4 4 2 1
6 4 2 1
21 40 2 2
21 59 2 2
10 7 2 1
11 7 2 2
32 33 2 1
32 56 2 2
32 44 2 1
32 34 2 2
32 40 2 2
7 10 2 2
20 10 2 3
5 6 2 1
5 4 2 2
36 51 2 2
14 31 2 1
7 20 2 3
7 20 2 2
50 38 2 1
18 88 2 1
32 41 2 2
32 28 2 2
10 19 2 1
10 19 2 2
12 11 2 1
12 8 2 1
44 36 2 1
6 11 2 2
6 16 2 1
6 9 2 2
7 22 2 2
26 22 2 1
17 14 2 2
17 8 2 2
44 30 2 1
44 46 2 1
44 35 2 2
44 36 2 2
36 45 2 1
8 31 2 2
8 14 2 1
10 52 2 1
25 52 2 1
9 42 2 2
9 10 2 2
27 52 2 1
27 61 2 1
27 30 2 2
27 28 2 1
27 24 2 1
15 9 2 1
12 9 2 2
23 60 2 2
23 40 2 1
23 76 2 2
23 18 2 2
13 7 2 4
10 7 2 1
41 98 2 1
48 58 2 2
60 52 2 2
41 52 2 2
69 47 2 3
15 52 2 2
35 52 2 1
14 52 2 2
76 38 2 2
69 42 2 2
59 42 2 1
25 42 2 2
21 42 2 2
39 42 2 1
10 42 2 1
39 42 2 2
81 42 2 1
47 42 2 1
84 42 2 1
82 42 2 2
25 42 2 1
60 42 2 2
35 28 2 1
24 14 2 2
11 9 2 2
11 5 2 1
5 10 2 3
11 10 2 1
16 10 2 2
6 10 2 2
18 10 2 1
14 10 2 2
9 10 2 1
12 10 2 1
19 10 2 1
4 10 2 2
2 10 2 2
19 10 2 2
3 10 2 1
3 10 2 2
4 10 2 2
2 10 2 2
19 10 2 2
20 10 2 1
20 10 2 3
17 10 2 2
13 10 2 2
2 10 2 1
16 10 2 2
17 10 2 2
9 10 2 2
12 10 2 2
12 10 2 2
3 10 2 2
20 10 2 2
19 10 2 2
2 10 2 1
20 10 2 1
20 10 2 2
15 10 2 2
2 10 2 1
6 10 2 1
4 10 2 1
3 10 2 2
20 10 2 1
17 10 2 2
12 10 2 1
2 10 2 1
2 10 2 1
14 10 2 2
13 10 2 2
15 10 2 2
4 10 2 1
13 10 2 1
20 10 2 1
19 10 2 2
20 10 2 1
18 10 2 1
19 10 2 1
20 10 2 3
5 10 2 2
5 10 2 2
13 10 2 2
7 6 2 1
1 4 2 1
6 4 2 1
13 14 2 2
25 14 2 1
28 14 2 2
4 14 2 1
6 14 2 2
1 5 2 1
10 5 2 2
4 5 2 2
10 5 2 1
1 5 2 2
3 5 2 1
10 5 2 1
1 5 2 1
1 5 2 2
6 5 2 1
10 5 2 1
7 5 2 3
5 5 2 2
3 6 2 1
11 6 2 3
2 6 2 1
6 6 2 1
7 6 2 2
3 6 2 2
8 6 2 1
6 6 2 2
11 6 2 1
3 6 2 2
4 6 2 1
5 6 2 1
5 6 2 1
12 6 2 1
11 6 2 1
10 6 2 1
12 6 2 1
8 6 2 1
10 6 2 2
2 6 2 1
6 6 2 1
2 6 2 2
11 6 2 1
3 6 2 1
5 6 2 1
8 6 2 2
12 6 2 1
9 6 2 3
8 6 2 2
2 6 2 1
6 6 2 1
4 6 2 2
11 6 2 2
3 6 2 1
5 6 2 3
6 6 2 2
9 6 2 3
10 6 2 2
1 6 2 2
6 6 2 3
12 6 2 2
4 6 2 2
9 6 2 2
7 6 2 3
2 6 2 1
10 6 2 2
11 6 2 2
8 6 2 2
12 6 2 2
9 6 2 2
2 6 2 1
2 6 2 2
12 6 2 2
2 6 2 1
10 6 2 1
7 6 2 2
3 6 2 1
1 6 2 2
3 6 2 1
1 6 2 1
6 6 2 2
7 6 2 2
9 6 2 1
1 6 2 1
12 6 2 1
11 6 2 2
8 6 2 1
1 6 2 2
12 6 2 1
8 6 2 3
10 6 2 1
10 6 2 1
10 6 2 2
5 6 2 2
8 6 2 2
12 6 2 2
8 6 2 1
1 6 2 2
3 6 2 2
3 6 2 2
11 6 2 1
12 6 2 1
3 6 2 2
3 6 2 1
2 6 2 1
11 6 2 1
1 6 2 1
10 6 2 1
7 6 2 1
1 6 2 2
2 6 2 2
2 6 2 1
6 6 2 1
7 6 2 1
11 6 2 1
2 6 2 1
2 6 2 1
9 6 2 1
12 6 2 1
5 6 2 2
1 6 2 2
11 6 2 1
6 6 2 1
7 6 2 1
7 6 2 2
2 6 2 2
1 6 2 1
5 6 2 2
2 6 2 1
11 6 2 2
7 6 2 2
12 6 2 2
11 6 2 1
12 6 2 3
11 6 2 2
4 6 2 1
1 6 2 1
5 6 2 3
6 6 2 1
12 6 2 4
9 6 2 1
12 6 2 1
1 6 2 1
5 6 2 2
12 6 2 2
6 6 2 3
2 6 2 2
2 6 2 2
6 6 2 2
11 6 2 1
12 6 2 1
10 6 2 1
5 6 2 1
9 6 2 1
4 6 2 2
7 6 2 1
9 6 2 1
3 6 2 1
6 6 2 1
10 6 2 1
2 6 2 1
6 6 2 2
3 6 2 1
9 6 2 1
7 6 2 1
8 6 2 2
1 6 2 3
4 6 2 2
14 6 2 1
8 40 2 1
41 40 2 2
63 40 2 2
11 40 2 1
14 40 2 1
80 40 2 2
78 40 2 1
67 40 2 3
13 40 2 2
72 40 2 1
80 40 2 2
62 40 2 1
24 40 2 3
24 40 2 2
8 40 2 1
8 40 2 1
12 40 2 1
59 40 2 2
62 40 2 2
68 40 2 1
8 40 2 2
79 40 2 1
28 40 2 1
38 40 2 1
27 24 2 1
12 16 2 3
15 16 2 2
80 42 2 3
35 117 2 2
27 117 2 1
27 117 2 1
90 47 2 2
86 47 2 2
61 47 2 1
25 47 2 2
79 47 2 1
74 47 2 2
14 47 2 1
82 41 2 1
79 41 2 2
31 41 2 1
26 41 2 2
50 41 2 3
9 41 2 1
80 41 2 2
19 41 2 2
79 41 2 1
22 30 2 1
10 11 2 2
2 11 2 3
4 11 2 1
6 11 2 2
11 6 2 1
6 6 2 2
11 6 2 4
9 6 2 2
9 6 2 2
4 6 2 1
11 6 2 2
4 6 2 1
11 6 2 1
1 6 2 2
1 6 2 3
12 6 2 1
10 6 2 1
7 6 2 1
8 6 2 2
9 6 2 1
1 6 2 2
12 6 2 1
4 6 2 1
3 6 2 2
2 6 2 2
5 6 2 1
10 6 2 1
12 6 2 1
8 6 2 1
2 6 2 2
9 6 2 2
5 6 2 2
3 6 2 2
1 6 2 2
5 6 2 1
12 6 2 1
3 6 2 1
4 6 2 2
12 6 2 1
11 6 2 2
8 6 2 1
1 6 2 2
10 6 2 2
11 6 2 1
2 6 2 1
5 6 2 2
1 6 2 2
12 6 2 1
2 6 2 1
2 6 2 3
12 6 2 1
9 6 2 1
12 6 2 1
1 6 2 1
6 6 2 2
1 6 2 2
11 6 2 2
9 6 2 1
11 6 2 3
12 6 2 1
3 6 2 2
11 6 2 3
6 6 2 1
4 6 2 1
10 6 2 2
10 6 2 1
1 6 2 1
6 6 2 1
4 6 2 1
4 6 2 2
5 6 2 3
11 6 2 2
4 6 2 1
2 6 2 1
5 6 2 1
5 6 2 2
15 70 2 1
58 49 2 1
81 42 2 2
28 42 2 2
15 42 2 3
10 42 2 1
81 42 2 2
83 42 2 1
80 42 2 2
71 42 2 1
34 42 2 1
61 42 2 1
8 42 2 1
15 42 2 2
10 42 2 1
9 42 2 1
29 42 2 1
67 42 2 2
61 36 2 1
12 6 2 2
12 6 2 2
12 6 2 1
3 6 2 1
9 6 2 1
2 6 2 2
2 6 2 2
9 6 2 1
3 7 2 1
10 7 2 1
14 7 2 2
14 7 2 1
14 7 2 2
13 7 2 2
14 7 2 2
7 7 2 2
10 7 2 1
14 7 2 1
3 7 2 1
6 7 2 2
14 7 2 1
4 7 2 2
14 7 2 2
13 7 2 2
1 7 2 1
11 7 2 2
6 7 2 1
12 7 2 1
11 7 2 1
10 7 2 2
14 7 2 2
9 7 2 3
13 7 2 1
14 7 2 2
10 7 2 1
3 7 2 2
3 7 2 1
2 7 2 2
12 7 2 1
9 7 2 2
14 7 2 1
2 7 2 2
10 7 2 2
2 7 2 1
5 7 2 3
1 7 2 2
13 7 2 2
13 7 2 2
6 7 2 2
3 7 2 1
13 7 2 2
8 7 2 2
11 7 2 2
2 7 2 1
1 7 2 2
8 7 2 2
2 7 2 1
13 7 2 2
12 7 2 1
14 7 2 1
1 7 2 3
2 7 2 1
4 7 2 1
9 7 2 1
3 7 2 2
6 7 2 2
3 7 2 2
2 7 2 2
2 7 2 1
2 7 2 3
2 7 2 1
8 7 2 2
7 7 2 1
12 7 2 3
13 7 2 2
2 7 2 3
4 7 2 2
2 7 2 1
4 7 2 1
14 7 2 1
8 7 2 1
12 7 2 1
3 7 2 2
11 7 2 1
6 7 2 2
2 7 2 1
14 7 2 1
3 7 2 3
5 7 2 2
8 7 2 3
14 7 2 1
11 7 2 1
11 7 2 1
2 7 2 3
3 7 2 2
14 7 2 1
9 7 2 1
10 7 2 1
2 7 2 1
10 7 2 2
7 7 2 3
4 7 2 2
2 7 2 2
4 7 2 1
6 7 2 2
39 21 2 1
24 21 2 2
4 21 2 1
26 21 2 1
7 21 2 2
37 21 2 1
12 21 2 1
29 21 2 1
11 21 2 1
41 21 2 1
37 21 2 2
40 21 2 1
32 21 2 1
6 21 2 1
5 21 2 1
19 21 2 1
42 21 2 1
14 21 2 3
7 21 2 1
39 21 2 4
5 21 2 1
35 21 2 1
25 21 2 4
38 21 2 2
7 21 2 2
31 21 2 2
20 21 2 2
16 21 2 2
8 21 2 1
39 21 2 1
33 21 2 2
11 21 2 2
41 21 2 1
21 15 2 3
3 6 2 1
2 6 2 1
1 6 2 1
1 6 2 1
4 6 2 1
6 6 2 1
4 6 2 2
38 70 2 2
24 70 2 1
28 42 2 1
28 22 2 2
3 6 2 2
2 6 2 1
9 6 2 1
14 6 2 2
19 95 2 2
19 95 2 2
47 81 2 1
88 47 2 1
75 39 2 1
81 47 2 1
93 47 2 3
88 47 2 2
77 47 2 1
83 43 2 2
23 43 2 2
72 43 2 2
70 43 2 1
84 43 2 1
67 43 2 2
9 23 2 1
9 11 2 2
2 9 2 2
7 9 2 1
4 4 2 2
4 4 2 3
1 4 2 1
8 4 2 1
2 4 2 2
7 4 2 2
1 4 2 2
3 4 2 2
3 4 2 1
1 4 2 1
3 4 2 2
8 4 2 2
1 4 2 1
6 4 2 1
3 4 2 2
7 4 2 2
6 4 2 2
7 4 2 1
2 4 2 3
3 4 2 2
7 4 2 2
8 4 2 1
8 4 2 1
2 4 2 1
6 4 2 2
8 4 2 1
7 4 2 1
7 4 2 2
4 4 2 1
8 4 2 2
1 4 2 2
7 4 2 2
7 4 2 1
4 4 2 3
1 4 2 3
5 4 2 1
8 4 2 2
8 4 2 1
8 4 2 1
3 4 2 1
7 4 2 1
3 4 2 1
3 4 2 1
2 4 2 2
3 4 2 3
7 4 2 1
8 4 2 1
3 4 2 1
2 4 2 1
8 4 2 1
1 4 2 1
1 4 2 1
6 4 2 2
3 4 2 2
4 4 2 2
5 4 2 2
8 4 2 1
7 4 2 2
1 4 2 3
2 4 2 1
5 4 2 1
6 4 2 2
7 4 2 2
7 4 2 2
5 4 2 2
8 4 2 1
2 4 2 1
1 4 2 3
1 4 2 2
7 4 2 1
4 4 2 1
6 4 2 1
7 4 2 1
1 4 2 1
3 4 2 2
8 4 2 2
7 4 2 2
7 4 2 2
7 4 2 2
8 4 2 2
3 4 2 2
5 4 2 1
8 4 2 2
4 4 2 1
16 8 2 1
4 8 2 2
9 8 2 1
10 8 2 2
15 8 2 1
3 8 2 1
12 8 2 2
2 8 2 1
4 8 2 1
25 48 2 1
95 48 2 4
10 48 2 2
38 48 2 4
30 48 2 1
74 44 2 3
25 44 2 2
15 44 2 2
9 44 2 1
16 44 2 2
84 44 2 1
68 44 2 2
85 44 2 2
39 44 2 2
55 44 2 2
10 44 2 1
18 44 2 2
66 44 2 1
44 44 2 2
76 40 2 2
15 44 2 1
13 17 2 1
13 27 2 2
4 4 2 2
1 4 2 2
1 4 2 2
7 4 2 1
8 4 2 2
8 4 2 2
1 4 2 2
7 4 2 2
1 4 2 2
1 4 2 2
1 4 2 1
6 4 2 2
3 4 2 1
1 4 2 1
2 4 2 1
2 4 2 3
6 4 2 2
5 4 2 1
7 4 2 2
4 4 2 1
2 4 2 2
7 4 2 1
1 4 2 1
5 4 2 3
2 4 2 1
2 4 2 2
3 4 2 2
5 4 2 1
1 4 2 1
3 4 2 1
2 4 2 2
8 4 2 2
3 4 2 2
4 4 2 1
1 4 2 3
3 4 2 1
5 4 2 1
4 4 2 1
8 4 2 1
5 4 2 1
3 4 2 1
2 4 2 2
7 4 2 1
6 4 2 2
3 4 2 3
1 4 2 1
4 4 2 2
8 4 2 2
8 4 2 1
3 4 2 2
8 4 2 2
7 4 2 1
1 4 2 2
8 4 2 2
8 4 2 1
6 4 2 1
8 4 2 2
5 4 2 2
1 4 2 2
7 4 2 3
6 4 2 2
2 4 2 2
8 4 2 1
5 4 2 1
7 4 2 1
1 4 2 2
8 4 2 1
5 4 2 2
5 4 2 1
3 4 2 2
8 4 2 1
7 4 2 2
4 4 2 1
3 4 2 2
3 4 2 1
2 4 2 3
5 4 2 2
2 4 2 1
8 4 2 1
7 4 2 1
6 4 2 3
8 4 2 2
2 4 2 1
8 4 2 1
8 4 2 1
3 4 2 4
8 4 2 2
1 4 2 1
2 4 2 1
1 4 2 2
1 4 2 2
7 4 2 2
2 4 2 2
3 4 2 4
5 4 2 1
6 4 2 3
3 4 2 1
6 4 2 1
1 4 2 2
2 4 2 2
8 4 2 2
6 4 2 1
8 4 2 2
3 4 2 1
8 4 2 2
5 4 2 2
7 4 2 1
5 4 2 1
1 4 2 1
8 4 2 1
7 4 2 1
5 4 2 1
3 4 2 1
7 4 2 2
2 4 2 4
1 4 2 3
2 4 2 2
7 4 2 2
1 4 2 1
5 4 2 2
6 4 2 1
1 4 2 1
2 4 2 2
7 4 2 3
3 4 2 2
1 4 2 2
6 4 2 2
3 4 2 1
1 4 2 2
8 4 2 1
2 4 2 2
8 4 2 1
2 4 2 1
8 4 2 1
2 4 2 2
6 4 2 2
4 4 2 1
1 4 2 1
4 4 2 1
5 4 2 2
7 4 2 1
6 4 2 1
8 4 2 2
2 4 2 1
4 4 2 1
2 4 2 2
8 4 2 3
2 4 2 1
1 4 2 2
1 4 2 1
8 4 2 1
8 4 2 1
8 4 2 3
5 4 2 3
8 4 2 1
7 4 2 1
5 4 2 1
4 4 2 1
4 4 2 1
8 4 2 2
1 4 2 1
6 4 2 1
5 4 2 1
3 4 2 1
1 4 2 2
5 4 2 1
3 4 2 1
4 4 2 1
8 4 2 2
1 4 2 2
4 4 2 2
5 4 2 2
4 4 2 2
7 4 2 3
10 4 2 2
28 14 2 2
4 14 2 1
5 14 2 2
10 14 2 1
49 61 2 2
31 77 2 2
20 93 2 2
11 67 2 1
11 19 2 1
11 7 2 3
22 109 2 3
22 109 2 1
5 20 2 2
5 16 2 2
5 14 2 2
5 26 2 1
5 19 2 2
5 7 2 1
5 7 2 1
25 55 1 1
50 28 1 3
23 28 1 2
32 28 1 1
48 24 1 1
38 24 1 2
15 24 1 1
35 24 1 1
12 24 1 1
9 24 1 2
8 24 1 2
5 11 1 1
5 13 1 2
1 4 1 3
2 4 1 2
4 4 1 1
4 4 1 2
5 4 1 2
8 4 1 1
1 4 1 2
1 4 1 2
4 4 1 3
7 4 1 2
6 4 1 1
5 4 1 1
1 4 1 1
1 4 1 1
4 4 1 3
6 4 1 1
7 4 1 2
2 4 1 1
8 4 1 1
7 4 1 1
3 4 1 1
6 4 1 2
8 4 1 2
6 4 1 2
1 4 1 1
8 4 1 2
4 4 1 2
8 4 1 2
6 4 1 3
8 4 1 1
8 4 1 1
3 4 1 3
8 4 1 1
2 4 1 1
7 4 1 1
7 27 1 1
14 27 1 2
39 27 1 2
53 27 1 2
14 27 1 1
13 27 1 1
53 27 1 1
29 27 1 1
33 27 1 3
16 27 1 3
4 18 1 3
4 4 1 2
4 5 1 2
32 33 1 2
44 22 1 2
46 25 1 3
7 25 1 1
42 25 1 1
50 25 1 1
34 25 1 2
13 25 1 3
16 25 1 2
9 25 1 1
7 15 1 1
7 10 1 1
52 26 1 3
8 26 1 1
48 26 1 2
9 26 1 3
29 26 1 2
42 26 1 1
36 22 1 2
5 4 1 2
3 4 1 1
8 4 1 2
6 4 1 1
5 4 1 2
2 4 1 1
2 4 1 1
5 4 1 2
45 23 1 2
15 75 1 1
43 22 1 1
36 27 1 1
33 32 1 1
6 32 1 1
46 24 1 1
2 8 1 2
8 8 1 1
15 8 1 1
13 8 1 2
8 8 1 1
18 56 1 1
40 26 1 1
27 26 1 1
13 30 1 1
24 30 1 1
6 30 1 1
6 30 1 2
18 17 1 2
18 13 1 1
19 71 1 2
31 46 1 1
28 34 1 2
7 16 1 1
7 20 1 3
7 11 1 2
7 9 1 1
7 10 1 1
7 5 1 3
28 31 1 1
2 6 1 2
7 6 1 2
11 6 1 1
3 6 1 1
5 6 1 2
11 25 1 1
20 18 1 1
11 7 1 1
2 7 1 2
7 7 1 2
19 49 1 2
47 26 1 1
19 37 1 1
19 47 1 2
19 19 1 1
11 12 1 1
4 12 1 2
4 5 1 1
4 7 1 1
17 82 1 2
30 39 1 1
25 43 1 2
5 21 1 1
5 15 1 1
5 7 1 1
8 7 1 3
13 7 1 1
10 7 1 2
1 7 1 1
4 7 1 1
11 7 1 2
19 25 1 1
14 41 1 1
5 14 1 2
5 8 1 1
5 12 1 2
5 7 1 1
36 38 1 1
14 68 1 2
22 58 1 1
15 70 1 1
7 26 1 1
7 15 1 1
7 15 1 2
7 14 1 1
22 28 1 1
22 53 1 1
14 55 1 1
14 24 1 3
14 22 1 1
14 40 1 1
27 46 1 1
16 36 1 2
11 10 1 1
5 5 1 1
5 5 1 1
43 25 1 2
25 56 1 1
18 23 1 1
18 25 1 2
18 8 1 1
43 30 1 2
43 29 1 2
43 25 1 3
9 41 1 2
8 41 1 2
11 41 1 2
15 18 1 2
8 23 1 1
7 11 1 2
7 7 1 3
1 5 1 1
2 5 1 1
4 5 1 2
15 32 1 1
15 26 1 1
15 66 1 2
15 28 1 3
15 21 1 4
15 14 1 1
15 12 1 1
35 36 1 1
10 36 1 1
30 40 1 2
15 26 1 1
15 33 1 2
15 80 1 1
15 30 1 2
15 21 1 1
15 17 1 1
2 8 1 1
13 8 1 2
30 32 1 2
23 55 1 1
7 25 1 1
7 42 1 1
7 17 1 1
7 20 1 2
7 31 1 2
2 8 1 1
5 8 1 3
23 25 1 1
23 28 1 2
23 35 1 1
44 28 1 2
17 59 1 1
27 24 1 2
27 25 1 2
27 41 1 2
19 60 1 1
8 28 1 1
8 43 1 2
8 22 1 2
8 22 1 1
8 18 1 2
8 17 1 1
8 16 1 2
8 11 1 2
8 8 1 2
19 26 1 2
19 30 1 1
19 23 1 1
19 29 1 2
4 17 1 3
15 17 1 1
17 36 1 1
17 25 1 3
17 50 1 2
17 22 1 1
17 25 1 2
17 37 1 1
17 14 1 1
12 7 1 3
5 7 1 2
17 67 1 3
15 31 1 1
15 23 1 2
15 36 1 1
15 27 1 2
15 61 1 1
15 62 1 1
15 36 1 1
15 16 1 2
17 25 1 2
17 37 1 2
17 24 1 1
17 56 1 2
17 29 1 1
17 39 1 1
17 11 1 2
4 4 1 2
5 4 1 1
4 4 1 1
4 4 1 2
45 29 0 2
50 29 0 1
7 29 0 1
34 29 0 3
49 25 0 2
27 25 0 1
7 25 0 3
6 25 0 3
46 25 0 1
33 25 0 3
50 25 0 1
28 25 0 1
38 25 0 2
6 25 0 1
28 25 0 2
38 25 0 1
5 25 0 1
45 25 0 2
30 25 0 1
28 21 0 3
6 4 0 1
7 4 0 1
1 4 0 1
4 4 0 1
1 4 0 1
3 4 0 1
1 4 0 2
5 4 0 2
1 4 0 1
1 4 0 2
2 4 0 2
1 4 0 1
6 4 0 2
6 4 0 2
2 4 0 1
3 4 0 2
8 4 0 1
2 4 0 1
1 4 0 1
2 4 0 1
7 4 0 3
3 4 0 1
1 4 0 1
3 4 0 1
7 4 0 1
1 4 0 1
3 4 0 1
1 4 0 1
1 4 0 1
2 4 0 2
7 4 0 1
7 4 0 1
4 4 0 2
2 4 0 1
1 4 0 3
2 4 0 1
1 4 0 3
2 4 0 1
1 4 0 2
2 4 0 1
3 4 0 2
8 4 0 2
6 4 0 1
7 4 0 3
7 4 0 3
4 4 0 2
6 4 0 2
4 4 0 1
7 4 0 1
6 4 0 2
5 4 0 2
6 4 0 2
8 4 0 3
8 4 0 1
8 4 0 3
1 4 0 3
7 4 0 1
4 4 0 3
6 4 0 1
5 4 0 4
7 4 0 1
7 4 0 4
6 4 0 1
2 4 0 1
5 4 0 2
2 4 0 2
5 4 0 2
6 4 0 2
2 4 0 2
5 4 0 2
1 4 0 1
3 4 0 2
7 4 0 1
3 4 0 2
6 4 0 2
8 4 0 2
1 4 0 1
5 4 0 1
5 4 0 1
4 4 0 1
7 4 0 1
3 4 0 2
3 4 0 3
8 4 0 1
8 4 0 1
1 4 0 2
8 4 0 1
2 4 0 2
1 4 0 2
3 4 0 2
7 4 0 3
3 4 0 1
3 4 0 1
8 4 0 1
6 4 0 2
2 4 0 1
2 4 0 1
1 4 0 1
8 4 0 1
5 4 0 2
7 4 0 2
1 4 0 2
8 4 0 1
2 4 0 1
4 4 0 2
8 4 0 2
8 4 0 2
7 4 0 4
2 4 0 2
2 4 0 3
6 4 0 1
1 4 0 1
3 4 0 1
3 4 0 1
8 4 0 1
6 4 0 1
20 66 0 1
16 78 0 1
18 80 0 1
48 36 0 1
41 42 0 2
41 41 0 2
50 25 0 1
22 25 0 1
24 25 0 2
44 25 0 1
17 25 0 1
37 25 0 1
28 25 0 1
31 25 0 1
12 25 0 1
16 25 0 2
22 25 0 1
47 25 0 2
6 25 0 1
9 25 0 2
42 25 0 1
9 12 0 1
5 13 0 2
4 13 0 1
52 26 0 2
40 26 0 1
43 26 0 1
20 26 0 1
9 26 0 1
11 26 0 2
46 26 0 2
50 26 0 2
46 26 0 1
16 26 0 3
21 26 0 3
50 26 0 1
12 14 0 1
12 12 0 3
39 31 0 1
33 41 0 1
26 51 0 1
60 31 0 2
56 29 0 1
58 29 0 1
6 29 0 1
28 29 0 1
6 29 0 2
31 29 0 1
58 29 0 1
15 29 0 2
58 29 0 1
18 29 0 1
55 29 0 2
7 29 0 1
53 29 0 2
51 29 0 1
16 16 0 3
16 13 0 1
37 38 0 2
18 38 0 2
49 25 0 2
40 25 0 1
6 25 0 2
14 25 0 2
16 25 0 4
35 25 0 1
43 25 0 2
24 13 0 2
4 13 0 2
11 13 0 2
25 13 0 2
4 13 0 1
4 13 0 1
22 13 0 2
25 13 0 1
3 13 0 2
3 13 0 2
13 13 0 1
3 13 0 2
19 13 0 1
3 13 0 1
20 13 0 2
10 13 0 1
5 13 0 2
5 6 0 2
5 7 0 2
26 52 0 2
52 27 0 2
38 34 0 2
43 28 0 1
35 28 0 2
29 28 0 1
35 22 0 1
7 6 0 2
5 6 0 2
8 6 0 1
3 6 0 2
2 6 0 2
1 6 0 3
9 6 0 3
12 6 0 2
7 6 0 1
2 6 0 1
8 6 0 2
1 6 0 2
2 6 0 3
11 6 0 1
2 6 0 1
12 6 0 3
7 6 0 3
11 6 0 1
3 6 0 2
3 6 0 3
3 6 0 2
1 6 0 1
2 6 0 1
8 6 0 2
6 6 0 2
11 6 0 1
6 6 0 1
4 6 0 1
4 6 0 1
8 6 0 1
8 6 0 2
28 18 0 1
34 18 0 1
17 18 0 1
36 18 0 2
36 18 0 2
8 18 0 1
21 14 0 1
7 4 0 1
3 4 0 3
7 4 0 1
4 4 0 2
14 25 0 1
23 25 0 2
8 25 0 1
7 19 0 2
7 6 0 1
22 12 0 2
15 12 0 2
6 12 0 1
13 12 0 2
11 12 0 1
18 12 0 1
20 12 0 1
24 12 0 1
21 12 0 2
21 12 0 1
18 12 0 1
13 12 0 1
23 12 0 2
13 12 0 1
10 12 0 1
10 12 0 2
40 44 0 2
20 29 0 2
20 69 0 1
20 24 0 3
9 7 0 2
3 7 0 2
8 7 0 2
40 27 0 1
18 58 0 1
22 42 0 1
14 16 0 2
8 9 0 2
8 7 0 2
26 48 0 2
26 25 0 2
26 22 0 2
11 14 0 3
15 14 0 3
33 49 0 2
25 62 0 1
8 17 0 1
8 16 0 1
8 21 0 2
8 16 0 1
9 8 0 1
2 8 0 1
14 8 0 1
39 43 0 1
39 25 0 3
31 57 0 4
8 38 0 1
8 19 0 2
2 4 0 1
3 4 0 1
3 4 0 3
6 4 0 1
1 4 0 1
3 4 0 2
1 4 0 2
6 4 0 2
7 4 0 2
7 4 0 3
41 34 0 1
41 26 0 1
28 44 0 2
13 17 0 1
13 18 0 2
5 9 0 1
8 9 0 3
41 30 0 2
7 36 0 1
16 36 0 2
18 29 0 2
12 7 0 1
6 7 0 1
16 78 0 1
25 52 0 1
25 26 0 2
16 77 0 2
25 42 0 1
25 24 0 2
4 11 0 1
2 11 0 1
13 11 0 2
6 11 0 1
7 14 0 2
13 14 0 1
21 14 0 1
27 44 0 2
21 35 0 2
4 9 0 1
2 9 0 1
15 9 0 1
21 86 0 1
22 70 0 1
5 18 0 2
5 19 0 1
5 23 0 2
5 5 0 1
5 5 0 2
27 30 0 2
27 31 0 1
10 45 0 1
11 22 0 2
11 18 0 1
11 5 0 3
18 30 0 2
18 28 0 3
18 73 0 1
16 47 0 1
16 28 0 1
16 38 0 1
6 20 0 1
10 13 0 1
4 7 0 1
6 7 0 1
20 72 0 1
20 68 0 3
10 5 0 3
6 5 0 2
4 5 0 1
