280 240 19
4
760 240 4.5
100 790 3.0
150 440 2.0
300 290 1.0
383
69 100 4
108 61 4
77 77 4
73 93 4
112 81 4
101 68 4
67 68 4
73 68 4
64 68 4
16 24 4
16 22 4
16 22 4
14 13 4
18 13 4
7 13 4
9 13 4
25 13 4
25 13 4
14 13 4
15 13 4
15 13 4
12 13 4
18 13 4
14 13 4
22 13 4
19 13 4
18 13 4
19 13 4
17 13 4
11 13 4
12 13 4
17 13 4
26 19 4
18 19 4
23 19 4
19 19 4
27 19 4
20 19 4
16 19 4
29 19 4
17 19 4
17 19 4
34 19 4
28 19 4
32 19 4
12 19 4
32 19 4
24 19 4
33 19 4
26 19 4
9 7 4
9 7 4
11 7 4
9 7 4
12 7 4
11 7 4
12 7 4
35 23 4
34 23 4
8 12 4
8 11 4
58 39 4
50 39 4
77 82 4
93 93 4
112 81 4
88 58 4
79 58 4
57 58 4
68 58 4
42 58 4
52 58 4
55 58 4
37 44 4
14 14 4
18 14 4
5 8 4
5 6 4
108 69 4
102 62 4
95 57 4
87 62 4
86 55 4
5 7 4
11 7 4
10 7 4
11 7 4
9 7 4
11 7 4
8 7 4
12 7 4
9 7 4
8 5 4
7 5 4
6 5 4
9 5 4
7 5 4
8 5 4
4 5 4
6 5 4
8 5 4
7 5 4
6 5 4
8 5 4
11 5 4
9 7 4
9 7 4
5 7 4
7 7 4
7 7 4
10 7 4
8 7 4
10 7 4
4 7 4
9 7 4
8 7 4
11 7 4
10 7 4
11 7 4
6 7 4
11 7 4
13 7 4
9 7 4
5 7 4
9 7 4
10 7 4
12 7 4
6 7 4
11 7 4
10 7 4
9 7 4
11 7 4
5 7 4
9 7 4
8 7 4
9 7 4
7 7 4
9 7 4
10 7 4
12 7 4
7 7 4
7 7 4
9 7 4
10 7 4
11 7 4
11 7 4
6 7 4
21 13 4
17 13 4
21 13 4
8 13 4
17 13 4
17 13 4
14 13 4
13 13 4
14 13 4
17 13 4
19 13 4
16 13 4
11 13 4
16 13 4
10 13 4
21 13 4
20 13 4
14 13 4
14 13 4
19 13 4
16 13 4
23 13 4
11 13 4
16 13 4
15 13 4
20 13 4
17 13 4
21 13 4
20 13 4
38 59 4
55 59 4
19 26 4
19 24 4
12 9 4
7 9 4
65 47 4
28 32 4
14 15 4
14 15 4
77 58 4
73 43 3
27 31 3
8 12 3
19 12 3
77 44 3
23 26 3
23 18 3
67 56 3
33 47 3
10 9 3
11 9 3
12 9 3
43 53 3
57 66 3
57 48 3
57 44 3
57 48 3
57 54 3
44 53 3
13 65 3
13 51 3
13 56 3
13 39 3
13 37 3
13 32 3
13 34 3
13 34 3
13 23 3
13 16 3
44 52 3
44 40 3
44 47 3
44 45 3
44 54 3
44 52 3
44 36 3
10 8 3
9 8 3
13 8 3
12 8 3
43 50 3
43 40 3
43 38 3
43 52 3
43 46 3
43 45 3
43 50 3
43 40 3
43 57 3
43 47 3
43 53 3
43 44 3
43 32 3
60 45 2
58 38 2
32 35 2
8 10 2
18 10 2
6 10 2
8 7 2
7 7 2
7 7 2
9 7 2
11 7 2
6 7 2
10 7 2
54 44 2
65 39 2
31 31 2
15 13 2
16 13 2
8 5 2
8 5 2
6 5 2
8 5 2
5 5 2
6 5 2
9 5 2
7 5 2
8 5 2
41 69 2
63 35 2
46 35 2
68 45 2
41 41 2
41 37 2
41 61 2
41 47 2
41 57 2
41 39 2
41 34 2
55 43 2
13 20 2
13 23 2
68 38 2
68 40 2
49 39 2
19 40 2
19 38 2
19 33 2
19 19 2
19 20 2
49 40 2
49 38 2
49 33 2
41 63 2
41 32 2
41 48 2
41 44 2
41 49 2
41 34 2
15 12 2
14 12 2
12 12 2
52 50 1
46 61 1
53 47 1
46 47 1
44 47 1
59 40 1
13 7 1
7 7 1
11 7 1
5 7 1
6 7 1
8 7 1
9 7 1
56 52 1
44 76 1
64 57 1
38 49 1
38 27 1
24 19 1
27 19 1
13 19 1
65 49 1
71 58 1
10 41 1
10 28 1
10 38 1
10 23 1
10 15 1
10 11 1
6 11 1
4 6 1
4 5 1
71 45 1
71 42 1
25 22 1
41 22 1
5 9 1
5 8 1
5 5 1
57 53 1
8 16 1
8 13 1
8 11 1
8 8 1
8 5 1
65 52 1
16 13 1
12 13 1
16 13 1
21 13 1
56 71 1
56 43 1
56 40 1
44 37 1
12 24 1
12 9 1
5 4 1
7 4 1
46 45 1
46 53 1
46 53 1
46 56 1
27 22 1
19 22 1
52 54 1
47 51 1
5 26 1
5 23 1
5 23 1
5 20 1
5 18 1
5 16 1
5 13 1
5 15 1
5 13 1
5 8 1
5 11 1
47 49 1
47 62 1
32 24 1
15 16 1
15 8 1
