600 400 8
5
600 430 4
610 370 3
285 240 2
330 130 1
240 260 0.5
608
157 43 4 2
168 64 4 3
215 54 4 3
60 26 4 2
46 28 4 2
14 13 4 1
14 8 4 2
14 7 4 2
203 51 4 2
72 19 4 2
72 281 4 3
33 76 4 3
39 33 4 2
39 19 4 2
39 24 4 2
138 46 4 1
65 21 4 2
23 25 4 2
10 25 4 2
20 25 4 2
12 25 4 3
42 279 4 2
161 106 4 2
43 41 4 4
15 41 4 1
60 23 4 1
3 23 4 1
40 15 4 2
5 8 4 2
27 8 4 3
8 8 4 1
6 18 4 3
5 18 4 3
3 18 4 2
6 18 4 2
9 18 4 1
53 18 4 2
21 18 4 1
41 40 4 4
4 40 4 4
91 40 4 2
6 40 4 3
19 35 4 3
1 5 4 2
18 5 4 2
161 66 4 2
72 20 4 1
46 26 4 2
43 17 4 2
31 9 4 2
3 9 4 1
9 5 4 2
9 4 4 2
14 6 4 2
10 6 4 2
4 6 4 3
11 6 4 2
15 6 4 3
18 6 4 3
131 147 4 3
37 47 4 2
37 20 4 3
37 45 4 3
37 64 4 3
37 47 4 3
37 21 4 2
37 31 4 1
37 29 4 2
37 24 4 2
37 21 4 2
31 17 4 2
6 8 4 1
6 4 4 2
1 5 4 3
5 5 4 2
83 219 4 2
48 18 4 2
21 138 4 3
27 22 4 2
27 28 4 2
27 39 4 2
27 20 4 2
27 21 4 2
13 71 4 2
14 22 4 2
14 13 4 2
14 36 4 2
21 53 4 2
21 10 4 1
37 76 4 1
120 35 4 1
40 32 4 2
25 41 4 2
55 29 4 1
2 12 4 2
31 12 4 3
22 8 4 3
1 4 4 2
5 4 4 3
11 4 4 2
5 4 4 2
3 9 4 2
2 9 4 1
20 9 4 2
15 9 4 3
12 112 4 1
125 36 4 2
20 23 4 2
20 23 4 2
8 66 4 2
12 19 4 1
5 47 4 2
7 10 4 3
7 8 4 2
7 9 4 3
7 7 4 3
7 5 4 2
7 4 4 1
7 4 4 1
8 76 4 3
117 61 4 1
34 15 4 2
2 15 4 1
16 15 4 3
41 15 4 2
24 15 4 2
92 100 4 2
65 38 4 2
65 35 4 3
22 27 4 3
43 18 4 1
14 9 4 3
6 9 4 2
17 9 4 2
6 4 4 2
6 5 4 2
45 66 4 3
19 99 4 3
41 81 4 3
42 31 4 1
10 16 4 1
10 18 4 3
10 13 4 2
6 52 4 3
4 20 4 2
4 16 4 2
4 4 4 2
4 12 4 3
42 20 4 3
11 48 4 2
31 22 4 2
31 26 4 1
4 18 4 3
37 18 4 2
23 33 4 2
22 33 4 2
300 76 3 3
17 76 3 2
61 76 3 2
17 76 3 2
82 22 3 2
28 22 3 2
48 22 3 2
9 22 3 2
7 22 3 2
8 22 3 2
33 18 3 1
5 4 3 3
7 4 3 3
4 4 3 2
9 4 3 2
1 4 3 3
7 4 3 2
6 54 3 3
40 28 3 3
25 46 3 2
68 25 3 3
57 25 3 2
19 16 3 3
19 9 3 2
4 29 3 2
71 20 3 2
69 23 3 2
23 6 3 2
4 6 3 3
1 6 3 2
21 6 3 2
20 6 3 2
25 9 3 1
9 9 3 2
32 9 3 2
5 3 3 2
5 6 3 2
7 8 3 3
18 8 3 2
3 26 3 1
37 26 3 3
225 97 3 4
33 53 3 1
169 48 3 2
55 53 3 2
118 30 3 1
10 14 3 2
10 7 3 2
10 5 3 2
10 4 3 2
34 23 3 3
94 23 3 1
18 5 3 2
1 5 3 1
18 5 3 2
17 5 3 2
1 5 3 2
16 5 3 3
4 5 3 3
7 5 3 2
15 5 3 2
5 5 3 3
1 5 3 2
18 5 3 2
16 5 3 2
19 5 3 1
1 5 3 2
12 5 3 2
11 44 3 1
36 44 3 2
174 44 3 3
9 44 3 2
109 44 3 2
46 25 3 2
9 19 3 2
37 14 3 3
19 5 3 2
5 5 3 1
13 5 3 1
224 81 3 2
87 22 3 2
2 22 3 2
68 22 3 2
63 22 3 3
74 22 3 2
6 22 3 2
69 22 3 3
17 22 3 1
223 100 3 2
163 62 3 3
120 38 3 2
43 19 3 2
43 19 3 3
167 75 3 3
71 75 3 1
13 75 3 3
93 29 3 2
42 26 3 1
42 17 3 4
13 32 3 2
29 19 3 2
29 13 3 1
93 28 3 3
7 18 3 2
2 18 3 1
24 18 3 1
21 18 3 2
14 18 3 2
4 18 3 2
21 11 3 2
1 7 3 2
20 7 3 2
124 116 3 2
68 116 3 3
32 17 3 2
32 37 3 2
32 20 3 3
32 20 3 2
2 22 3 1
30 22 3 1
68 19 2 2
31 11 2 2
76 19 2 2
57 19 2 2
14 19 2 3
22 19 2 2
3 19 2 2
14 8 2 2
14 11 2 3
31 8 2 3
42 14 2 3
39 14 2 2
49 14 2 2
56 14 2 2
52 14 2 2
19 14 2 2
3 14 2 1
25 14 2 3
141 41 2 3
92 33 2 3
35 11 2 2
5 11 2 2
12 11 2 2
33 11 2 3
19 9 2 2
19 9 2 2
5 4 2 1
4 4 2 1
4 4 2 2
2 4 2 2
4 4 2 2
1 11 2 3
23 11 2 2
9 11 2 2
32 8 2 2
3 8 2 2
32 8 2 2
27 8 2 2
28 8 2 3
22 8 2 2
97 55 2 2
117 56 2 3
71 32 2 2
55 16 2 2
16 16 2 2
1 8 2 2
21 8 2 2
3 8 2 3
3 8 2 2
31 8 2 3
12 8 2 2
66 27 2 4
42 89 2 2
80 37 2 3
37 19 2 1
5 52 2 2
13 27 2 1
25 16 2 1
1 11 2 2
13 11 2 2
11 6 2 2
5 5 2 4
6 5 2 2
38 13 2 2
2 12 2 2
21 12 2 2
15 7 2 2
15 5 2 2
37 15 2 1
2 18 2 2
35 18 2 2
64 16 2 2
38 11 2 4
20 11 2 3
8 10 2 2
1 10 2 2
11 10 2 1
1 10 2 2
13 10 2 3
24 10 2 2
1 5 2 2
13 5 2 2
1 5 2 2
11 5 2 3
3 5 2 1
9 5 2 1
1 5 2 1
20 5 2 2
5 5 2 1
40 18 2 3
26 19 2 1
16 24 2 2
10 26 2 1
10 10 2 2
10 10 2 1
3 18 2 2
3 18 2 2
4 5 2 2
4 4 2 2
4 9 2 3
16 14 2 2
3 26 2 1
13 26 2 3
6 65 2 1
34 21 2 2
34 9 2 3
34 13 2 2
34 10 2 3
24 12 2 2
10 8 2 3
10 4 2 3
97 31 2 3
10 80 2 2
87 27 2 2
57 22 2 2
30 16 2 2
16 6 2 2
14 6 2 3
5 31 2 2
33 19 2 1
4 19 2 2
41 11 2 2
4 5 2 1
4 5 2 1
4 9 2 1
32 8 2 3
9 4 2 2
9 4 2 2
29 12 2 3
2 12 2 3
25 12 2 4
26 12 2 2
27 26 1 2
127 32 1 3
41 24 1 2
54 32 1 2
3 32 1 2
9 26 1 3
38 11 1 1
31 11 1 2
19 15 1 2
50 15 1 2
23 6 1 2
24 6 1 1
13 6 1 3
18 6 1 1
15 8 1 2
26 8 1 2
128 34 1 3
54 54 1 2
62 16 1 4
19 16 1 2
31 8 1 2
9 8 1 2
2 8 1 2
31 8 1 1
7 8 1 2
26 38 1 2
35 10 1 2
15 38 1 1
36 12 1 1
9 13 1 2
9 25 1 3
28 9 1 1
8 9 1 2
8 6 1 2
8 11 1 1
28 8 1 1
23 9 1 1
5 5 1 1
5 4 1 3
35 13 1 3
35 10 1 3
15 5 1 3
16 5 1 2
4 5 1 2
84 21 1 2
35 33 1 2
56 20 1 3
32 9 1 4
24 16 1 2
24 8 1 2
32 8 1 3
6 7 1 2
19 7 1 2
7 7 1 3
35 11 1 3
43 18 1 2
41 18 1 2
16 5 1 2
9 5 1 1
7 5 1 3
9 5 1 2
7 5 1 2
7 5 1 2
3 5 1 1
15 5 1 2
0 5 1 2
2 5 1 3
9 5 1 2
33 9 1 2
3 9 1 2
36 9 1 2
35 9 1 1
7 9 1 1
14 9 1 2
43 21 1 2
13 16 1 2
16 16 1 3
2 16 1 1
6 16 1 2
39 16 1 2
2 16 1 3
7 6 1 3
7 10 1 3
5 5 1 2
6 5 1 2
1 5 1 1
7 5 1 1
17 5 1 1
18 5 1 3
1 5 1 2
4 5 1 4
0 5 1 2
16 5 1 2
10 5 1 2
116 34 1 3
12 10 1 2
12 9 1 2
12 11 1 2
1 4 1 2
7 4 1 2
4 4 1 3
21 51 1 2
6 9 1 3
6 12 1 2
6 20 1 2
6 13 1 4
6 15 1 3
6 9 1 2
6 6 1 3
6 6 1 2
6 7 1 2
6 7 1 2
21 15 1 2
21 9 1 2
21 9 1 2
2 20 1 2
15 20 1 2
4 5 1 1
4 11 1 2
4 4 1 2
12 118 0 1
156 39 0 2
51 16 0 3
9 16 0 2
2 16 0 2
2 16 0 2
8 9 0 2
8 7 0 1
32 17 0 2
12 23 0 2
28 16 0 2
28 7 0 2
7 6 0 2
25 6 0 1
55 79 0 2
152 38 0 1
21 28 0 2
21 23 0 2
21 11 0 2
21 17 0 1
52 13 0 2
100 31 0 2
3 10 0 3
34 10 0 2
10 10 0 1
8 10 0 2
12 10 0 2
11 10 0 2
22 10 0 2
3 28 0 2
3 28 0 2
36 28 0 2
10 8 0 1
10 20 0 2
19 78 0 2
99 62 0 2
122 40 0 2
26 22 0 2
40 22 0 2
50 22 0 1
6 14 0 2
1 8 0 2
5 3 0 2
5 5 0 1
62 16 0 2
43 11 0 2
6 16 0 2
56 16 0 2
32 16 0 2
6 16 0 2
16 16 0 2
6 5 0 1
20 5 0 2
17 5 0 2
126 34 0 2
96 24 0 2
18 9 0 2
18 15 0 1
13 10 0 2
8 10 0 1
21 10 0 2
40 10 0 1
20 10 0 3
12 10 0 2
4 30 0 2
6 30 0 1
57 30 0 3
35 30 0 2
83 21 0 2
14 30 0 2
24 15 0 1
9 15 0 3
8 11 0 2
4 4 0 2
4 4 0 2
41 15 0 2
9 9 0 1
36 9 0 4
29 9 0 1
9 9 0 2
