200 200 5
6
200 100 4
200 120 3
110 120 2
90 60 1.5
95 100 1
40 200 0.5
102
20 100 4 4
115 48 4 2
65 39 4 3
65 29 4 3
65 26 4 4
8 6 4 3
1 6 4 2
2 6 4 3
2 6 4 3
3 6 4 4
8 6 4 2
9 6 4 4
10 6 4 3
4 6 4 2
2 6 4 4
16 6 4 4
99 52 4 3
16 19 4 4
16 13 4 3
16 13 4 3
3 7 4 3
5 7 4 4
4 7 4 2
4 7 4 4
91 68 3 4
109 44 3 1
52 24 3 3
57 24 3 3
19 52 3 3
101 45 3 3
23 45 3 2
57 31 3 2
4 14 3 1
7 14 3 4
9 14 3 4
37 14 3 4
11 7 3 3
2 7 3 2
6 7 3 3
7 7 3 3
20 7 3 4
19 7 3 4
2 7 3 2
21 7 3 4
9 7 3 2
20 7 3 2
15 7 3 3
19 7 3 3
13 7 3 2
17 7 3 5
27 114 2 2
83 32 2 3
18 88 2 4
22 80 2 3
43 65 2 3
6 23 2 4
7 23 2 2
11 23 2 4
19 23 2 3
22 8 2 3
12 6 2 2
1 6 2 2
14 6 2 2
48 30 1 3
42 28 1 3
42 20 1 4
4 12 1 3
6 12 1 3
8 12 1 4
3 12 1 4
21 12 1 3
33 30 1 2
15 22 1 4
15 8 1 3
56 26 1 4
25 26 1 3
14 26 1 3
71 28 1 4
6 28 1 4
18 28 1 2
71 28 1 3
24 26 1 4
24 20 1 4
6 18 1 4
54 18 1 2
11 8 1 3
11 6 1 4
11 4 1 2
28 48 0 3
12 29 0 2
12 23 0 3
12 24 0 4
12 26 0 3
12 20 0 3
12 57 0 4
12 15 0 4
12 6 0 3
28 76 0 2
28 18 0 4
28 23 0 2
28 21 0 3
28 14 0 4
