200 400 5
6
200 400 3
400 160 1.5
80 160 2
160 80 1.5
120 80 1
240 80 0.5
112
200 179 3 4
200 136 3 4
42 85 3 3
72 85 3 4
52 85 3 2
34 46 3 2
34 27 3 1
11 12 3 3
6 12 3 1
12 12 3 2
5 12 3 2
171 112 1 2
147 105 1 3
82 72 1 3
59 33 1 4
23 24 1 4
12 9 1 1
11 9 1 3
13 7 1 3
14 7 1 2
7 7 1 2
8 7 1 4
9 7 1 3
12 7 1 3
8 7 1 1
6 7 1 1
13 7 1 3
4 7 1 4
9 7 1 2
14 7 1 4
13 7 1 1
12 7 1 4
9 7 1 4
14 7 1 3
10 7 1 1
13 7 1 3
12 7 1 4
9 7 1 3
10 7 1 4
10 7 1 4
58 48 1 3
26 48 1 4
32 48 1 2
90 48 1 4
89 48 1 2
88 48 1 1
17 40 1 1
4 8 1 3
13 8 1 3
80 62 2 1
42 83 2 1
38 80 2 3
28 18 2 2
10 11 2 3
4 7 2 4
6 7 2 1
18 15 2 4
24 15 2 4
84 76 1 2
76 53 1 4
48 27 1 1
28 27 1 1
2 4 1 1
3 4 1 3
8 4 1 2
8 4 1 3
3 4 1 1
2 4 1 2
6 4 1 4
7 4 1 2
8 4 1 1
5 4 1 2
5 4 1 3
4 4 1 3
3 4 1 3
5 4 1 3
4 4 1 3
7 4 1 1
4 4 1 1
76 38 1 4
44 37 1 1
44 31 1 2
8 12 1 2
23 12 1 1
8 12 1 1
5 6 1 1
5 6 1 3
67 36 1 4
9 14 1 3
9 15 1 1
9 13 1 4
4 6 1 2
6 6 1 1
3 6 1 1
9 6 1 2
10 6 1 4
5 6 1 4
12 6 1 2
6 6 1 1
12 6 1 1
69 80 0 1
80 49 0 1
91 49 0 1
16 31 0 3
16 31 0 4
44 31 0 3
35 31 0 4
22 31 0 3
19 31 0 4
19 21 0 1
11 10 0 4
8 10 0 4
