200 180 25
5
200 695 4
200 240 3.5
200 220 2
200 170 1
400 270 0.5
129
52 93 4 1
52 73 4 3
52 46 4 2
52 42 4 2
52 45 4 3
52 36 4 2
52 46 4 2
52 45 4 1
52 61 4 2
52 57 4 2
52 40 4 3
52 86 4 2
104 72 4 3
104 108 4 2
104 110 4 3
104 70 4 1
48 67 4 2
48 43 4 3
48 59 4 2
48 41 4 2
48 50 4 1
48 41 4 2
48 35 4 3
48 24 4 2
48 71 4 1
48 48 4 1
48 54 4 1
48 53 4 2
48 44 4 3
48 46 4 2
48 27 4 3
48 17 4 3
96 40 4 1
96 42 4 3
96 48 4 1
96 37 4 1
96 74 4 1
96 39 4 3
96 55 4 1
53 46 3 3
53 38 3 2
53 24 3 2
53 13 3 2
53 33 3 2
53 36 3 1
53 29 3 1
17 23 3 1
36 23 3 2
106 33 3 1
69 26 3 1
37 26 3 1
70 37 3 1
36 22 3 2
36 15 3 1
62 23 3 2
44 23 3 1
47 30 3 2
47 33 3 3
47 28 3 1
47 28 3 2
47 31 3 1
47 41 3 1
47 27 3 1
47 20 3 1
94 37 3 1
37 23 3 3
57 23 3 2
94 36 3 2
94 25 3 1
39 24 2 2
39 25 2 2
39 31 2 1
39 23 2 1
39 36 2 1
39 31 2 1
39 36 2 1
78 58 2 1
78 59 2 3
61 44 2 2
61 25 2 3
61 48 2 3
61 43 2 2
61 74 2 2
66 23 2 1
56 27 2 1
56 24 2 2
66 28 2 1
68 30 2 3
54 30 2 2
49 22 2 3
35 22 2 3
38 22 2 1
56 37 1 3
56 33 1 1
56 24 1 3
56 46 1 2
56 48 1 2
112 38 1 3
112 38 1 1
44 31 1 1
44 45 1 1
44 34 1 3
44 42 1 1
88 47 1 2
88 47 1 1
92 37 0 3
92 43 0 1
92 35 0 1
93 75 0 2
93 40 0 3
87 44 0 1
98 77 0 3
87 33 0 2
185 78 0 3
107 77 0 1
107 78 0 2
69 52 0 1
39 43 0 3
39 36 0 2
39 33 0 3
39 24 0 1
39 19 0 1
69 47 0 2
69 56 0 1
133 57 0 3
82 36 0 2
82 21 0 3
103 58 0 2
112 58 0 3
