400 500 15
8
1200 350 5
975 150 4
130 150 3.5
240 175 3
195 175 2
100 50 1.5
100 210 1
300 160 0.5
1703
75 64 5 2
67 64 5 2
69 64 5 1
70 64 5 2
64 64 5 2
64 64 5 2
56 64 5 2
58 64 5 2
62 64 5 1
64 58 5 2
76 64 5 1
72 64 5 2
68 58 5 2
57 58 5 2
66 58 5 1
57 58 5 1
54 58 5 1
50 58 5 1
51 54 5 1
4 4 5 1
4 4 5 2
4 4 5 4
4 4 5 1
3 4 5 2
4 4 5 2
4 4 5 3
4 4 5 2
4 4 5 1
4 4 5 1
4 4 5 2
4 4 5 1
4 4 5 1
6 6 5 1
6 6 5 1
6 6 5 2
6 6 5 1
6 6 5 1
6 6 5 1
6 6 5 2
5 6 5 1
6 6 5 1
7 6 5 1
6 6 5 1
5 6 5 2
6 6 5 1
6 6 5 3
5 6 5 2
6 6 5 1
5 6 5 1
7 6 5 1
6 6 5 1
6 6 5 1
6 6 5 3
7 6 5 2
5 6 5 2
6 6 5 2
5 6 5 2
5 6 5 2
6 6 5 1
6 6 5 2
6 6 5 1
7 6 5 1
7 6 5 2
6 6 5 2
7 6 5 1
5 6 5 1
7 6 5 1
5 6 5 1
6 6 5 2
6 6 5 2
6 6 5 1
5 6 5 3
6 6 5 2
6 6 5 1
5 6 5 3
6 6 5 2
7 6 5 1
6 6 5 1
5 6 5 1
7 6 5 1
6 6 5 1
6 6 5 2
5 6 5 3
6 6 5 2
6 6 5 1
6 6 5 1
6 6 5 1
5 6 5 1
7 6 5 2
6 6 5 3
7 6 5 1
6 6 5 3
5 6 5 2
5 6 5 1
7 6 5 1
7 6 5 1
5 6 5 3
5 6 5 1
6 6 5 1
6 6 5 1
5 6 5 1
6 6 5 2
6 6 5 2
6 6 5 1
6 6 5 1
6 6 5 1
6 6 5 2
5 6 5 2
6 6 5 1
6 6 5 1
6 6 5 1
65 66 5 1
75 65 5 1
70 71 5 2
67 68 5 1
69 68 5 1
70 63 5 2
65 68 5 1
69 68 5 2
62 68 5 3
67 68 5 1
60 62 5 1
56 62 5 1
63 62 5 1
60 62 5 2
68 62 5 4
66 62 5 2
62 62 5 3
69 62 5 1
17 30 5 1
17 23 5 2
10 9 5 2
7 9 5 3
6 6 5 3
7 6 5 1
7 6 5 1
6 6 5 1
6 6 5 1
5 6 5 1
6 6 5 2
5 6 5 2
5 6 5 1
6 6 5 2
5 6 5 2
5 6 5 2
6 6 5 1
7 6 5 2
6 6 5 3
6 6 5 2
7 6 5 1
6 6 5 1
6 6 5 2
6 6 5 4
7 6 5 1
5 6 5 2
5 6 5 3
6 6 5 1
5 6 5 1
6 6 5 3
7 6 5 1
6 6 5 1
7 6 5 1
6 6 5 1
6 6 5 2
7 6 5 2
6 6 5 2
6 6 5 1
6 6 5 1
5 6 5 1
6 6 5 1
6 6 5 1
7 6 5 2
5 6 5 1
7 6 5 3
5 6 5 3
5 6 5 2
7 6 5 2
6 6 5 1
6 6 5 1
6 6 5 3
7 6 5 2
7 6 5 3
5 6 5 2
5 6 5 1
6 6 5 2
6 6 5 1
6 6 5 2
5 6 5 2
5 6 5 1
6 6 5 2
5 6 5 1
6 6 5 1
7 6 5 1
6 6 5 1
6 6 5 1
6 6 5 2
6 6 5 2
6 6 5 1
5 6 5 1
6 6 5 2
6 6 5 2
5 6 5 2
6 6 5 1
6 6 5 3
6 6 5 1
6 6 5 2
6 6 5 2
5 6 5 2
6 6 5 1
6 6 5 1
6 6 5 2
5 6 5 1
6 6 5 1
6 6 5 2
6 6 5 1
6 6 5 2
5 6 5 3
6 6 5 2
6 6 5 2
6 6 5 3
7 6 5 2
4 5 5 1
6 5 5 1
4 5 5 2
4 5 5 1
6 5 5 2
5 5 5 2
5 5 5 2
4 5 5 1
5 5 5 2
6 5 5 1
5 5 5 2
5 5 5 1
5 5 5 2
6 5 5 2
67 62 5 2
57 62 5 2
66 62 5 3
58 62 5 1
56 62 5 1
58 62 5 2
56 62 5 1
63 62 5 2
65 62 5 1
73 62 5 2
68 62 5 3
65 62 5 1
63 62 5 3
66 62 5 3
61 62 5 1
48 57 5 1
5 5 5 3
5 5 5 1
6 5 5 2
5 5 5 2
5 5 5 2
5 5 5 2
5 5 5 2
4 5 5 2
8 5 5 1
64 68 5 1
66 73 5 2
67 66 5 2
59 66 5 1
65 66 5 1
57 66 5 1
65 66 5 1
63 66 5 2
61 62 5 2
67 66 5 1
77 66 5 1
69 66 5 1
61 66 5 2
61 66 5 1
71 66 5 1
17 34 5 1
17 24 5 1
7 8 5 1
10 8 5 2
4 4 5 1
4 4 5 1
4 4 5 1
4 4 5 2
4 4 5 3
4 4 5 1
3 4 5 1
4 4 5 1
4 4 5 1
3 4 5 2
4 4 5 1
4 4 5 2
4 4 5 2
5 4 5 2
6 4 5 2
66 63 5 2
67 63 5 1
62 72 5 1
57 68 5 1
63 59 5 2
69 72 5 1
64 65 5 2
65 65 5 1
56 65 5 2
70 65 5 2
66 65 5 3
60 65 5 1
66 65 5 1
29 48 5 1
16 17 5 1
13 17 5 1
7 7 5 2
7 7 5 1
6 7 5 2
7 7 5 1
8 7 5 1
8 7 5 2
7 7 5 2
6 7 5 1
7 7 5 2
7 7 5 1
8 7 5 2
7 7 5 1
8 7 5 2
8 7 5 2
7 7 5 4
7 7 5 2
6 7 5 1
7 7 5 1
7 7 5 1
6 7 5 1
8 7 5 2
8 7 5 2
8 7 5 2
6 7 5 1
6 7 5 1
6 7 5 2
8 7 5 2
6 7 5 2
7 7 5 3
8 7 5 1
7 7 5 2
7 7 5 2
6 7 5 2
6 7 5 2
7 7 5 2
7 7 5 2
8 7 5 1
7 7 5 2
6 7 5 1
8 7 5 2
7 7 5 2
6 7 5 2
7 7 5 1
7 7 5 1
7 7 5 1
8 7 5 2
8 7 5 2
8 7 5 2
7 7 5 1
7 7 5 2
7 7 5 1
8 7 5 1
7 7 5 1
7 7 5 2
7 7 5 2
7 7 5 1
8 7 5 3
7 7 5 1
8 7 5 1
7 7 5 1
6 7 5 1
7 7 5 2
7 7 5 1
8 7 5 1
7 7 5 2
6 7 5 1
9 7 5 1
15 13 5 1
13 13 5 2
14 13 5 1
12 13 5 1
9 13 5 2
4 4 5 1
5 4 5 3
4 4 5 2
3 4 5 2
4 4 5 1
5 4 5 2
4 4 5 2
4 4 5 2
4 4 5 1
3 4 5 3
4 4 5 1
4 4 5 2
4 4 5 1
5 4 5 1
19 18 5 3
16 18 5 1
19 18 5 3
18 18 5 1
17 18 5 2
19 18 5 2
16 18 5 1
19 18 5 2
20 18 5 1
20 18 5 1
18 18 5 2
18 18 5 2
16 18 5 1
16 18 5 4
18 18 5 1
16 18 5 2
20 18 5 1
17 18 5 1
18 18 5 1
18 18 5 1
18 18 5 3
16 18 5 1
19 18 5 1
19 18 5 3
18 18 5 2
19 18 5 2
17 18 5 1
15 18 5 2
17 18 5 2
18 18 5 1
17 18 5 3
17 18 5 1
17 18 5 2
21 18 5 1
19 18 5 1
19 18 5 2
19 18 5 2
17 18 5 1
18 18 5 3
15 18 5 1
14 18 5 2
28 27 5 2
26 27 5 2
13 20 5 2
7 7 5 3
6 7 5 1
27 27 5 2
25 27 5 2
14 21 5 1
6 6 5 2
8 6 5 2
66 71 5 3
12 12 5 1
13 12 5 1
10 12 5 1
13 12 5 2
11 12 5 1
7 12 5 1
64 66 5 2
23 22 5 3
26 22 5 2
15 17 5 2
5 5 5 1
6 5 5 1
4 5 5 1
62 71 5 2
8 44 5 1
8 36 5 1
8 31 5 1
8 31 5 1
8 26 5 2
8 20 5 2
8 14 5 1
8 13 5 1
62 72 5 2
62 65 5 2
7 7 5 2
7 7 5 2
6 7 5 2
7 7 5 2
7 7 5 2
7 7 5 2
7 7 5 1
8 7 5 2
6 7 5 1
69 65 5 1
6 34 5 2
6 32 5 2
6 32 5 1
6 28 5 2
6 22 5 2
6 21 5 2
6 18 5 1
6 14 5 1
6 11 5 3
6 9 5 2
69 65 5 3
64 63 5 2
5 18 5 2
5 14 5 1
5 13 5 1
5 10 5 3
5 8 5 1
31 28 5 2
28 28 5 2
10 17 5 2
10 11 5 4
61 68 5 1
4 17 5 1
4 14 5 1
4 12 5 1
4 11 5 2
4 7 5 3
4 7 5 2
65 61 5 2
65 77 5 3
16 14 5 2
15 14 5 3
14 14 5 2
14 14 5 2
6 9 5 2
6 5 5 2
42 40 4 1
38 36 4 3
43 41 4 2
40 41 4 2
35 41 4 1
41 41 4 1
48 41 4 1
36 41 4 1
41 41 4 2
43 41 4 1
35 41 4 1
41 36 4 1
34 37 4 2
41 37 4 1
45 41 4 1
38 36 4 1
36 36 4 1
36 36 4 1
37 36 4 1
34 36 4 2
35 36 4 3
31 36 4 2
41 36 4 1
38 36 4 1
37 36 4 1
9 19 4 2
9 12 4 2
9 5 4 1
5 5 4 2
4 5 4 2
4 5 4 2
5 5 4 1
4 5 4 2
4 5 4 1
6 5 4 2
5 5 4 2
5 5 4 2
5 5 4 2
5 5 4 1
4 5 4 2
5 5 4 2
6 5 4 2
5 5 4 3
4 5 4 2
5 5 4 1
6 5 4 1
6 5 4 2
5 5 4 2
5 5 4 1
5 5 4 2
5 5 4 1
5 5 4 2
5 5 4 3
6 5 4 2
5 5 4 1
5 5 4 1
5 5 4 2
5 5 4 2
5 5 4 2
5 5 4 2
5 5 4 2
5 5 4 1
5 5 4 2
4 5 4 2
4 5 4 1
5 5 4 2
5 5 4 1
5 5 4 2
5 5 4 1
5 5 4 1
6 5 4 2
5 5 4 1
6 5 4 1
5 5 4 1
5 5 4 4
5 5 4 1
5 5 4 1
5 5 4 2
6 5 4 2
5 5 4 1
6 5 4 1
5 5 4 2
4 5 4 1
5 5 4 1
5 5 4 1
5 5 4 1
5 5 4 1
5 5 4 1
5 5 4 2
5 5 4 1
5 5 4 2
5 5 4 2
5 5 4 1
5 5 4 2
5 5 4 2
5 5 4 2
5 5 4 1
5 5 4 2
4 5 4 1
6 5 4 2
5 5 4 1
7 5 4 1
4 4 4 1
4 4 4 2
4 4 4 1
4 4 4 2
4 4 4 1
4 4 4 1
5 4 4 2
4 4 4 2
3 4 4 1
5 4 4 1
4 4 4 2
4 4 4 1
4 4 4 1
5 4 4 1
4 4 4 1
4 4 4 1
3 4 4 3
6 4 4 2
5 5 4 3
5 5 4 2
5 5 4 3
5 5 4 3
5 5 4 2
5 5 4 2
4 5 4 1
7 5 4 4
40 42 4 2
35 37 4 2
39 33 4 1
38 35 4 1
37 35 4 2
40 35 4 2
35 35 4 1
32 35 4 1
36 35 4 1
36 35 4 3
35 35 4 2
32 35 4 1
35 35 4 2
34 35 4 2
34 35 4 1
37 35 4 3
36 35 4 2
31 35 4 1
32 35 4 1
37 35 4 2
34 35 4 2
42 35 4 2
36 35 4 1
39 35 4 1
29 35 4 1
4 12 4 1
4 9 4 1
4 8 4 1
4 6 4 2
36 36 4 2
35 39 4 2
45 39 4 1
35 39 4 3
44 39 4 1
34 39 4 2
35 35 4 1
32 35 4 1
31 35 4 2
41 35 4 2
34 35 4 1
36 35 4 1
30 35 4 1
34 35 4 2
32 35 4 2
34 35 4 1
34 35 4 2
30 35 4 1
33 35 4 1
38 35 4 3
32 35 4 2
40 35 4 2
6 14 4 1
6 11 4 2
6 10 4 1
4 4 4 1
4 4 4 1
4 4 4 1
4 4 4 2
4 4 4 2
4 4 4 2
4 4 4 1
3 4 4 2
4 4 4 2
5 4 4 1
4 4 4 2
3 4 4 2
3 4 4 1
4 4 4 2
4 4 4 2
3 4 4 4
4 4 4 1
4 4 4 2
4 4 4 1
4 4 4 3
3 4 4 3
4 4 4 2
4 4 4 1
4 4 4 2
4 4 4 2
4 4 4 1
4 4 4 1
4 4 4 2
4 4 4 3
4 4 4 2
4 4 4 1
4 4 4 2
4 4 4 1
4 4 4 1
4 4 4 2
4 4 4 3
4 4 4 1
5 4 4 1
5 4 4 1
4 4 4 2
5 4 4 1
5 4 4 2
4 4 4 3
4 4 4 2
4 4 4 1
4 4 4 3
4 4 4 1
5 4 4 3
4 4 4 2
4 4 4 1
4 4 4 2
4 4 4 3
4 4 4 2
4 4 4 2
4 4 4 3
4 4 4 3
4 4 4 2
4 4 4 3
4 4 4 2
4 4 4 3
4 4 4 1
4 4 4 1
3 4 4 2
4 4 4 3
4 4 4 2
4 4 4 1
3 4 4 2
4 4 4 2
4 4 4 2
4 4 4 1
4 4 4 2
4 4 4 3
4 4 4 1
4 4 4 1
4 4 4 1
5 4 4 1
4 4 4 2
4 4 4 1
4 4 4 1
4 4 4 2
4 4 4 2
4 4 4 1
5 4 4 2
4 4 4 1
5 4 4 2
4 4 4 2
4 4 4 2
4 4 4 1
4 4 4 2
4 4 4 2
4 4 4 2
4 4 4 1
4 4 4 2
4 4 4 1
4 4 4 2
5 4 4 2
4 4 4 3
4 4 4 1
5 4 4 3
4 4 4 2
4 4 4 1
4 4 4 1
4 4 4 1
4 4 4 1
4 4 4 2
4 4 4 2
4 4 4 1
4 4 4 1
4 4 4 1
3 4 4 1
4 4 4 1
5 4 4 1
4 4 4 1
4 4 4 1
4 4 4 1
5 4 4 3
3 4 4 1
4 4 4 1
3 4 4 1
3 4 4 2
4 4 4 1
4 4 4 2
4 4 4 1
5 4 4 1
4 4 4 1
4 4 4 1
5 4 4 3
3 4 4 2
3 4 4 2
4 4 4 2
4 4 4 2
4 4 4 1
4 4 4 2
3 4 4 2
4 4 4 1
4 4 4 2
7 4 4 2
30 35 4 2
37 35 4 2
40 35 4 2
31 35 4 1
33 35 4 1
33 35 4 2
32 35 4 2
34 35 4 1
35 35 4 2
40 35 4 2
35 35 4 1
41 35 4 1
34 35 4 2
37 35 4 2
38 35 4 1
34 35 4 1
37 35 4 2
29 35 4 1
35 35 4 2
34 35 4 3
11 21 4 2
11 14 4 1
35 35 4 1
36 38 4 1
39 41 4 1
31 35 4 1
8 17 4 2
8 13 4 1
4 5 4 1
4 5 4 1
35 39 4 2
35 33 4 3
40 36 4 3
28 31 4 2
12 19 4 1
12 12 4 1
38 39 4 2
38 41 4 3
33 34 4 1
5 12 4 2
5 11 4 1
5 7 4 3
5 4 4 1
38 40 4 1
4 22 4 1
4 18 4 1
4 17 4 2
4 14 4 1
4 12 4 1
4 11 4 1
4 8 4 1
4 8 4 2
38 35 4 3
38 35 4 2
15 15 3 3
13 14 3 2
13 14 3 1
13 14 3 2
13 14 3 2
15 14 3 2
13 14 3 1
15 14 3 2
14 14 3 2
6 9 3 3
6 5 3 1
14 13 3 2
14 13 3 3
12 13 3 2
14 13 3 1
11 13 3 1
14 13 3 1
12 13 3 3
12 13 3 3
12 13 3 1
14 16 3 2
18 16 3 2
19 16 3 1
17 16 3 3
18 16 3 2
15 16 3 3
14 15 3 3
13 15 3 1
14 15 3 2
15 15 3 1
16 15 3 1
13 15 3 1
16 15 3 2
15 14 3 2
13 14 3 3
13 14 3 2
11 14 3 1
13 14 3 1
15 14 3 2
15 14 3 2
6 10 3 1
6 4 3 2
13 13 3 2
14 14 3 1
16 14 3 3
14 14 3 3
16 14 3 2
13 14 3 2
15 14 3 1
14 14 3 3
14 13 3 2
15 15 3 1
16 15 3 3
17 15 3 2
12 15 3 1
15 14 3 1
12 14 3 3
14 14 3 3
19 14 3 1
14 12 3 2
10 12 3 1
12 12 3 3
13 12 3 2
11 12 3 1
15 17 3 2
14 15 3 2
15 15 3 2
16 15 3 1
8 8 3 1
8 8 3 1
8 8 3 2
8 8 3 3
8 8 3 1
5 8 3 2
6 6 3 2
9 6 3 2
14 14 3 2
14 15 3 1
14 13 3 2
10 9 3 1
4 9 3 2
14 15 3 1
14 14 3 1
14 13 3 1
8 8 3 1
6 8 3 1
13 14 3 3
13 15 3 1
13 14 3 2
13 14 3 1
9 8 3 2
4 8 3 1
14 15 3 2
14 15 3 1
14 13 3 1
14 15 3 2
14 16 3 1
14 14 3 1
14 14 3 1
14 15 3 2
6 6 3 1
8 6 3 1
15 13 3 2
15 14 3 2
15 17 3 2
15 14 3 2
15 13 3 2
15 14 3 2
15 13 3 1
15 16 3 1
15 14 3 2
8 7 3 2
7 7 3 1
21 21 3 1
21 21 3 1
21 21 3 1
22 21 3 2
21 21 3 1
25 21 3 2
19 21 3 1
25 21 3 1
25 21 3 2
24 21 3 1
16 21 3 1
20 19 3 2
22 20 3 2
20 20 3 1
22 20 3 1
21 20 3 2
23 20 3 2
21 20 3 1
20 20 3 2
23 20 3 2
22 20 3 2
21 20 3 2
5 10 3 2
5 10 3 2
21 21 3 1
22 21 3 2
21 21 3 1
24 21 3 1
21 21 3 1
19 21 3 1
19 21 3 1
17 21 3 1
20 21 3 2
21 21 3 1
15 21 3 2
21 19 3 1
22 19 3 2
21 19 3 1
21 19 3 1
17 19 3 2
17 19 3 1
16 19 3 1
22 19 3 2
18 19 3 2
17 19 3 1
17 19 3 2
11 19 3 1
21 21 3 1
20 21 3 2
23 21 3 1
22 21 3 1
25 21 3 1
22 21 3 1
24 21 3 2
20 21 3 3
21 21 3 1
22 21 3 2
22 23 3 3
23 23 3 1
23 23 3 1
22 23 3 2
22 19 3 2
20 19 3 1
17 19 3 1
22 19 3 1
18 19 3 2
21 19 3 1
10 13 3 1
5 6 3 3
5 6 3 2
4 4 3 1
4 4 3 2
5 4 3 2
3 4 3 1
4 4 3 1
4 4 3 2
4 4 3 1
4 4 3 2
4 4 3 1
4 4 3 3
4 4 3 2
4 4 3 2
3 4 3 1
4 4 3 1
4 4 3 1
4 4 3 1
4 4 3 1
4 4 3 1
4 4 3 1
4 4 3 2
4 4 3 2
4 4 3 1
4 4 3 1
4 4 3 2
4 4 3 1
4 4 3 2
4 4 3 2
5 4 3 2
4 4 3 2
4 4 3 1
3 4 3 3
7 4 3 1
20 22 3 1
23 20 3 2
22 22 3 1
21 18 3 1
16 18 3 2
17 18 3 1
20 18 3 1
17 18 3 1
18 18 3 2
18 18 3 2
19 18 3 2
9 13 3 2
5 5 3 1
4 5 3 1
4 4 3 1
4 4 3 1
4 4 3 2
4 4 3 2
4 4 3 1
4 4 3 1
4 4 3 2
4 4 3 1
3 4 3 1
4 4 3 2
4 4 3 3
4 4 3 2
4 4 3 2
4 4 3 2
4 4 3 1
4 4 3 3
4 4 3 2
4 4 3 3
4 4 3 3
4 4 3 1
4 4 3 3
3 4 3 1
3 4 3 1
4 4 3 1
4 4 3 3
4 4 3 2
4 4 3 1
5 4 3 2
4 4 3 2
4 4 3 2
4 4 3 2
3 4 3 1
4 4 3 2
3 4 3 1
5 4 3 2
4 4 3 1
4 4 3 1
4 4 3 2
6 4 3 2
21 18 3 2
22 22 3 2
24 21 3 3
22 23 3 2
21 19 3 2
19 19 3 2
19 19 3 3
20 19 3 2
9 13 3 3
9 6 3 2
9 9 3 1
9 9 3 3
7 9 3 2
9 9 3 1
10 9 3 1
9 9 3 2
10 9 3 4
8 9 3 1
9 9 3 2
8 9 3 1
5 5 3 2
4 5 3 2
5 5 3 1
8 5 3 1
6 7 3 1
7 7 3 3
7 7 3 1
4 7 3 1
6 6 3 2
6 6 3 1
10 6 3 1
9 10 3 1
12 10 3 2
17 20 3 2
6 10 3 1
6 10 3 1
11 10 3 1
12 10 3 2
20 22 3 1
6 6 3 2
6 6 3 1
8 6 3 2
20 22 3 1
20 20 3 2
20 22 3 2
20 21 3 2
20 22 3 1
20 21 3 1
7 7 3 1
7 7 3 2
6 7 3 1
18 18 2 2
19 18 2 1
18 19 2 2
20 20 2 1
22 20 2 1
21 20 2 1
19 20 2 3
18 20 2 2
21 20 2 2
19 20 2 2
19 17 2 2
20 20 2 2
19 17 2 1
14 17 2 2
17 17 2 2
16 17 2 1
18 17 2 1
17 17 2 2
19 20 2 2
18 18 2 1
20 18 2 1
18 18 2 1
19 18 2 1
7 12 2 2
7 6 2 1
20 18 2 1
19 18 2 1
17 18 2 1
16 18 2 1
10 14 2 1
4 4 2 1
6 4 2 1
17 17 2 1
19 17 2 1
15 17 2 1
17 17 2 1
14 17 2 1
20 20 2 1
21 20 2 1
20 20 2 1
21 20 2 1
19 18 2 2
20 18 2 2
17 18 2 1
19 18 2 1
7 11 2 4
7 7 2 1
19 16 2 1
19 17 2 1
17 19 2 2
8 19 2 2
8 15 2 1
8 13 2 2
17 18 2 2
12 10 2 2
5 10 2 1
19 19 2 1
12 11 2 1
7 11 2 1
19 17 2 1
13 14 2 2
6 9 2 1
6 5 2 1
19 19 2 3
19 17 2 1
11 11 2 2
8 11 2 1
19 20 2 2
19 19 2 2
19 19 2 2
19 18 2 3
19 19 2 1
19 19 2 3
5 4 2 1
4 4 2 1
4 4 2 2
6 4 2 1
16 20 2 1
4 10 2 2
4 10 2 1
20 17 2 2
20 18 2 3
20 19 2 1
20 19 2 1
20 18 2 1
20 20 2 2
4 4 2 2
4 4 2 1
4 4 2 2
4 4 2 2
4 4 2 1
19 19 2 2
19 18 2 1
19 19 2 2
19 18 2 1
19 18 2 2
19 19 2 2
19 16 2 1
11 11 2 1
8 11 2 1
18 20 2 1
18 20 2 2
18 19 2 2
18 19 2 1
18 22 2 2
18 18 2 1
18 17 2 2
18 21 2 2
19 18 2 1
19 18 2 2
19 20 2 2
19 17 2 1
19 19 2 2
19 19 2 2
19 19 2 1
19 20 2 2
6 7 2 2
8 7 2 2
5 7 2 1
18 18 2 1
18 20 2 1
18 19 2 2
18 19 2 1
18 18 2 2
18 18 2 1
18 18 2 3
18 19 2 1
7 8 2 1
7 8 2 2
4 8 2 1
8 7 1 1
7 7 1 2
7 7 1 3
7 7 1 2
7 7 1 1
7 7 1 2
7 7 1 1
7 7 1 1
8 7 1 3
7 7 1 2
7 7 1 1
7 7 1 2
7 7 1 1
7 7 1 1
7 7 1 1
8 7 1 2
6 7 1 1
8 7 1 1
7 7 1 1
6 7 1 1
7 7 1 3
7 7 1 1
6 7 1 2
7 7 1 1
8 7 1 1
6 7 1 1
9 7 1 2
6 7 1 1
7 7 1 1
7 7 1 2
7 7 1 1
6 7 1 1
6 7 1 4
8 7 1 1
7 7 1 2
6 7 1 2
8 7 1 1
7 7 1 1
6 7 1 1
7 7 1 2
4 7 1 1
7 7 1 1
7 7 1 2
7 7 1 2
8 7 1 1
6 7 1 1
6 7 1 2
7 7 1 2
7 7 1 1
8 7 1 3
6 7 1 2
7 7 1 1
6 7 1 2
6 7 1 1
4 7 1 3
7 7 1 2
8 8 1 1
6 7 1 1
6 7 1 2
7 8 1 1
7 7 1 1
8 7 1 1
6 7 1 2
7 7 1 2
8 7 1 1
8 7 1 2
7 7 1 1
7 8 1 2
8 8 1 2
7 8 1 1
8 8 1 1
7 8 1 2
8 7 1 1
6 7 1 1
7 7 1 1
7 7 1 2
9 7 1 1
7 8 1 3
7 7 1 1
7 7 1 1
6 8 1 2
6 7 1 3
6 6 1 2
6 9 1 1
8 7 1 2
8 7 1 2
7 7 1 1
7 8 1 1
7 7 1 2
7 7 1 2
7 8 1 2
7 7 1 1
7 7 1 2
7 8 1 1
8 7 1 1
8 8 1 1
8 7 1 1
8 8 1 2
8 7 1 1
8 6 1 2
15 13 1 2
14 15 1 2
13 15 1 1
16 15 1 1
15 15 1 2
15 15 1 1
12 15 1 2
14 16 1 2
16 16 1 2
16 16 1 2
17 16 1 2
16 16 1 2
6 10 1 2
6 6 1 2
14 15 1 1
14 15 1 2
14 15 1 3
16 15 1 3
13 15 1 1
15 16 1 2
14 16 1 1
14 16 1 3
15 15 1 2
14 15 1 2
14 13 1 1
14 15 1 2
14 15 1 2
14 15 1 2
14 16 1 1
14 14 1 2
14 14 1 1
14 16 1 2
14 16 1 1
14 14 1 2
14 14 1 1
14 17 1 2
14 16 1 3
14 17 1 1
14 17 1 1
14 17 1 1
14 14 1 1
14 15 1 1
6 6 1 1
8 6 1 1
15 14 1 1
15 16 1 1
15 15 1 2
15 15 1 1
15 17 1 1
15 16 1 1
15 14 1 1
15 15 1 1
11 11 1 1
4 6 1 1
4 5 1 2
14 17 1 2
14 15 1 3
14 14 1 2
14 16 1 1
14 16 1 1
14 13 1 2
14 14 1 1
14 15 1 2
14 14 1 1
14 14 1 2
14 16 1 2
14 14 1 1
14 15 1 3
14 15 1 1
14 13 1 1
14 14 1 2
14 15 1 2
14 16 1 3
14 17 1 1
14 16 1 1
14 17 1 2
14 12 1 1
14 14 1 1
14 15 1 3
14 15 1 1
14 15 1 2
14 17 1 1
14 15 1 4
14 16 1 2
14 16 1 2
14 15 1 1
14 15 1 3
14 15 1 2
10 11 1 2
4 7 1 1
4 4 1 2
15 16 1 2
15 14 1 2
15 15 1 2
15 16 1 2
15 16 1 1
15 14 1 3
15 16 1 3
15 16 1 1
15 17 1 1
15 15 1 2
15 15 1 1
15 16 1 3
11 11 1 2
4 7 1 1
4 4 1 2
21 23 0 3
23 23 0 2
20 23 0 2
23 23 0 2
24 23 0 1
20 23 0 1
24 23 0 2
22 23 0 2
24 23 0 1
24 23 0 1
23 23 0 2
23 23 0 1
20 23 0 1
9 15 0 2
9 8 0 1
22 20 0 2
21 23 0 1
22 26 0 2
24 21 0 2
21 21 0 2
22 21 0 2
20 21 0 1
24 21 0 3
23 21 0 2
19 21 0 1
19 21 0 2
21 21 0 3
21 21 0 2
21 21 0 1
22 20 0 1
17 20 0 1
20 20 0 2
19 20 0 1
20 20 0 1
22 20 0 3
17 20 0 2
21 20 0 2
17 20 0 2
19 20 0 2
22 20 0 1
19 20 0 2
23 20 0 1
19 20 0 2
19 20 0 1
21 20 0 1
20 20 0 1
22 20 0 1
23 20 0 1
22 20 0 1
19 20 0 1
17 20 0 2
17 20 0 3
13 16 0 1
4 4 0 3
4 4 0 1
5 4 0 3
24 20 0 2
23 23 0 1
20 21 0 3
20 21 0 1
21 21 0 2
18 21 0 3
18 21 0 1
18 21 0 2
20 21 0 2
23 21 0 1
22 21 0 2
8 13 0 2
8 8 0 1
23 23 0 1
21 23 0 3
22 23 0 2
20 23 0 2
22 23 0 2
25 23 0 1
23 23 0 3
22 23 0 3
10 16 0 2
10 7 0 1
22 25 0 3
22 22 0 2
21 24 0 2
23 23 0 1
23 23 0 2
21 19 0 2
19 19 0 2
18 19 0 2
19 19 0 2
4 4 0 1
4 4 0 1
4 4 0 2
4 4 0 1
4 4 0 1
4 4 0 1
4 4 0 2
4 4 0 3
4 4 0 1
3 4 0 1
4 4 0 1
4 4 0 2
3 4 0 2
4 4 0 2
4 4 0 1
4 4 0 1
4 4 0 2
4 4 0 1
7 4 0 1
9 9 0 3
9 9 0 1
9 9 0 2
10 9 0 1
9 9 0 2
9 9 0 1
9 9 0 1
8 9 0 2
9 9 0 2
9 9 0 2
10 9 0 2
10 9 0 1
9 9 0 1
4 9 0 1
8 8 0 1
9 8 0 1
4 8 0 2
10 10 0 1
12 10 0 3
7 7 0 2
8 7 0 1
7 7 0 2
23 22 0 1
23 23 0 1
7 8 0 2
9 8 0 1
7 8 0 1
24 21 0 1
24 22 0 2
12 13 0 2
12 13 0 3
22 22 0 1
22 22 0 1
22 22 0 2
22 22 0 3
22 23 0 1
21 23 0 2
21 21 0 1
21 23 0 1
21 24 0 1
21 23 0 2
22 24 0 1
22 19 0 1
22 21 0 1
22 25 0 1
22 23 0 1
6 5 0 2
5 5 0 1
5 5 0 1
6 5 0 1
