1500 2000 18
6
1500 5080 4
2000 1460 3
1770 2460 2
1640 1220 1.5
2460 760 1
1230 1920 0.5
4491
149 171 4 1
177 124 4 3
177 164 4 2
80 134 4 3
97 134 4 2
90 164 4 2
31 164 4 3
56 78 4 3
56 86 4 3
177 153 4 2
106 116 4 1
71 116 4 3
177 79 4 3
66 265 4 2
111 265 4 3
102 131 4 1
75 274 4 2
75 176 4 3
75 75 4 2
75 120 4 3
75 150 4 3
75 177 4 1
75 197 4 1
75 111 4 3
75 66 4 1
102 159 4 3
102 232 4 2
34 263 4 1
68 145 4 3
37 118 4 1
31 62 4 1
31 56 4 2
102 159 4 3
102 184 4 2
102 218 4 3
149 147 4 3
149 81 4 3
98 246 4 2
51 265 4 1
51 195 4 2
51 241 4 1
51 161 4 1
51 199 4 2
51 182 4 3
51 228 4 2
51 181 4 1
51 101 4 2
51 153 4 2
51 107 4 3
51 70 4 3
51 63 4 2
53 481 4 2
45 112 4 1
45 223 4 2
45 136 4 1
45 147 4 1
45 164 4 3
45 209 4 1
45 124 4 2
45 133 4 1
45 198 4 2
45 131 4 2
45 97 4 2
45 226 4 2
53 156 4 2
53 155 4 3
53 260 4 2
53 210 4 3
53 198 4 3
53 168 4 3
53 116 4 3
53 81 4 2
19 75 4 1
34 75 4 3
74 142 4 3
33 142 4 2
219 142 4 2
124 175 4 1
119 202 4 1
83 190 4 2
83 158 4 2
83 200 4 2
83 113 4 2
83 205 4 1
83 180 4 1
83 168 4 3
83 172 4 3
83 164 4 1
83 170 4 1
83 237 4 2
83 131 4 2
83 87 4 3
83 148 4 1
22 80 4 1
19 80 4 3
42 80 4 2
67 180 4 3
52 228 4 1
52 143 4 3
52 165 4 2
52 150 4 3
52 87 4 1
52 128 4 1
52 194 4 3
52 134 4 1
52 166 4 2
52 88 4 3
52 218 4 3
52 144 4 2
52 98 4 2
52 149 4 3
52 109 4 1
67 181 4 1
67 186 4 2
67 95 4 1
67 114 4 2
67 194 4 2
67 152 4 1
67 324 4 1
67 140 4 1
67 140 4 2
67 165 4 3
67 330 4 1
124 164 4 2
46 210 4 3
78 185 4 3
78 178 4 1
78 108 4 2
78 91 4 1
78 107 4 1
78 137 4 1
78 218 4 3
78 139 4 3
78 96 4 1
78 302 4 2
78 109 4 2
78 124 4 2
78 270 4 1
46 155 4 3
46 155 4 2
46 277 4 2
46 138 4 1
46 214 4 3
46 198 4 2
46 375 4 3
46 118 4 2
46 224 4 2
92 111 4 3
117 217 4 3
87 99 4 1
81 99 4 3
119 99 4 2
53 99 4 1
103 99 4 3
128 123 4 3
139 98 4 3
176 98 4 2
74 147 4 3
88 147 4 3
153 147 4 1
72 147 4 1
120 104 4 1
123 100 4 1
123 220 4 1
123 148 4 2
123 145 4 2
123 310 4 1
120 188 4 2
74 157 4 2
46 111 4 1
46 166 4 1
46 197 4 1
46 157 4 3
74 184 4 3
74 290 4 2
72 337 4 1
72 100 4 1
72 123 4 1
72 216 4 1
77 275 4 2
51 136 4 2
51 74 4 3
18 65 4 3
33 65 4 2
128 211 4 2
73 133 4 3
55 133 4 3
128 183 4 1
128 243 4 3
117 233 4 3
69 186 4 1
48 92 4 2
48 94 4 3
117 229 4 3
117 170 4 3
62 144 4 2
55 93 4 3
55 139 4 3
62 88 4 1
92 162 4 2
92 188 4 1
92 180 4 1
92 125 4 3
92 132 4 2
92 164 4 2
92 108 4 1
52 97 4 3
40 60 4 2
13 37 4 3
11 37 4 2
16 37 4 2
103 149 4 2
119 149 4 3
80 149 4 1
158 149 4 3
54 149 4 1
37 149 4 2
51 149 4 1
50 96 4 3
50 53 4 2
105 83 4 2
60 83 4 2
42 83 4 2
39 83 4 2
47 83 4 1
52 83 4 3
20 83 4 1
32 83 4 3
53 83 4 3
93 83 4 2
109 83 4 2
116 211 4 3
106 91 4 3
89 91 4 2
64 91 4 1
57 91 4 2
90 91 4 3
130 91 4 2
160 148 4 2
96 219 4 3
55 213 4 1
225 213 4 1
161 152 4 2
119 141 4 2
119 221 4 2
119 212 4 3
119 158 4 2
106 235 4 1
55 123 4 2
55 112 4 2
161 163 4 2
103 83 4 1
24 182 4 1
34 182 4 2
22 99 4 1
47 99 4 3
34 99 4 2
96 171 4 1
96 175 4 3
96 140 4 3
96 122 4 2
96 118 4 3
160 112 4 3
160 179 4 1
160 188 4 2
63 174 4 3
97 174 4 1
160 144 4 1
116 152 4 1
116 93 4 3
77 116 4 1
39 103 4 1
39 255 4 2
39 99 4 1
39 123 4 3
77 113 4 1
77 228 4 2
77 123 4 1
82 122 4 2
77 256 4 1
70 227 4 3
52 227 4 2
68 125 4 3
75 107 4 3
75 120 4 1
68 102 4 2
67 159 4 2
91 233 4 2
70 332 4 3
37 80 4 2
37 130 4 1
37 64 4 2
37 58 4 1
107 89 4 1
107 179 4 1
107 180 4 1
107 178 4 3
60 377 4 1
47 112 4 1
47 265 4 1
107 182 4 3
107 146 4 2
107 161 4 3
107 138 4 1
107 178 4 2
107 168 4 2
91 112 4 3
91 130 4 3
91 273 4 2
91 125 4 2
91 190 4 3
91 208 4 3
58 194 4 1
33 77 4 3
33 71 4 1
33 46 4 1
91 157 4 2
91 146 4 2
42 235 4 1
49 240 4 3
49 147 4 2
49 99 4 1
16 54 4 2
17 54 4 3
16 24 4 3
16 30 4 2
42 170 4 3
42 71 4 2
42 64 4 1
67 272 4 3
67 122 4 3
67 229 4 3
67 193 4 1
67 130 4 3
67 172 4 2
67 178 4 3
67 243 4 3
67 93 4 3
67 151 4 2
67 147 4 1
67 219 4 3
77 108 4 3
77 144 4 1
77 147 4 1
77 256 4 3
77 146 4 3
77 177 4 2
77 164 4 3
77 177 4 2
77 151 4 3
77 167 4 3
77 276 4 3
77 188 4 2
77 178 4 2
82 156 4 3
82 211 4 1
52 235 4 1
30 116 4 1
30 119 4 3
82 118 4 2
82 168 4 3
82 337 4 1
82 114 4 2
82 187 4 3
82 134 4 2
82 114 4 2
82 126 4 2
82 176 4 2
82 109 4 2
39 228 4 2
43 112 4 2
43 116 4 3
111 159 4 3
137 187 4 1
84 187 4 3
92 105 4 1
31 82 4 1
61 82 4 3
79 121 4 2
234 121 4 1
154 141 4 2
88 160 4 2
71 319 4 3
71 130 4 1
71 92 4 2
71 193 4 2
71 129 4 1
71 184 4 1
71 184 4 2
71 159 4 1
71 180 4 3
71 274 4 2
71 246 4 1
47 137 4 1
24 68 4 2
24 69 4 1
88 122 4 2
88 110 4 1
88 189 4 1
88 174 4 1
88 162 4 3
88 187 4 3
88 235 4 3
88 319 4 2
53 182 4 3
35 95 4 2
35 55 4 1
35 32 4 3
88 137 4 2
88 250 4 3
94 140 4 3
60 78 4 1
60 238 4 2
60 194 4 2
60 176 4 1
60 118 4 3
60 312 4 2
60 277 4 2
60 114 4 1
60 182 4 3
60 397 4 1
94 105 4 2
94 112 4 1
94 119 4 1
94 277 4 1
94 217 4 2
94 149 4 3
94 240 4 3
94 225 4 2
94 167 4 1
94 87 4 3
59 144 4 1
35 113 4 1
35 135 4 1
59 104 4 1
111 151 4 3
111 183 4 3
111 140 4 3
111 173 4 3
111 238 4 2
111 173 4 1
111 195 4 3
111 131 4 2
111 253 4 1
111 172 4 2
111 275 4 2
111 292 4 3
111 199 4 2
114 223 4 1
51 223 4 1
60 223 4 1
89 223 4 3
152 138 4 1
29 138 4 2
120 138 4 3
65 138 4 2
57 138 4 3
116 85 4 1
30 85 4 2
31 85 4 3
93 85 4 3
95 85 4 1
34 85 4 2
14 85 4 1
10 29 4 1
10 56 4 1
107 219 4 1
123 219 4 1
204 219 4 1
44 219 4 3
149 219 4 3
110 219 4 3
151 156 4 2
55 343 4 1
75 139 4 3
160 124 4 1
61 124 4 2
113 124 4 2
42 124 4 2
31 124 4 3
49 124 4 1
143 107 4 2
50 219 4 1
50 219 4 1
102 131 4 2
111 144 4 2
16 75 4 2
35 75 4 2
60 75 4 2
40 88 4 3
26 88 4 1
36 54 4 1
18 34 4 2
6 34 4 2
5 34 4 2
7 34 4 1
66 112 4 1
77 112 4 3
75 204 4 2
70 135 4 1
45 135 4 3
159 135 4 2
24 135 4 2
139 135 4 3
59 135 4 2
47 135 4 3
43 135 4 3
64 178 4 1
146 178 4 1
48 178 4 3
36 178 4 3
50 178 4 2
126 178 4 3
69 178 4 2
47 85 4 3
47 93 4 1
24 174 4 2
137 174 4 3
59 174 4 2
184 174 4 3
117 174 4 1
65 174 4 1
151 180 4 2
72 311 4 1
79 184 4 1
79 97 4 2
79 213 4 3
72 108 4 1
46 75 4 1
26 75 4 3
111 150 4 1
65 185 4 1
46 185 4 3
111 167 4 2
111 164 4 2
111 131 4 1
111 176 4 2
32 100 4 1
46 100 4 1
33 100 4 2
189 119 4 2
118 119 4 3
55 119 4 3
117 119 4 3
69 119 4 2
74 119 4 1
80 119 4 2
39 119 4 3
44 119 4 2
63 119 4 2
66 314 4 2
74 297 4 1
42 297 4 1
137 297 4 1
155 163 4 3
88 163 4 1
139 163 4 1
147 163 4 3
80 134 4 2
173 134 4 3
66 134 4 1
98 134 4 1
112 134 4 3
122 177 4 1
167 150 4 3
111 150 4 3
120 150 4 1
153 150 4 3
30 150 4 2
79 150 4 2
166 126 4 2
108 126 4 1
50 126 4 1
110 126 4 3
30 126 4 2
91 126 4 2
105 126 4 2
67 128 4 2
98 258 4 2
62 258 4 3
69 125 4 1
94 91 4 3
79 91 4 2
30 91 4 3
98 91 4 1
63 91 4 1
169 167 4 1
89 167 4 2
106 167 4 2
69 133 4 3
84 323 4 2
109 153 4 1
107 323 4 3
127 148 4 1
72 199 4 1
94 80 4 2
94 243 4 3
72 124 4 1
127 175 4 1
109 170 4 3
67 157 4 2
67 296 4 3
122 116 4 3
122 121 4 2
51 282 4 2
71 155 4 2
71 127 4 3
122 161 4 1
66 117 4 3
66 134 4 3
66 162 4 1
40 221 4 1
26 154 4 1
26 97 4 2
26 75 4 2
26 101 4 1
40 206 4 2
53 160 3 3
29 160 3 3
80 160 3 2
38 106 3 1
90 160 3 1
29 160 3 2
84 81 3 2
53 81 3 1
47 81 3 1
56 79 3 1
55 79 3 3
38 79 3 3
35 79 3 2
38 54 3 2
79 103 3 1
63 103 3 2
26 103 3 2
47 103 3 1
94 103 3 3
42 103 3 1
90 103 3 2
62 103 3 1
93 95 3 1
66 95 3 2
66 95 3 1
33 95 3 2
75 95 3 2
34 95 3 2
64 95 3 1
26 95 3 1
46 61 3 3
19 34 3 2
11 34 3 3
16 34 3 2
58 130 3 3
47 89 3 2
26 198 3 2
26 198 3 2
93 198 3 3
47 69 3 3
94 91 3 2
64 91 3 2
48 91 3 2
48 71 3 1
59 71 3 1
32 71 3 3
67 71 3 1
8 36 3 3
13 36 3 1
48 36 3 1
45 36 3 3
23 36 3 2
12 36 3 2
16 36 3 1
41 36 3 2
47 75 3 3
47 54 3 3
26 163 3 2
59 58 3 3
43 58 3 2
11 58 3 2
26 58 3 3
12 58 3 1
13 58 3 1
54 58 3 2
55 58 3 1
39 58 3 2
60 58 3 3
40 105 3 2
34 105 3 3
34 105 3 2
63 54 3 3
32 54 3 1
67 54 3 1
28 54 3 3
74 54 3 2
32 51 3 3
11 51 3 3
30 51 3 2
37 51 3 1
19 51 3 3
50 51 3 1
13 51 3 2
72 51 3 1
47 110 3 2
47 84 3 1
47 78 3 3
58 231 3 2
95 100 3 3
59 56 3 3
58 95 3 1
44 95 3 3
111 95 3 1
61 58 3 2
44 58 3 3
18 58 3 2
14 32 3 3
14 26 3 3
37 37 3 2
9 37 3 3
20 37 3 3
11 37 3 3
36 37 3 3
24 37 3 3
63 134 3 2
34 134 3 1
36 134 3 3
19 134 3 1
68 76 3 2
45 72 3 2
85 134 3 3
45 62 3 1
68 58 3 2
86 112 3 1
64 112 3 1
21 112 3 1
27 112 3 3
152 112 3 2
57 108 3 2
35 94 3 1
44 104 3 1
80 69 3 1
134 104 3 2
21 35 3 1
18 35 3 3
17 35 3 1
11 35 3 2
13 35 3 1
47 93 3 3
68 139 3 1
60 128 3 2
83 69 3 2
83 63 3 1
54 142 3 1
29 88 3 2
10 54 3 2
19 29 3 2
11 25 3 1
8 14 3 3
8 11 3 2
60 146 3 1
68 79 3 2
68 56 3 3
47 181 3 2
35 96 3 3
35 104 3 1
35 84 3 3
57 66 3 3
57 130 3 2
57 74 3 3
59 124 3 3
59 98 3 2
59 111 3 1
59 97 3 3
59 55 3 2
59 178 3 3
51 92 3 2
44 71 3 3
44 108 3 2
44 92 3 3
44 122 3 3
44 99 3 2
44 58 3 1
28 69 3 2
16 37 3 2
16 20 3 1
7 12 3 1
9 12 3 3
51 91 3 1
51 264 3 1
51 109 3 1
51 63 3 3
56 67 3 1
64 67 3 3
13 67 3 1
88 67 3 1
45 67 3 2
24 67 3 2
35 67 3 3
22 67 3 2
52 67 3 3
44 67 3 2
36 67 3 2
36 67 3 3
82 67 3 1
66 67 3 2
27 67 3 3
48 67 3 2
11 67 3 3
60 67 3 3
41 67 3 1
42 67 3 1
17 67 3 1
46 67 3 1
52 67 3 1
36 89 3 1
99 97 3 1
53 63 3 1
30 63 3 3
17 63 3 2
38 63 3 3
49 63 3 3
42 63 3 1
17 63 3 2
35 63 3 2
44 63 3 1
41 63 3 2
67 63 3 1
61 63 3 1
38 63 3 3
30 63 3 2
16 63 3 3
21 63 3 2
25 63 3 2
30 63 3 3
32 63 3 1
43 63 3 2
30 63 3 2
33 63 3 3
15 63 3 3
65 63 3 3
34 34 3 3
17 34 3 2
17 34 3 1
26 34 3 1
36 34 3 3
13 34 3 1
41 34 3 1
29 34 3 3
21 34 3 1
19 34 3 1
17 34 3 3
34 34 3 1
11 34 3 3
20 34 3 3
13 34 3 1
13 34 3 1
19 34 3 3
36 34 3 3
21 34 3 2
24 34 3 3
16 34 3 3
13 34 3 1
12 34 3 3
24 34 3 2
10 34 3 1
43 34 3 3
13 34 3 1
10 34 3 1
14 34 3 3
7 34 3 3
20 34 3 3
31 34 3 2
15 34 3 2
11 34 3 2
18 34 3 1
29 34 3 3
28 34 3 1
24 34 3 2
18 34 3 1
22 34 3 1
21 34 3 3
12 34 3 1
84 101 3 2
102 94 3 1
40 94 3 1
44 94 3 3
24 94 3 3
86 94 3 3
47 94 3 2
37 94 3 3
29 94 3 2
57 94 3 3
12 94 3 1
18 94 3 2
51 94 3 3
78 94 3 3
36 94 3 2
102 94 3 2
39 94 3 1
85 61 3 1
13 33 3 3
18 33 3 2
21 33 3 2
19 33 3 2
14 33 3 3
106 112 3 1
62 57 3 2
50 57 3 2
22 57 3 2
10 57 3 3
23 57 3 2
73 57 3 1
13 57 3 3
47 57 3 2
19 57 3 1
49 57 3 1
47 57 3 1
23 57 3 3
46 57 3 1
11 57 3 2
17 57 3 2
29 57 3 2
64 57 3 2
15 57 3 2
66 57 3 1
16 57 3 1
79 57 3 1
82 55 3 1
48 55 3 1
50 55 3 3
23 55 3 3
16 55 3 1
32 55 3 3
84 55 3 1
29 55 3 3
49 55 3 2
24 55 3 3
24 55 3 3
49 55 3 3
68 55 3 3
47 55 3 3
37 55 3 3
38 55 3 3
51 55 3 3
30 55 3 3
51 105 3 1
33 105 3 1
36 109 3 3
36 105 3 3
39 106 3 1
83 111 3 2
65 111 3 1
61 69 3 1
54 111 3 3
94 111 3 1
28 111 3 2
148 111 3 3
108 111 3 1
58 111 3 3
54 62 3 2
43 62 3 2
38 62 3 3
35 62 3 3
46 62 3 2
53 62 3 2
32 49 3 2
10 49 3 2
22 49 3 2
12 49 3 1
20 49 3 1
30 49 3 3
35 49 3 1
55 49 3 1
53 49 3 3
26 42 3 2
35 42 3 2
87 109 3 2
47 260 3 1
47 79 3 1
68 134 3 1
36 134 3 3
58 134 3 3
49 86 3 3
50 134 3 2
47 70 3 2
49 68 3 3
46 81 3 2
67 84 3 2
43 134 3 2
36 134 3 2
88 134 3 1
38 134 3 3
39 134 3 3
73 134 3 3
10 50 3 3
57 50 3 1
46 53 3 2
22 66 3 2
27 66 3 2
15 64 3 3
13 64 3 2
19 38 3 2
9 26 3 1
10 17 3 2
4 9 3 3
6 9 3 1
20 48 3 3
29 48 3 1
37 126 3 1
103 126 3 3
62 126 3 3
38 126 3 3
50 126 3 2
144 126 3 1
45 78 3 3
59 78 3 1
100 78 3 1
13 78 3 1
23 78 3 1
48 78 3 1
65 51 3 2
12 27 3 2
21 27 3 3
8 27 3 3
15 27 3 2
9 15 3 2
9 12 3 3
14 48 3 2
24 48 3 3
63 48 3 2
55 48 3 1
20 48 3 3
25 48 3 1
41 48 3 1
43 48 3 3
68 48 3 3
47 94 3 3
47 87 3 2
87 151 3 1
39 171 3 2
39 94 3 1
67 99 3 3
85 71 3 3
73 70 3 3
54 75 3 1
74 89 3 1
33 89 3 2
73 89 3 3
37 89 3 3
63 136 3 1
82 75 3 2
72 136 3 3
45 61 3 2
37 61 3 1
82 103 3 2
53 64 3 1
82 64 3 2
30 39 3 2
9 39 3 3
16 39 3 3
8 39 3 1
26 39 3 3
16 39 3 1
15 39 3 2
15 22 3 3
3 17 3 1
3 17 3 1
9 17 3 2
72 133 3 3
61 65 3 3
51 65 3 3
33 42 3 1
10 23 3 3
23 23 3 2
34 225 3 3
47 79 3 2
13 79 3 1
51 79 3 2
65 141 3 2
46 93 3 3
18 48 3 2
28 48 3 2
29 128 3 1
45 73 3 1
37 128 3 2
45 55 3 2
34 123 3 2
72 74 3 3
45 84 3 2
27 76 3 1
27 130 3 1
45 72 3 2
14 50 3 1
31 50 3 1
54 76 3 1
54 91 3 3
54 67 3 3
54 113 3 1
54 195 3 3
54 79 3 2
18 45 3 3
36 45 3 3
34 117 3 3
39 117 3 2
73 77 3 1
73 64 3 3
73 75 3 2
73 142 3 3
73 80 3 1
73 53 3 1
35 63 3 2
38 63 3 3
85 95 3 1
55 163 3 1
30 74 3 2
30 89 3 1
36 95 3 3
49 95 3 3
85 104 3 2
85 115 3 3
46 98 3 3
39 98 3 3
67 80 3 2
67 104 3 2
67 97 3 2
67 98 3 3
67 85 3 1
67 178 3 3
25 193 3 1
67 127 3 1
50 72 3 2
38 164 3 2
53 165 3 3
66 88 3 1
32 103 3 2
46 103 3 2
76 103 3 2
44 103 3 3
33 62 3 2
68 62 3 3
26 62 3 1
20 62 3 3
51 62 3 1
66 77 3 1
72 83 3 2
63 106 3 1
45 84 3 1
56 84 3 1
41 84 3 3
20 84 3 1
20 84 3 2
38 87 3 2
23 87 3 3
27 87 3 1
55 87 3 1
13 87 3 2
26 57 3 2
26 30 3 3
47 182 3 3
82 76 3 3
53 76 3 1
59 66 3 1
39 329 3 2
37 126 3 1
37 119 3 2
37 84 3 1
59 74 3 1
59 79 3 1
59 110 3 3
47 68 3 2
47 72 3 3
47 83 3 3
63 118 3 3
63 82 3 2
39 82 3 3
24 103 3 2
24 60 3 2
24 107 3 1
39 84 3 2
39 104 3 1
72 90 3 2
72 94 3 1
72 56 3 2
72 96 3 2
72 157 3 3
38 105 3 1
38 179 3 3
38 293 3 1
50 150 3 2
50 81 3 1
50 137 3 2
50 82 3 3
50 103 3 2
50 116 3 3
67 128 3 1
67 128 3 1
67 98 3 1
40 82 3 3
27 72 3 2
27 57 3 2
27 54 3 3
27 77 3 1
40 112 3 1
20 66 3 2
20 42 3 2
20 24 3 3
25 62 3 2
25 102 3 3
25 105 3 1
25 103 3 2
25 62 3 2
25 66 3 1
25 48 3 2
64 55 3 1
21 55 3 2
42 55 3 2
61 55 3 1
31 55 3 3
45 55 3 1
41 55 3 3
50 55 3 1
36 55 3 3
38 55 3 3
19 55 3 1
44 55 3 1
21 55 3 3
41 55 3 3
35 55 3 1
48 55 3 2
22 55 3 2
31 55 3 2
43 55 3 3
43 55 3 1
13 55 3 1
34 55 3 1
25 55 3 2
25 55 3 1
36 55 3 1
36 55 3 1
48 55 3 1
62 87 3 1
45 146 3 3
32 152 3 3
59 152 3 1
132 152 3 2
30 152 3 3
102 69 3 1
45 73 3 2
119 152 3 2
63 92 3 2
53 92 3 1
40 92 3 1
90 92 3 1
35 92 3 1
26 92 3 2
60 92 3 2
52 60 3 3
57 60 3 2
22 60 3 2
27 60 3 2
47 60 3 3
60 60 3 1
31 60 3 1
71 60 3 3
45 79 3 1
59 83 3 3
43 83 3 1
67 152 3 2
69 54 3 1
79 152 3 3
33 152 3 2
86 100 3 3
36 152 3 1
76 152 3 1
46 74 3 3
73 79 3 2
41 87 3 3
37 87 3 1
49 87 3 1
54 87 3 3
44 87 3 1
96 87 3 3
35 65 3 3
20 65 3 1
29 65 3 1
32 65 3 1
63 65 3 2
41 65 3 2
23 65 3 3
35 65 3 3
43 65 3 3
73 73 3 1
23 78 3 3
23 78 3 2
28 52 3 2
18 52 3 2
40 52 3 3
69 98 3 1
45 102 3 1
25 56 3 2
20 56 3 3
62 121 3 3
62 96 3 3
76 89 3 3
86 102 3 2
36 134 3 3
70 111 3 1
52 63 3 2
58 62 3 1
43 62 3 2
19 62 3 3
33 62 3 3
12 62 3 3
48 62 3 1
53 62 3 3
75 62 3 2
14 62 3 2
77 62 3 3
60 62 3 1
33 62 3 2
53 62 3 3
63 62 3 3
19 62 3 2
13 28 3 2
13 34 3 2
20 49 3 1
53 49 3 1
57 49 3 1
49 49 3 3
60 49 3 2
28 49 3 2
13 49 3 2
13 49 3 3
43 49 3 3
50 49 3 3
14 49 3 1
35 49 3 1
62 49 3 1
19 49 3 1
27 49 3 1
24 49 3 3
10 49 3 2
15 49 3 3
32 49 3 2
27 49 3 1
22 49 3 1
52 48 3 1
49 83 3 1
53 83 3 1
57 83 3 2
20 83 3 1
45 83 3 3
80 83 3 2
66 83 3 3
20 83 3 3
28 83 3 1
82 83 3 2
50 83 3 1
78 83 3 1
28 83 3 2
139 83 3 3
98 166 3 2
59 78 3 2
97 84 3 2
61 84 3 1
83 84 3 2
76 84 3 2
104 84 3 1
92 84 3 2
36 84 3 2
46 84 3 3
43 52 3 2
43 32 3 2
35 82 3 3
26 82 3 2
71 82 3 2
21 82 3 1
17 82 3 1
53 82 3 2
72 82 3 1
12 82 3 1
43 82 3 2
51 82 3 3
57 82 3 1
69 82 3 1
40 82 3 2
20 82 3 2
30 82 3 3
21 36 3 1
21 46 3 3
24 88 3 3
35 88 3 1
36 226 3 2
86 84 3 2
54 79 3 3
32 79 3 2
86 51 3 3
52 44 3 1
34 44 3 2
76 97 3 3
76 92 3 2
11 82 3 1
65 82 3 2
69 164 2 1
51 234 2 2
97 135 2 2
104 89 2 3
58 135 2 2
96 65 2 3
62 70 2 3
34 70 2 1
63 46 2 3
10 46 2 1
31 46 2 3
78 155 2 3
67 74 2 3
32 171 2 1
53 171 2 2
66 74 2 3
59 171 2 2
20 97 2 1
46 97 2 2
75 116 2 2
48 116 2 3
57 116 2 2
30 116 2 2
63 165 2 2
147 165 2 1
55 88 2 2
61 88 2 1
94 88 2 3
33 163 2 3
90 163 2 1
26 163 2 2
61 163 2 1
50 97 2 2
37 155 2 2
123 155 2 3
72 77 2 1
53 77 2 1
35 77 2 2
79 121 2 1
81 121 2 2
50 157 2 1
50 99 2 1
67 146 2 2
35 139 2 2
32 118 2 3
32 211 2 2
32 112 2 1
32 96 2 1
32 124 2 3
32 102 2 3
19 73 2 2
13 34 2 1
13 39 2 2
35 80 2 3
35 106 2 3
35 165 2 1
35 159 2 1
35 78 2 3
35 109 2 3
78 180 2 3
78 84 2 1
78 140 2 2
78 128 2 2
78 128 2 1
78 113 2 3
28 128 2 2
50 75 2 2
14 53 2 1
16 53 2 1
20 53 2 3
51 96 2 1
51 148 2 1
51 101 2 1
51 161 2 3
51 183 2 2
51 104 2 1
51 82 2 3
51 82 2 3
69 112 2 1
69 84 2 1
29 170 2 2
40 75 2 2
40 95 2 1
69 203 2 2
69 110 2 3
69 138 2 1
69 110 2 2
41 100 2 2
28 100 2 3
76 89 2 3
26 89 2 2
46 89 2 3
44 89 2 1
39 89 2 1
20 89 2 1
97 89 2 1
47 89 2 2
81 89 2 3
83 166 2 2
125 103 2 1
57 90 2 3
37 166 2 3
88 166 2 2
86 166 2 1
57 76 2 1
63 63 2 3
62 63 2 3
118 110 2 1
69 169 2 3
142 169 2 2
56 90 2 2
59 169 2 1
32 88 2 3
32 81 2 2
56 79 2 3
53 123 2 1
63 123 2 3
33 123 2 1
63 123 2 1
36 123 2 2
36 123 2 3
74 123 2 2
55 89 2 1
85 89 2 3
53 89 2 3
36 89 2 3
38 89 2 1
91 89 2 3
62 93 2 3
121 92 2 2
27 92 2 2
45 92 2 3
13 92 2 2
90 92 2 1
50 142 2 1
141 102 2 2
105 102 2 1
79 179 2 1
37 132 2 1
83 149 2 3
47 149 2 1
130 212 2 3
37 141 2 1
37 88 2 2
38 182 2 1
41 182 2 3
50 321 2 1
62 89 2 1
62 178 2 3
62 113 2 2
29 82 2 3
33 82 2 3
76 117 2 2
42 75 2 3
11 42 2 2
31 42 2 1
62 171 2 2
56 171 2 3
63 77 2 2
55 116 2 1
55 121 2 1
55 131 2 1
55 170 2 3
63 150 2 1
63 101 2 2
63 99 2 1
63 111 2 3
71 142 2 2
70 105 2 1
88 133 2 2
90 137 2 1
73 137 2 2
63 137 2 1
74 137 2 3
74 137 2 1
104 137 2 1
48 137 2 3
60 88 2 3
136 89 2 2
49 48 2 3
37 48 2 2
27 48 2 2
23 48 2 3
60 49 2 2
40 124 2 3
32 124 2 1
112 124 2 1
79 124 2 2
88 124 2 3
113 124 2 1
64 124 2 1
30 124 2 1
94 124 2 2
45 124 2 2
25 68 2 3
25 56 2 3
80 175 2 1
83 151 2 3
116 120 2 3
96 120 2 3
97 76 2 3
74 76 2 1
84 76 2 2
31 76 2 2
24 76 2 3
23 76 2 3
14 42 2 2
14 34 2 3
14 44 2 2
31 44 2 3
44 44 2 2
23 44 2 1
19 44 2 3
55 44 2 3
36 44 2 3
17 44 2 2
16 44 2 2
22 44 2 1
40 44 2 3
30 44 2 2
49 136 2 3
108 105 2 1
28 253 2 2
123 96 2 1
26 96 2 1
104 96 2 2
64 96 2 1
57 96 2 1
52 157 2 2
70 86 2 2
58 86 2 1
40 86 2 1
64 86 2 1
51 86 2 1
39 57 2 2
39 29 2 2
65 71 2 3
45 71 2 2
44 71 2 2
67 71 2 3
9 71 2 1
92 71 2 2
65 148 2 3
43 82 2 2
20 66 2 2
23 66 2 3
49 117 2 2
83 95 2 2
83 83 2 3
36 44 2 1
10 44 2 2
16 44 2 2
21 44 2 1
80 102 2 2
17 96 2 2
63 96 2 2
56 94 2 3
32 94 2 3
88 172 2 3
88 134 2 1
88 101 2 1
70 212 2 2
42 123 2 1
28 123 2 2
70 194 2 1
71 131 2 2
71 135 2 3
47 104 2 3
24 109 2 2
24 52 2 3
24 42 2 3
15 23 2 3
9 15 2 2
3 8 2 3
6 8 2 3
47 63 2 1
47 59 2 3
81 179 2 3
52 179 2 1
55 179 2 1
45 179 2 3
71 115 2 3
117 115 2 1
56 115 2 1
29 115 2 1
64 115 2 2
115 115 2 3
89 115 2 2
22 115 2 1
78 115 2 2
77 115 2 2
82 64 2 2
63 64 2 2
65 64 2 3
26 64 2 2
26 64 2 2
34 64 2 3
51 64 2 1
37 64 2 1
25 64 2 3
56 64 2 3
36 64 2 1
18 64 2 3
22 64 2 2
41 64 2 2
19 64 2 3
20 64 2 2
52 64 2 1
45 64 2 2
72 118 2 2
91 126 2 1
31 206 2 2
73 178 2 1
93 146 2 1
73 146 2 1
74 96 2 1
86 96 2 1
59 96 2 3
60 96 2 2
44 96 2 3
25 96 2 1
47 96 2 3
123 96 2 3
11 50 2 1
62 50 2 1
28 50 2 3
21 50 2 2
62 50 2 1
50 50 2 1
57 50 2 2
11 50 2 3
28 50 2 1
26 50 2 2
24 50 2 3
25 50 2 2
41 50 2 1
36 50 2 2
36 50 2 2
46 163 2 2
86 91 2 3
77 163 2 1
46 163 2 3
67 163 2 1
93 163 2 3
152 163 2 1
117 163 2 2
49 72 2 3
37 72 2 2
68 147 2 3
81 147 2 2
91 147 2 2
81 147 2 2
62 147 2 3
84 147 2 3
82 88 2 2
64 84 2 3
40 147 2 1
31 67 2 1
18 80 2 2
13 80 2 1
39 63 2 2
25 63 2 1
38 59 2 3
44 59 2 3
73 127 2 2
73 74 2 1
25 77 2 1
26 77 2 1
22 77 2 1
31 72 2 3
31 72 2 3
31 106 2 1
91 80 2 1
91 118 2 2
51 132 2 3
40 80 2 2
40 52 2 1
72 101 2 1
72 94 2 1
72 143 2 2
64 172 2 1
92 88 2 1
88 133 2 1
165 96 2 3
85 70 2 1
80 70 2 3
55 88 2 1
29 206 2 2
51 171 2 3
30 171 2 3
42 123 2 3
39 80 2 2
24 43 2 1
15 24 2 3
15 19 2 2
81 123 2 3
81 70 2 1
81 153 2 3
81 92 2 1
28 175 2 2
53 121 2 2
53 89 2 1
53 98 2 1
14 63 2 2
39 63 2 1
28 72 2 1
28 81 2 3
28 27 2 2
17 16 2 3
4 16 2 1
7 16 2 3
29 131 2 1
29 67 2 2
29 266 2 3
29 93 2 1
29 75 2 2
29 92 2 2
29 110 2 3
29 63 2 3
55 260 2 2
55 112 2 2
55 103 2 3
55 119 2 3
55 184 2 1
55 237 2 2
88 88 2 1
88 145 2 3
53 116 2 2
35 75 2 2
35 41 2 2
52 108 2 2
36 80 2 1
36 162 2 1
36 74 2 3
36 99 2 1
36 163 2 1
36 112 2 2
36 97 2 3
52 70 2 1
52 193 2 3
52 123 2 3
52 78 2 3
52 126 2 2
52 89 2 3
92 108 2 1
92 140 2 2
92 150 2 1
92 101 2 3
92 74 2 3
92 167 2 2
56 97 2 3
36 97 2 1
92 156 2 1
56 99 2 3
36 51 2 3
11 48 2 3
12 48 2 2
13 48 2 2
57 89 2 1
11 89 2 2
24 59 2 1
24 30 2 2
64 145 2 3
64 89 2 1
64 115 2 3
64 100 2 1
64 160 2 2
64 84 2 3
64 153 2 3
64 123 2 3
26 128 2 3
38 79 2 3
21 49 2 1
17 49 2 2
107 134 2 2
87 111 2 2
89 111 2 1
69 111 2 2
58 111 2 2
97 149 2 1
72 122 2 3
134 116 2 1
57 197 2 1
77 109 2 2
26 88 2 1
51 88 2 2
53 95 2 2
81 95 2 1
88 139 2 1
46 126 2 1
46 92 2 2
46 137 2 1
46 105 2 2
46 132 2 2
46 158 2 2
88 90 2 2
88 129 2 1
53 98 2 3
35 105 2 3
35 103 2 2
35 121 2 1
35 63 2 1
53 144 2 2
53 75 2 1
19 75 2 1
34 75 2 3
72 191 2 2
72 89 2 1
72 144 2 1
72 103 2 2
72 95 2 1
72 126 2 1
72 74 2 3
72 130 2 1
72 84 2 2
97 64 2 3
29 169 2 2
39 169 2 1
29 92 2 2
29 77 2 3
97 107 2 2
97 79 2 3
97 210 2 1
55 132 2 2
42 172 2 2
42 208 2 2
55 248 2 1
51 284 2 1
56 145 2 3
32 139 2 2
24 56 2 1
24 83 2 2
107 145 2 3
107 109 2 1
107 100 2 1
107 176 2 1
107 167 2 3
71 99 2 2
36 69 2 3
36 85 2 1
33 55 2 2
38 55 2 1
95 82 2 2
54 185 2 3
86 139 2 1
62 79 2 1
85 158 2 2
66 94 2 2
48 94 2 3
52 94 2 1
58 94 2 3
110 94 2 1
103 94 2 1
79 64 2 2
60 64 2 2
22 64 2 2
8 64 2 1
17 64 2 1
39 64 2 3
24 64 2 1
64 64 2 3
40 64 2 3
28 64 2 1
56 64 2 1
100 133 2 1
40 130 2 2
58 85 2 1
76 85 2 1
53 85 2 1
27 85 2 2
33 85 2 3
69 85 2 2
66 85 2 3
86 57 2 1
67 153 2 2
40 153 2 2
116 153 2 2
73 153 2 3
48 100 2 3
39 100 2 2
71 100 2 1
51 100 2 3
87 100 2 1
19 99 2 1
56 99 2 2
55 99 2 3
73 99 2 2
44 99 2 2
49 99 2 1
86 103 2 3
86 118 2 1
86 74 2 3
40 63 2 1
40 77 2 1
40 167 2 2
55 304 2 2
45 104 2 3
45 131 2 3
45 69 2 3
62 83 2 2
62 269 2 1
62 94 2 3
62 70 2 2
86 134 2 3
86 193 2 2
86 129 2 2
54 116 2 1
54 148 2 1
54 146 2 2
95 207 2 3
95 97 2 3
40 128 2 3
55 128 2 1
30 81 2 3
37 81 2 2
28 81 2 1
83 92 2 1
117 92 2 3
91 92 2 1
57 92 2 3
60 92 2 1
86 92 2 3
34 92 2 3
62 92 2 1
75 92 2 3
75 92 2 1
33 92 2 3
46 92 2 2
114 113 2 3
97 147 2 2
78 147 2 3
140 147 2 1
146 147 2 2
54 147 2 2
77 64 2 3
51 64 2 2
36 64 2 2
26 64 2 3
91 83 2 3
45 83 2 3
54 83 2 2
63 116 2 2
69 135 2 3
40 135 2 3
107 135 2 1
96 135 2 1
124 135 2 3
73 89 2 2
57 135 2 1
76 135 2 1
15 46 2 3
58 46 2 1
116 123 2 3
73 68 2 1
37 68 2 2
83 68 2 3
35 68 2 3
61 68 2 1
16 68 2 2
31 68 2 2
28 68 2 2
30 68 2 3
64 68 2 2
68 68 2 2
177 154 2 3
45 154 2 1
135 92 2 2
23 92 2 2
146 92 2 3
51 62 2 1
34 62 2 1
40 62 2 3
17 62 2 2
14 62 2 3
40 62 2 2
51 62 2 1
19 62 2 3
38 41 2 1
22 21 2 3
16 21 2 2
44 99 2 3
72 99 2 3
63 241 2 1
71 73 2 2
43 73 2 3
114 101 2 1
114 71 2 2
114 146 2 2
34 77 1 2
24 77 1 3
82 77 1 3
55 77 1 1
42 77 1 1
38 77 1 1
55 77 1 3
87 77 1 2
46 125 1 2
34 68 1 1
76 85 1 3
26 85 1 1
61 85 1 2
28 85 1 2
37 85 1 3
109 85 1 1
44 56 1 1
32 117 1 2
60 109 1 2
80 81 1 1
37 81 1 3
36 81 1 2
48 81 1 3
39 57 1 1
40 57 1 2
34 57 1 3
57 57 1 2
31 57 1 1
63 92 1 2
51 92 1 1
57 59 1 3
18 59 1 3
12 59 1 1
13 33 1 1
14 33 1 3
18 33 1 2
42 33 1 2
55 49 1 2
46 108 1 2
32 105 1 2
68 43 1 1
20 62 1 1
48 62 1 3
58 114 1 1
42 108 1 2
42 56 1 3
11 29 1 1
10 29 1 1
21 29 1 2
37 79 1 3
21 41 1 3
21 38 1 3
46 190 1 1
55 92 1 3
55 89 1 2
55 68 1 3
23 109 1 3
37 138 1 2
37 69 1 1
37 64 1 1
37 56 1 3
37 59 1 2
21 33 1 3
16 33 1 2
23 122 1 3
23 61 1 2
23 127 1 1
32 73 1 1
32 118 1 2
32 60 1 1
32 160 1 2
44 108 1 3
44 102 1 1
44 109 1 2
44 91 1 2
44 62 1 3
34 89 1 3
34 89 1 1
34 76 1 2
34 92 1 2
34 96 1 2
34 66 1 1
18 37 1 3
16 37 1 1
46 66 1 1
46 52 1 3
46 72 1 3
46 105 1 1
46 98 1 1
25 95 1 2
21 45 1 3
21 31 1 2
10 19 1 2
11 19 1 2
82 81 1 2
56 41 1 1
14 41 1 3
7 41 1 1
24 41 1 3
20 41 1 2
38 41 1 1
48 41 1 2
21 41 1 3
33 41 1 3
74 41 1 1
45 78 1 1
35 78 1 3
35 78 1 1
50 45 1 2
29 78 1 1
32 78 1 1
64 78 1 2
45 78 1 2
50 33 1 1
53 61 1 3
45 61 1 1
9 61 1 1
26 61 1 2
74 61 1 1
19 61 1 2
54 61 1 3
20 61 1 3
23 61 1 3
12 61 1 2
73 92 1 3
46 74 1 1
36 74 1 3
81 74 1 3
47 74 1 1
52 37 1 2
27 37 1 2
13 37 1 2
12 37 1 3
39 67 1 1
78 67 1 3
60 40 1 3
34 67 1 2
51 67 1 3
33 27 1 2
27 27 1 2
44 89 1 3
131 89 1 1
87 89 1 2
47 102 1 2
65 97 1 2
51 97 1 2
43 97 1 2
56 97 1 3
47 65 1 1
57 65 1 3
55 65 1 2
56 65 1 2
72 118 1 3
68 118 1 3
75 118 1 2
47 108 1 2
24 70 1 1
23 70 1 1
27 117 1 2
46 101 1 1
46 65 1 1
46 99 1 1
46 92 1 3
46 61 1 3
27 84 1 3
27 111 1 2
27 68 1 2
27 38 1 3
41 115 1 3
41 98 1 2
24 92 1 2
17 44 1 3
17 112 1 1
17 82 1 2
17 91 1 3
17 58 1 1
17 82 1 2
17 42 1 1
24 54 1 3
24 187 1 1
24 118 1 1
24 60 1 2
41 72 1 3
41 72 1 2
41 84 1 2
41 130 1 1
41 52 1 2
20 84 1 2
21 84 1 2
39 105 1 3
66 38 1 1
64 105 1 1
57 105 1 3
33 105 1 3
72 105 1 3
89 105 1 2
45 55 1 1
83 105 1 2
49 105 1 1
40 105 1 2
46 105 1 1
56 105 1 2
95 105 1 2
45 50 1 2
21 67 1 1
11 67 1 1
34 67 1 3
42 160 1 3
37 160 1 2
50 66 1 1
38 102 1 2
34 102 1 3
30 102 1 2
48 102 1 1
61 61 1 1
62 61 1 3
13 61 1 2
16 61 1 2
11 61 1 1
34 61 1 3
29 61 1 3
23 61 1 1
34 61 1 3
10 61 1 3
45 61 1 3
33 61 1 1
20 61 1 3
30 61 1 3
43 61 1 1
48 61 1 3
43 61 1 2
7 41 1 1
33 41 1 1
39 41 1 2
16 41 1 1
28 41 1 3
33 41 1 3
11 41 1 1
32 41 1 3
45 41 1 3
29 41 1 2
23 41 1 3
9 41 1 1
18 41 1 2
29 41 1 3
9 41 1 3
23 41 1 2
20 41 1 3
57 41 1 3
30 41 1 3
18 41 1 1
46 41 1 2
45 58 1 2
42 58 1 2
14 58 1 1
19 58 1 3
25 58 1 1
34 58 1 3
81 58 1 1
48 58 1 3
67 58 1 3
53 58 1 1
32 58 1 1
13 58 1 2
36 58 1 2
35 58 1 1
39 58 1 3
17 58 1 1
53 58 1 3
52 58 1 1
50 94 1 1
40 63 1 1
62 100 1 2
39 101 1 1
69 68 1 2
41 69 1 1
62 92 1 2
47 49 1 2
40 57 1 1
59 57 1 3
32 57 1 1
67 57 1 2
17 57 1 1
54 57 1 1
20 57 1 3
72 57 1 3
43 57 1 1
39 57 1 3
31 57 1 2
50 100 1 1
38 121 1 2
28 81 1 2
33 81 1 3
22 81 1 2
18 81 1 1
50 49 1 3
18 49 1 1
13 49 1 3
37 49 1 2
18 49 1 2
18 49 1 2
45 49 1 1
33 49 1 1
20 49 1 2
19 49 1 3
14 32 1 2
9 17 1 1
5 17 1 3
15 32 1 2
12 32 1 3
18 32 1 2
28 32 1 2
20 32 1 2
29 32 1 3
24 32 1 1
29 32 1 1
34 32 1 1
12 32 1 2
40 32 1 2
24 32 1 2
88 127 1 1
41 60 1 2
24 60 1 1
76 60 1 2
67 60 1 3
37 60 1 2
24 60 1 1
29 60 1 2
42 67 1 1
25 67 1 1
59 67 1 1
46 67 1 1
17 67 1 3
62 67 1 2
31 67 1 3
16 67 1 3
38 56 1 2
22 31 1 2
16 31 1 2
50 51 1 1
22 57 1 3
28 57 1 2
47 117 1 2
25 99 1 1
22 57 1 2
22 42 1 3
28 173 1 2
34 72 1 2
34 101 1 3
41 80 1 1
41 116 1 1
32 81 1 2
37 81 1 2
69 71 1 2
9 45 1 2
22 45 1 1
38 45 1 2
39 60 1 3
39 104 1 2
62 68 1 1
62 64 1 3
17 33 1 1
19 33 1 3
9 33 1 3
17 33 1 1
40 47 1 1
40 79 1 2
40 76 1 1
56 61 1 3
35 65 1 2
36 65 1 1
44 65 1 1
55 65 1 2
16 65 1 1
22 65 1 3
20 65 1 3
21 65 1 1
98 65 1 1
48 103 1 1
23 103 1 3
42 68 1 2
41 68 1 1
33 68 1 3
60 68 1 2
100 68 1 3
23 35 1 2
13 35 1 1
32 35 1 1
30 35 1 1
9 35 1 2
29 35 1 1
18 35 1 3
57 35 1 1
28 35 1 3
37 35 1 2
50 67 1 3
41 67 1 1
30 67 1 2
54 67 1 2
13 67 1 2
17 67 1 3
41 67 1 1
59 67 1 3
42 67 1 1
55 57 1 3
55 102 1 2
19 134 1 3
57 93 1 2
33 93 1 3
52 93 1 1
76 93 1 3
38 66 1 3
43 66 1 2
16 66 1 2
55 41 1 1
66 41 1 2
10 25 1 3
24 25 1 2
10 25 1 2
16 25 1 1
15 25 1 2
19 25 1 1
16 25 1 1
11 25 1 3
107 136 1 2
111 136 1 2
19 46 1 3
19 115 1 3
29 84 1 1
26 64 1 3
26 81 1 1
26 48 1 2
29 109 1 2
55 105 1 1
55 133 1 3
56 69 1 1
34 123 1 3
22 53 1 3
22 70 1 1
56 78 1 2
56 69 1 3
56 130 1 3
55 79 1 3
55 79 1 1
47 79 1 2
49 47 1 1
11 47 1 1
36 47 1 3
28 47 1 3
26 47 1 2
24 47 1 2
32 47 1 1
40 47 1 1
26 32 1 3
22 32 1 1
26 32 1 3
29 32 1 2
22 32 1 2
21 32 1 2
26 32 1 3
25 32 1 2
13 32 1 2
36 32 1 2
85 77 1 3
43 77 1 3
16 77 1 1
61 77 1 2
42 77 1 3
85 77 1 3
39 77 1 1
32 51 1 2
32 26 1 2
33 101 1 3
53 59 1 1
31 86 1 3
67 95 1 1
20 95 1 3
34 95 1 3
13 95 1 1
88 95 1 1
38 95 1 2
26 57 1 2
26 38 1 1
38 158 1 1
37 144 1 1
72 91 1 3
31 91 1 3
68 91 1 2
40 91 1 3
53 188 1 2
57 116 1 2
41 55 1 2
60 188 1 1
41 133 1 3
57 72 1 2
37 135 1 1
38 121 1 2
31 84 1 2
31 88 1 2
31 55 1 2
11 61 1 1
20 34 1 3
9 27 1 2
11 27 1 2
53 84 1 1
53 49 1 3
53 113 1 2
20 69 1 3
33 69 1 3
33 117 1 3
33 91 1 1
33 43 1 1
5 22 1 2
9 22 1 2
9 22 1 1
5 22 1 3
5 11 1 1
3 11 1 2
2 7 1 1
1 4 1 2
1 4 1 3
37 174 1 2
76 86 1 2
78 70 1 3
80 76 1 1
43 93 1 3
44 93 1 3
39 93 1 1
80 93 1 3
50 93 1 3
82 60 1 2
48 47 1 1
22 47 1 1
39 47 1 1
24 47 1 3
38 47 1 3
26 47 1 1
23 46 1 2
13 46 1 2
30 46 1 2
17 46 1 1
41 46 1 1
34 46 1 1
22 46 1 1
9 46 1 1
8 46 1 1
30 33 1 1
28 33 1 3
7 33 1 1
17 33 1 2
79 81 1 3
30 81 1 2
37 81 1 3
46 50 1 2
73 81 1 3
74 81 1 1
26 81 1 3
32 81 1 1
24 81 1 1
114 81 1 3
10 31 1 1
12 31 1 1
10 31 1 3
14 31 1 2
24 98 1 1
36 61 1 2
20 39 1 1
9 22 1 2
6 22 1 3
5 13 1 3
5 9 1 2
20 37 1 2
36 37 1 1
78 104 1 2
49 88 1 1
27 88 1 1
43 171 1 3
67 98 1 1
20 98 1 3
26 98 1 2
52 44 1 1
40 98 1 2
86 98 1 2
54 42 1 3
36 42 1 1
20 42 1 1
31 42 1 3
14 42 1 3
28 42 1 3
16 42 1 2
11 42 1 3
25 42 1 3
62 42 1 1
45 42 1 1
29 42 1 3
60 42 1 1
41 42 1 1
71 56 1 3
48 56 1 1
30 56 1 3
11 56 1 3
50 56 1 1
18 56 1 2
66 56 1 2
21 56 1 3
58 56 1 2
13 56 1 1
53 56 1 3
33 56 1 2
19 54 1 3
33 54 1 3
30 73 1 1
22 73 1 2
110 73 1 3
73 73 1 3
18 73 1 2
67 73 1 3
25 73 1 1
74 73 1 3
74 73 1 3
47 73 1 3
45 73 1 2
63 73 1 3
65 73 1 3
50 73 1 1
29 100 1 3
25 100 1 3
64 100 1 2
57 100 1 3
121 100 1 2
41 100 1 1
85 100 1 3
28 100 1 3
125 100 1 1
24 100 1 2
43 100 1 3
102 59 1 3
16 59 1 1
46 59 1 3
10 41 1 1
20 41 1 1
38 41 1 3
11 41 1 2
32 41 1 3
9 41 1 3
14 41 1 3
16 41 1 2
14 41 1 3
39 58 1 1
38 58 1 2
32 58 1 2
14 58 1 1
62 58 1 2
9 58 1 2
56 58 1 3
46 58 1 2
39 58 1 3
13 58 1 1
37 58 1 3
10 58 1 3
37 58 1 2
46 58 1 1
33 58 1 2
56 58 1 3
29 58 1 1
40 58 1 3
30 58 1 3
16 58 1 2
72 58 1 2
15 58 1 3
37 58 1 1
68 98 1 3
40 56 1 1
12 56 1 2
45 56 1 3
36 56 1 3
51 56 1 1
17 56 1 2
60 56 1 3
36 56 1 1
62 56 1 1
31 56 1 2
46 56 1 1
21 56 1 2
21 56 1 3
18 56 1 3
44 56 1 2
24 56 1 1
21 56 1 3
8 56 1 3
24 56 1 2
40 56 1 2
18 56 1 3
37 56 1 1
26 56 1 2
18 42 1 2
26 42 1 2
16 42 1 1
21 42 1 1
16 42 1 2
34 42 1 3
31 42 1 1
11 42 1 2
42 42 1 2
26 42 1 2
6 42 1 2
22 42 1 1
34 42 1 3
24 42 1 3
33 42 1 1
39 42 1 3
7 42 1 3
16 42 1 2
29 42 1 2
18 42 1 3
36 42 1 2
17 42 1 3
24 42 1 1
27 42 1 3
19 42 1 3
27 42 1 3
19 42 1 3
20 42 1 3
29 42 1 2
24 42 1 3
27 42 1 3
74 89 1 1
37 89 1 2
70 89 1 3
34 89 1 3
28 89 1 3
20 89 1 2
17 89 1 1
48 89 1 1
54 89 1 1
15 89 1 1
61 89 1 1
96 89 1 1
20 89 1 2
20 89 1 2
47 48 1 1
22 48 1 2
31 48 1 3
32 48 1 2
20 48 1 1
32 48 1 1
28 48 1 3
40 41 1 3
53 41 1 1
44 41 1 1
22 41 1 2
16 41 1 1
37 41 1 2
48 114 1 1
22 114 1 1
60 67 1 1
25 67 1 1
19 67 1 1
20 67 1 1
34 67 1 3
29 67 1 1
58 67 1 3
47 67 1 2
21 67 1 2
62 67 1 1
45 67 1 3
57 67 1 2
66 67 1 3
35 43 1 1
35 24 1 1
32 47 1 3
17 47 1 1
56 47 1 1
24 47 1 3
19 47 1 1
7 47 1 3
37 47 1 3
9 47 1 1
10 47 1 2
22 47 1 1
40 47 1 3
28 47 1 1
33 47 1 2
64 47 1 2
46 47 1 3
28 47 1 2
16 47 1 1
14 47 1 2
14 47 1 1
24 47 1 3
12 47 1 2
26 47 1 2
30 84 1 1
51 122 1 1
39 54 1 1
36 61 1 1
47 133 1 2
41 56 1 2
27 56 1 1
33 56 1 3
36 56 1 3
48 56 1 1
78 56 1 2
58 56 1 2
24 56 1 2
100 56 1 2
41 77 1 2
28 77 1 3
21 77 1 2
50 77 1 3
59 77 1 2
40 77 1 1
79 77 1 1
59 77 1 3
38 77 1 3
30 77 1 3
28 75 1 3
47 51 1 1
52 46 1 3
46 46 1 1
47 46 1 1
23 46 1 1
20 46 1 2
26 46 1 2
31 46 1 3
22 46 1 3
40 46 1 1
62 46 1 1
16 46 1 1
9 46 1 1
23 46 1 1
42 72 1 2
21 72 1 2
24 72 1 3
17 72 1 3
25 72 1 1
55 72 1 2
84 72 1 1
35 72 1 3
66 72 1 3
15 72 1 3
33 72 1 2
47 43 1 3
16 24 1 3
31 24 1 2
12 43 1 2
16 43 1 2
36 48 1 1
36 60 1 3
36 82 1 3
39 69 1 1
39 49 1 3
39 79 1 2
51 129 1 1
30 54 1 1
30 64 1 1
30 49 1 3
35 135 1 2
27 97 1 1
17 97 1 1
56 97 1 2
76 97 1 3
43 97 1 2
72 97 1 3
69 97 1 1
36 97 1 2
20 97 1 1
49 53 1 1
26 53 1 1
23 53 1 3
47 53 1 2
52 53 1 2
18 44 1 2
19 44 1 3
14 44 1 2
26 44 1 2
33 44 1 2
42 44 1 3
19 44 1 3
26 44 1 2
37 168 1 3
57 108 1 1
33 62 1 2
37 166 1 3
49 91 1 1
45 59 1 3
34 100 1 2
37 133 1 2
73 82 1 1
51 133 1 2
57 60 1 1
64 60 1 3
39 60 1 3
51 73 1 1
57 73 1 3
31 73 1 1
21 73 1 3
22 51 1 3
18 51 1 1
11 51 1 3
22 51 1 2
85 135 1 2
50 87 1 2
45 49 1 1
86 87 1 1
55 87 1 2
9 38 1 2
36 38 1 2
32 48 1 3
50 48 1 2
20 48 1 2
43 48 1 3
15 48 1 2
14 48 1 1
36 48 1 3
26 48 1 1
34 62 1 2
34 106 1 3
45 67 1 2
45 142 1 3
49 177 1 3
37 62 1 3
37 40 1 2
33 100 1 3
33 60 1 3
11 46 1 2
14 46 1 1
8 27 1 1
8 19 1 2
57 83 1 2
57 49 1 3
10 28 1 2
5 28 1 2
14 28 1 3
28 28 1 2
37 58 1 3
37 42 1 1
35 89 1 2
35 85 1 1
18 56 1 3
17 32 1 1
17 24 1 3
67 74 1 3
25 74 1 3
17 74 1 2
32 74 1 1
41 74 1 2
33 74 1 3
20 74 1 2
13 74 1 2
44 74 1 2
53 74 1 3
33 74 1 1
52 46 1 2
48 46 1 3
6 46 1 2
46 46 1 1
30 46 1 1
50 46 1 3
15 46 1 3
28 46 1 2
16 46 1 3
7 46 1 2
19 46 1 3
42 46 1 1
51 46 1 2
34 46 1 3
39 46 1 3
17 46 1 2
16 46 1 1
47 46 1 1
32 46 1 1
14 46 1 3
56 46 1 3
23 46 1 2
18 46 1 1
44 46 1 2
34 46 1 1
23 46 1 3
25 46 1 1
29 46 1 3
15 46 1 3
23 46 1 2
19 27 1 2
5 19 1 3
14 19 1 2
10 28 1 3
15 28 1 3
36 28 1 2
24 28 1 1
29 28 1 1
24 28 1 1
12 28 1 2
10 28 1 2
19 28 1 1
33 28 1 1
28 28 1 2
30 28 1 1
11 28 1 2
14 28 1 1
22 28 1 2
14 28 1 3
17 28 1 2
28 28 1 3
13 28 1 2
29 28 1 3
17 28 1 3
8 28 1 1
18 28 1 1
34 28 1 1
25 28 1 3
20 28 1 3
10 28 1 3
9 28 1 1
9 28 1 1
18 28 1 2
23 28 1 2
14 28 1 3
13 28 1 3
16 28 1 2
12 28 1 2
23 28 1 3
10 28 1 2
26 28 1 1
17 28 1 1
8 28 1 1
6 28 1 2
21 28 1 3
8 28 1 1
7 28 1 2
14 28 1 2
10 28 1 1
19 28 1 3
14 28 1 3
15 28 1 2
28 28 1 2
28 28 1 1
36 123 1 2
75 123 1 1
27 123 1 3
21 123 1 3
43 123 1 1
51 45 1 2
14 45 1 1
35 45 1 1
35 45 1 1
14 45 1 2
13 45 1 2
35 45 1 2
8 45 1 3
40 45 1 3
41 45 1 2
26 45 1 2
9 45 1 3
12 45 1 3
26 45 1 1
27 45 1 1
24 45 1 1
53 45 1 1
19 45 1 1
35 45 1 2
27 45 1 1
36 45 1 2
44 45 1 2
20 45 1 2
26 45 1 3
32 45 1 1
18 45 1 3
31 45 1 2
37 45 1 3
30 45 1 3
31 45 1 2
44 45 1 1
29 45 1 3
27 45 1 2
27 45 1 1
33 45 1 2
24 45 1 3
38 45 1 1
23 45 1 1
18 78 1 3
34 78 1 1
55 78 1 1
20 78 1 1
53 78 1 3
19 78 1 3
60 78 1 2
31 78 1 2
55 78 1 1
66 78 1 1
74 78 1 1
20 78 1 2
54 78 1 2
37 78 1 3
48 78 1 2
74 78 1 1
66 78 1 2
53 78 1 3
20 78 1 3
39 78 1 3
68 78 1 1
24 78 1 2
19 78 1 3
23 78 1 2
41 78 1 2
23 78 1 2
41 92 1 1
34 60 1 1
18 60 1 1
16 60 1 1
19 60 1 1
11 60 1 1
59 60 1 1
95 60 1 2
53 60 1 3
20 60 1 1
20 60 1 1
47 60 1 2
76 60 1 3
8 60 1 2
18 60 1 2
62 60 1 3
27 60 1 1
50 60 1 1
48 60 1 1
55 38 1 1
14 38 1 2
14 38 1 2
11 38 1 2
8 38 1 1
13 38 1 3
36 38 1 3
36 38 1 3
11 38 1 1
32 38 1 1
16 38 1 2
16 38 1 1
27 38 1 1
37 38 1 1
23 38 1 1
15 38 1 3
38 38 1 1
30 38 1 1
14 38 1 2
23 38 1 3
31 38 1 2
28 38 1 2
46 38 1 1
20 22 1 3
9 22 1 1
14 22 1 2
13 22 1 1
11 22 1 1
7 22 1 1
7 22 1 2
16 22 1 1
10 22 1 2
11 22 1 3
7 22 1 1
13 22 1 1
29 22 1 2
14 22 1 1
8 22 1 3
22 22 1 3
4 22 1 1
21 22 1 2
9 22 1 2
20 22 1 1
19 22 1 2
8 22 1 2
7 22 1 3
11 22 1 1
15 22 1 3
15 22 1 3
8 22 1 1
5 22 1 2
20 22 1 2
21 22 1 1
16 22 1 3
4 22 1 3
3 22 1 1
6 22 1 3
19 22 1 2
23 22 1 3
20 22 1 3
12 22 1 3
15 22 1 3
13 22 1 3
24 22 1 1
5 22 1 3
13 22 1 2
7 22 1 3
33 63 1 1
64 63 1 2
18 63 1 1
32 63 1 3
45 63 1 3
42 63 1 3
53 63 1 2
36 63 1 3
43 63 1 1
37 63 1 1
59 63 1 2
16 63 1 2
23 63 1 2
38 63 1 3
40 63 1 1
37 63 1 2
47 63 1 2
44 63 1 2
15 63 1 2
9 63 1 2
24 63 1 1
45 63 1 2
19 63 1 3
38 63 1 3
84 63 1 3
37 63 1 2
66 63 1 1
57 63 1 1
32 63 1 3
54 63 1 1
30 63 1 3
13 63 1 1
25 39 1 3
12 24 1 1
4 24 1 1
9 24 1 3
31 75 1 3
72 75 1 2
72 75 1 2
31 75 1 1
38 75 1 3
26 75 1 1
39 75 1 1
56 75 1 1
45 75 1 2
32 75 1 2
65 75 1 1
46 75 1 3
17 75 1 1
30 75 1 2
29 75 1 3
61 75 1 1
40 75 1 3
48 75 1 1
38 75 1 2
70 75 1 3
29 75 1 2
31 75 1 2
66 75 1 1
46 75 1 1
33 75 1 3
27 75 1 2
76 75 1 1
34 75 1 1
27 75 1 3
41 62 1 1
15 44 1 3
26 44 1 3
28 80 1 1
50 80 1 3
38 80 1 1
20 80 1 3
63 80 1 1
52 80 1 3
54 80 1 2
51 80 1 3
29 80 1 3
32 80 1 2
50 80 1 3
24 80 1 3
45 80 1 1
46 80 1 3
50 88 1 1
41 51 1 2
16 134 1 2
96 65 1 2
42 134 1 2
43 50 1 3
57 50 1 2
15 50 1 3
46 50 1 1
26 50 1 3
25 50 1 1
24 50 1 1
32 50 1 1
69 50 1 2
32 84 1 1
55 84 1 1
18 84 1 3
55 84 1 3
33 84 1 1
27 84 1 1
47 44 1 3
29 44 1 1
41 44 1 1
10 40 1 1
14 40 1 3
21 40 1 3
11 40 1 3
8 40 1 1
8 40 1 2
6 40 1 1
39 40 1 3
43 69 1 3
53 69 1 1
36 79 1 2
62 79 1 3
31 79 1 1
32 79 1 1
36 79 1 1
69 45 1 1
61 45 1 1
32 45 1 2
44 45 1 2
53 45 1 3
35 45 1 2
51 34 1 1
33 34 1 2
16 34 1 1
22 34 1 3
23 34 1 1
17 34 1 1
7 34 1 3
45 34 1 3
23 34 1 1
26 34 1 2
31 34 1 1
61 52 1 2
18 102 1 3
61 102 1 1
45 50 1 1
14 50 1 1
26 50 1 3
55 50 1 3
48 50 1 2
51 50 1 2
14 50 1 2
18 50 1 1
33 50 1 3
47 50 1 3
21 52 1 1
37 52 1 2
25 52 1 1
22 52 1 3
29 52 1 1
66 52 1 2
32 52 1 2
30 52 1 1
27 52 1 2
62 52 1 1
38 50 1 2
23 50 1 2
41 42 1 1
41 85 1 1
41 137 1 2
50 61 1 3
50 53 1 2
50 57 1 2
7 56 1 1
43 56 1 1
78 67 1 2
68 42 1 2
23 42 1 3
18 42 1 2
24 42 1 2
42 42 1 1
21 42 1 2
19 42 1 1
22 42 1 2
35 42 1 3
36 42 1 1
16 42 1 2
57 42 1 1
48 42 1 2
10 42 1 2
40 42 1 1
25 42 1 2
42 89 1 2
51 43 1 2
40 59 1 1
47 89 1 1
47 51 1 1
24 51 1 1
18 51 1 2
61 51 1 2
27 51 1 1
32 51 1 1
15 51 1 3
34 51 1 2
33 51 1 3
33 51 1 3
19 38 1 3
24 38 1 2
12 38 1 3
33 38 1 2
33 38 1 1
21 38 1 2
41 38 1 2
28 38 1 2
28 38 1 2
13 38 1 2
33 38 1 1
9 38 1 3
30 38 1 1
13 30 1 1
27 30 1 2
51 46 1 3
53 83 1 2
30 85 1 1
48 122 1 2
29 122 1 2
33 122 1 3
89 60 1 2
19 60 1 3
31 60 1 3
54 60 1 1
19 60 1 2
40 60 1 3
36 60 1 3
23 60 1 3
66 62 1 2
40 62 1 1
48 62 1 3
40 62 1 1
17 62 1 1
23 62 1 2
20 62 1 3
57 62 1 1
48 51 1 2
59 72 1 3
85 72 1 1
55 72 1 1
52 72 1 1
19 72 1 2
28 72 1 2
75 72 1 2
18 70 1 3
65 46 1 1
29 46 1 3
26 46 1 1
41 46 1 1
36 46 1 3
25 46 1 2
28 46 1 2
48 46 1 2
6 46 1 1
29 46 1 3
22 46 1 3
29 24 1 2
8 24 1 3
24 24 1 3
11 24 1 1
21 24 1 2
16 24 1 1
8 24 1 3
15 24 1 3
18 24 1 3
5 24 1 3
12 24 1 3
28 24 1 3
17 24 1 2
9 24 1 3
4 24 1 2
6 24 1 2
12 24 1 1
9 24 1 2
5 24 1 2
25 24 1 2
29 24 1 3
6 24 1 1
8 24 1 2
30 24 1 2
29 91 1 3
19 47 1 2
19 44 1 3
30 73 1 1
30 59 1 3
30 47 1 1
53 103 1 3
53 78 1 1
78 74 1 2
36 74 1 1
42 86 1 3
42 76 1 3
42 92 1 3
36 79 1 1
36 101 1 2
57 108 1 3
42 50 1 1
63 93 1 2
30 73 1 3
82 64 1 2
40 64 1 2
28 64 1 3
19 64 1 1
13 64 1 3
23 64 1 3
52 64 1 3
79 64 1 3
21 64 1 2
44 64 1 1
17 64 1 1
53 64 1 3
80 64 1 2
67 64 1 2
46 64 1 1
60 64 1 1
21 64 1 3
50 64 1 3
62 64 1 3
49 64 1 3
66 64 1 2
20 118 1 1
45 118 1 3
45 62 1 3
9 62 1 2
48 62 1 1
36 62 1 3
60 62 1 3
32 62 1 2
15 62 1 2
26 62 1 1
56 62 1 2
54 62 1 2
25 62 1 2
34 62 1 3
32 62 1 2
37 62 1 2
27 62 1 2
69 62 1 2
20 62 1 2
41 62 1 3
14 62 1 1
22 62 1 3
61 62 1 1
68 62 1 3
30 62 1 1
46 62 1 2
27 56 1 2
45 56 1 1
13 56 1 3
38 56 1 1
48 56 1 3
30 56 1 2
52 56 1 2
29 56 1 1
23 56 1 1
34 56 1 3
69 56 1 2
36 56 1 1
43 56 1 2
21 56 1 2
61 56 1 2
54 56 1 2
15 56 1 1
27 56 1 2
12 56 1 3
30 56 1 3
66 56 1 1
22 56 1 1
10 56 1 3
63 56 1 1
39 56 1 3
30 58 1 2
30 51 1 1
63 89 1 3
42 49 1 3
42 83 1 1
30 74 1 3
27 74 1 1
43 92 1 2
37 93 1 1
38 55 1 3
40 55 1 3
55 55 1 1
44 55 1 2
23 55 1 3
13 55 1 2
47 55 1 2
58 55 1 3
52 55 1 2
58 55 1 3
60 55 1 3
28 55 1 1
14 55 1 3
14 55 1 1
45 55 1 1
50 55 1 2
42 55 1 1
53 55 1 3
20 55 1 1
41 55 1 1
20 55 1 3
57 55 1 3
34 55 1 2
32 55 1 3
24 55 1 3
14 55 1 1
40 55 1 3
68 55 1 1
36 128 1 3
48 66 1 3
31 66 1 1
30 66 1 3
17 66 1 1
73 66 1 3
76 66 1 2
63 66 1 2
55 41 1 3
31 41 1 1
12 41 1 2
27 41 1 1
41 41 1 2
22 41 1 1
5 41 1 1
25 41 1 1
43 41 1 3
19 41 1 1
34 41 1 3
19 41 1 2
19 41 1 3
23 41 1 3
27 41 1 2
46 41 1 2
26 41 1 3
17 41 1 1
41 41 1 1
32 41 1 3
46 41 1 1
13 41 1 2
11 41 1 1
11 41 1 1
36 41 1 1
29 41 1 2
11 25 1 1
16 25 1 1
30 25 1 3
13 25 1 1
21 25 1 3
14 25 1 1
23 25 1 1
13 25 1 2
6 25 1 2
10 25 1 3
15 25 1 1
12 25 1 2
6 25 1 2
3 25 1 1
6 25 1 2
20 25 1 3
6 25 1 2
20 25 1 3
12 25 1 2
23 25 1 3
20 25 1 1
26 25 1 3
32 25 1 1
16 25 1 1
10 25 1 1
10 25 1 1
18 25 1 1
33 25 1 2
18 25 1 3
17 25 1 2
26 25 1 2
12 25 1 1
16 25 1 1
32 25 1 2
10 25 1 1
12 25 1 2
10 25 1 1
12 25 1 1
11 25 1 2
36 25 1 1
10 25 1 3
10 25 1 1
12 25 1 3
21 25 1 3
37 62 1 1
51 62 1 1
37 62 1 1
45 62 1 2
31 62 1 3
16 62 1 2
27 62 1 1
27 62 1 2
38 62 1 3
71 62 1 2
24 62 1 2
32 62 1 1
55 62 1 3
32 62 1 1
61 62 1 1
93 62 1 3
26 62 1 2
71 62 1 1
69 62 1 3
51 62 1 2
43 62 1 1
30 62 1 1
41 62 1 1
40 62 1 3
37 43 1 1
10 47 1 2
27 47 1 1
43 91 1 3
66 102 0 3
42 145 0 1
55 71 0 1
61 145 0 2
35 74 0 1
20 42 0 1
20 32 0 1
35 85 0 1
63 95 0 3
60 82 0 3
60 76 0 2
60 159 0 1
60 129 0 2
60 100 0 3
60 102 0 1
60 90 0 2
60 85 0 2
15 70 0 2
45 70 0 3
63 152 0 1
63 89 0 3
63 79 0 3
63 139 0 1
63 116 0 3
63 48 0 3
63 111 0 3
63 64 0 2
35 95 0 2
35 74 0 3
35 106 0 3
35 62 0 1
35 121 0 2
35 57 0 1
35 125 0 3
35 43 0 1
35 76 0 3
35 49 0 3
66 111 0 3
66 149 0 1
66 73 0 3
66 59 0 3
66 115 0 1
66 84 0 2
42 75 0 2
24 121 0 1
24 65 0 2
24 66 0 2
24 93 0 2
42 77 0 1
42 115 0 3
42 78 0 1
55 99 0 1
57 99 0 2
45 99 0 1
67 53 0 2
18 46 0 1
49 46 0 1
44 153 0 1
53 58 0 3
33 85 0 1
54 85 0 1
40 48 0 1
40 37 0 2
63 112 0 2
64 112 0 2
53 49 0 2
46 49 0 3
28 49 0 1
52 70 0 1
37 166 0 2
38 66 0 2
23 100 0 1
15 59 0 2
15 41 0 2
75 47 0 3
40 176 0 3
35 66 0 1
35 110 0 2
75 110 0 2
75 77 0 3
48 117 0 3
27 57 0 2
27 60 0 1
52 79 0 2
52 98 0 3
52 91 0 3
52 168 0 2
52 100 0 1
52 87 0 1
53 94 0 2
53 83 0 3
53 98 0 2
53 178 0 2
53 64 0 2
29 172 0 2
24 110 0 3
24 88 0 2
24 59 0 2
24 62 0 2
24 45 0 3
29 91 0 2
29 56 0 2
29 45 0 1
44 175 0 1
44 177 0 3
44 83 0 1
44 108 0 3
44 243 0 3
51 139 0 3
107 139 0 1
39 67 0 2
52 67 0 1
44 67 0 3
19 67 0 2
30 67 0 2
20 67 0 1
86 67 0 2
26 72 0 1
34 72 0 3
59 46 0 3
14 46 0 1
22 46 0 2
21 46 0 2
10 46 0 2
23 46 0 1
19 46 0 2
24 46 0 3
19 46 0 2
19 46 0 3
31 26 0 3
21 26 0 2
23 26 0 2
28 26 0 3
17 26 0 1
20 26 0 2
4 26 0 1
13 26 0 3
24 26 0 3
15 26 0 1
20 26 0 3
14 26 0 3
52 69 0 1
52 69 0 2
41 69 0 2
65 69 0 1
46 69 0 2
26 69 0 2
63 69 0 3
45 69 0 2
58 69 0 1
50 61 0 3
23 61 0 3
57 61 0 1
8 61 0 1
31 61 0 3
32 61 0 1
32 61 0 3
52 61 0 1
65 61 0 2
59 61 0 2
39 61 0 2
95 172 0 2
95 172 0 2
48 57 0 1
53 65 0 2
36 65 0 1
16 65 0 3
38 65 0 3
28 65 0 3
39 65 0 1
45 107 0 3
41 68 0 2
66 68 0 2
58 45 0 2
20 23 0 1
17 23 0 1
21 23 0 3
18 39 0 3
36 39 0 1
41 39 0 3
13 39 0 1
12 39 0 3
21 39 0 2
24 39 0 1
48 72 0 1
48 43 0 1
42 67 0 1
62 114 0 2
65 48 0 3
36 76 0 2
53 60 0 3
57 60 0 1
28 60 0 3
13 60 0 3
11 60 0 3
19 60 0 3
37 60 0 3
8 60 0 3
17 60 0 2
60 105 0 1
30 105 0 1
88 105 0 2
65 105 0 3
64 82 0 3
62 82 0 1
77 82 0 3
21 82 0 1
19 33 0 3
19 30 0 3
9 19 0 1
10 19 0 2
49 86 0 2
16 86 0 1
18 86 0 1
59 86 0 3
31 86 0 1
70 86 0 3
53 108 0 1
89 68 0 1
63 108 0 2
38 70 0 3
38 38 0 1
25 40 0 1
37 40 0 1
27 40 0 3
36 80 0 1
36 60 0 1
36 108 0 3
36 55 0 3
36 62 0 1
65 134 0 1
65 60 0 2
65 63 0 2
65 65 0 2
65 71 0 1
62 53 0 2
62 74 0 1
24 118 0 3
38 58 0 1
38 60 0 3
62 82 0 2
42 90 0 1
42 85 0 1
42 83 0 3
42 49 0 2
42 67 0 2
54 49 0 3
34 49 0 3
26 49 0 1
14 49 0 1
5 49 0 1
33 49 0 2
32 49 0 1
29 49 0 3
18 49 0 1
39 49 0 1
7 49 0 3
34 49 0 1
8 49 0 2
35 49 0 2
23 49 0 3
65 75 0 1
49 81 0 2
34 81 0 2
19 81 0 1
47 81 0 1
19 81 0 3
50 81 0 2
38 81 0 2
32 81 0 2
38 81 0 2
41 118 0 2
48 55 0 3
67 68 0 3
64 68 0 2
55 68 0 3
51 68 0 3
22 50 0 1
23 50 0 2
22 50 0 1
21 50 0 3
20 50 0 2
43 50 0 1
48 50 0 2
17 50 0 1
21 50 0 1
17 63 0 3
31 63 0 2
62 76 0 1
63 45 0 1
39 45 0 2
9 45 0 2
33 45 0 1
8 45 0 3
43 45 0 2
33 45 0 1
7 45 0 3
29 45 0 2
46 163 0 2
83 94 0 2
42 67 0 3
93 84 0 3
40 79 0 2
53 47 0 3
32 32 0 2
10 32 0 2
11 32 0 1
42 47 0 3
19 49 0 1
23 49 0 3
48 69 0 3
35 44 0 3
10 25 0 1
25 25 0 3
78 102 0 2
69 102 0 2
117 102 0 1
50 113 0 2
14 113 0 2
81 113 0 1
119 113 0 1
50 51 0 1
29 51 0 2
40 51 0 2
21 51 0 1
33 51 0 3
42 51 0 3
49 51 0 1
50 160 0 2
73 102 0 1
83 102 0 2
58 102 0 3
39 58 0 3
22 58 0 1
91 58 0 2
30 58 0 3
32 58 0 1
62 167 0 1
62 67 0 1
62 71 0 3
62 95 0 2
62 158 0 2
65 92 0 2
35 113 0 2
30 57 0 3
30 56 0 3
65 60 0 3
39 196 0 3
26 83 0 2
26 60 0 3
26 53 0 1
65 86 0 2
41 103 0 2
24 103 0 2
65 108 0 3
59 74 0 2
58 114 0 3
73 114 0 3
61 75 0 2
68 75 0 1
42 75 0 3
30 75 0 1
26 39 0 3
9 39 0 1
36 39 0 3
27 39 0 1
15 39 0 3
31 39 0 2
57 39 0 1
39 178 0 3
75 74 0 3
52 50 0 1
93 82 0 3
73 82 0 2
40 96 0 3
32 96 0 2
49 61 0 1
45 61 0 3
15 35 0 2
25 35 0 3
18 35 0 1
19 35 0 1
11 35 0 1
6 35 0 1
52 55 0 3
52 73 0 2
22 104 0 2
53 104 0 2
71 96 0 2
81 96 0 1
57 96 0 3
123 96 0 2
42 66 0 3
34 66 0 3
25 66 0 1
70 66 0 2
24 66 0 3
137 66 0 2
41 70 0 2
25 70 0 3
22 70 0 2
47 70 0 2
92 70 0 2
22 70 0 1
83 70 0 3
38 80 0 1
86 74 0 1
62 74 0 3
40 74 0 2
55 74 0 3
51 74 0 1
30 117 0 3
72 69 0 2
68 113 0 1
62 60 0 1
62 67 0 1
9 46 0 3
18 46 0 1
23 46 0 1
12 46 0 1
17 53 0 3
45 53 0 3
63 171 0 2
27 171 0 1
102 85 0 1
49 86 0 3
53 86 0 3
72 88 0 3
72 127 0 1
30 81 0 2
30 86 0 1
38 278 0 3
59 117 0 3
59 62 0 1
59 67 0 3
33 82 0 3
26 54 0 2
16 28 0 3
10 17 0 3
4 11 0 3
6 7 0 3
1 4 0 3
5 4 0 2
59 77 0 1
59 111 0 3
59 99 0 1
59 112 0 3
59 81 0 1
28 97 0 3
36 97 0 1
34 97 0 2
37 97 0 3
14 97 0 1
29 97 0 3
70 97 0 3
69 97 0 2
22 97 0 1
61 97 0 1
42 97 0 3
52 97 0 3
64 97 0 2
48 97 0 2
41 97 0 3
76 97 0 2
59 97 0 3
96 81 0 2
49 74 0 1
54 48 0 1
42 101 0 1
36 101 0 1
56 101 0 3
40 101 0 2
27 101 0 1
44 60 0 2
46 65 0 3
29 65 0 3
40 65 0 3
80 65 0 1
24 65 0 1
48 65 0 3
31 65 0 1
40 65 0 2
35 36 0 3
40 36 0 1
29 36 0 3
29 36 0 1
38 36 0 2
33 36 0 2
44 36 0 1
32 36 0 2
28 36 0 1
30 36 0 3
25 41 0 1
19 41 0 3
58 127 0 2
29 127 0 1
64 74 0 3
48 127 0 2
50 127 0 2
52 127 0 3
83 55 0 2
28 55 0 3
36 55 0 2
58 55 0 3
13 55 0 3
20 55 0 1
44 55 0 3
41 72 0 1
40 72 0 3
111 72 0 3
54 72 0 3
36 72 0 2
64 53 0 3
56 115 0 3
20 115 0 1
32 115 0 1
37 115 0 2
50 74 0 2
121 115 0 2
85 54 0 1
36 54 0 3
24 54 0 2
30 54 0 1
17 54 0 3
37 54 0 1
38 54 0 3
74 61 0 1
26 61 0 1
36 61 0 3
41 61 0 1
42 61 0 3
23 61 0 2
25 61 0 1
50 41 0 3
94 79 0 1
26 79 0 3
62 79 0 3
28 79 0 3
57 79 0 1
38 79 0 1
73 79 0 2
61 79 0 1
66 79 0 3
27 79 0 2
51 79 0 3
54 70 0 3
54 73 0 3
54 79 0 3
54 58 0 2
54 60 0 1
54 34 0 2
49 104 0 1
27 111 0 3
22 88 0 2
22 66 0 2
22 40 0 1
22 50 0 2
27 88 0 1
10 45 0 3
17 27 0 2
9 18 0 1
8 18 0 3
46 61 0 2
16 61 0 3
15 61 0 1
19 61 0 3
96 77 0 1
32 102 0 3
40 102 0 2
24 46 0 3
24 56 0 2
39 101 0 1
57 65 0 2
19 36 0 2
38 36 0 1
50 138 0 3
59 138 0 3
44 138 0 3
45 64 0 1
67 64 0 1
36 64 0 3
30 64 0 2
20 64 0 2
27 64 0 1
10 64 0 3
51 64 0 3
24 64 0 2
36 64 0 2
15 64 0 1
38 64 0 2
16 64 0 1
16 64 0 2
17 64 0 3
38 64 0 3
14 64 0 1
24 64 0 1
21 64 0 3
35 64 0 3
49 64 0 2
30 74 0 2
74 74 0 2
32 74 0 2
47 74 0 3
67 41 0 3
102 74 0 1
101 74 0 1
24 74 0 2
32 74 0 3
36 74 0 2
33 74 0 1
51 74 0 3
17 33 0 3
22 33 0 2
28 33 0 2
56 128 0 2
78 98 0 1
38 98 0 3
50 98 0 1
56 98 0 1
93 98 0 1
50 98 0 3
42 98 0 1
58 98 0 1
72 98 0 2
25 98 0 3
52 98 0 2
112 98 0 1
66 91 0 3
45 58 0 3
57 53 0 3
30 53 0 1
43 53 0 1
46 53 0 2
26 53 0 3
44 53 0 3
19 53 0 1
22 53 0 3
50 53 0 1
54 53 0 1
26 53 0 1
39 53 0 1
26 53 0 1
38 53 0 3
60 53 0 2
35 53 0 3
48 145 0 1
50 82 0 2
44 230 0 1
59 98 0 3
31 98 0 1
109 98 0 3
27 98 0 1
47 98 0 2
52 98 0 1
65 98 0 2
83 98 0 1
80 75 0 3
40 75 0 3
16 75 0 2
18 75 0 2
40 75 0 1
59 75 0 1
48 75 0 1
48 75 0 3
64 75 0 2
60 75 0 2
44 57 0 1
26 57 0 3
59 57 0 1
39 57 0 2
41 57 0 2
82 57 0 2
25 57 0 2
6 57 0 2
22 57 0 1
21 57 0 3
16 57 0 3
92 57 0 2
50 93 0 2
50 55 0 1
29 85 0 1
19 53 0 2
7 32 0 1
12 32 0 3
45 100 0 2
45 125 0 3
66 93 0 1
66 99 0 3
56 101 0 2
56 68 0 3
56 54 0 3
10 30 0 1
27 30 0 3
19 30 0 2
