200 200 5
6
250 140 4
80 100 3
75 100 2
140 50 1.5
120 50 1
180 50 0.5
52
63 140 4 3
187 71 4 2
134 53 4 4
53 64 4 4
1 5 4 2
1 5 4 2
1 5 4 2
8 5 4 4
3 5 4 4
5 5 4 5
15 5 4 3
2 5 4 2
17 5 4 4
5 16 4 4
20 16 4 2
30 16 4 3
46 16 4 4
33 16 4 2
80 40 3 4
33 60 3 1
47 46 3 3
25 14 3 1
22 14 3 4
75 35 2 3
41 65 2 1
34 25 2 4
34 40 2 4
53 50 1 3
87 37 1 4
6 13 1 3
3 13 1 4
3 13 1 3
4 13 1 2
38 13 1 2
33 13 1 2
85 31 1 3
35 31 1 2
36 19 1 3
50 19 1 2
34 19 1 3
32 50 0 2
70 50 0 4
45 50 0 3
33 24 0 5
33 19 0 4
1 7 0 4
7 7 0 1
5 7 0 4
7 7 0 3
9 7 0 3
4 3 0 5
4 4 0 4
