200 180 25
8
470 180 5
330 200 4.5
80 225 4
120 80 3
120 210 2
100 80 1.5
70 120 1
70 240 0.5
170
126 83 5 1
18 83 5 2
109 83 5 2
57 48 5 2
71 48 5 3
68 48 5 1
57 48 5 1
57 49 5 3
64 49 5 2
66 49 5 2
66 49 5 2
108 97 5 3
27 97 5 3
82 97 5 2
49 41 5 2
22 41 5 1
18 41 5 1
30 41 5 3
34 41 5 2
64 41 5 2
13 42 5 3
14 42 5 1
60 42 5 3
8 42 5 2
58 42 5 1
64 42 5 2
95 58 4 3
26 54 4 3
69 54 4 2
95 112 4 2
62 44 4 1
15 44 4 1
66 44 4 2
9 44 4 1
38 44 4 2
10 44 4 2
29 44 4 1
16 44 4 1
66 44 4 2
69 44 4 1
34 88 4 3
36 53 4 3
36 35 4 2
43 88 4 3
27 41 4 1
27 29 4 3
27 18 4 2
11 56 4 3
48 56 4 1
24 56 4 3
17 56 4 2
40 56 4 1
79 56 4 2
36 56 4 3
25 56 4 3
20 35 4 2
20 95 4 3
21 33 4 1
21 35 4 1
21 62 4 1
41 47 4 2
41 48 4 3
19 51 4 1
19 25 4 3
9 19 4 3
10 19 4 2
20 37 4 1
20 29 4 3
6 29 4 2
14 17 4 3
7 12 4 3
3 12 4 1
4 6 4 1
4 6 4 3
39 37 4 3
8 28 4 3
10 28 4 1
21 28 4 1
13 65 4 2
26 42 4 3
26 23 4 3
32 41 3 3
11 41 3 3
22 23 3 1
8 18 3 2
14 18 3 3
28 19 3 2
37 19 3 1
17 20 3 3
26 20 3 1
5 20 3 1
17 20 3 3
10 39 3 3
17 39 3 2
28 39 3 2
19 20 3 2
36 20 3 1
26 21 3 3
9 21 3 2
20 21 3 1
30 66 2 2
30 32 2 1
4 19 2 2
7 19 2 2
19 19 2 1
31 57 2 3
12 60 2 2
19 60 2 3
61 46 2 2
36 47 2 3
25 47 2 3
29 93 2 1
30 34 2 3
30 38 2 2
13 21 2 3
17 21 2 1
27 58 2 3
32 58 2 1
12 59 2 1
47 59 2 2
24 40 1 3
24 40 1 1
4 20 1 2
27 20 1 2
17 20 1 2
4 20 1 2
22 20 1 3
5 20 1 1
5 20 1 2
12 20 1 2
12 40 1 2
14 40 1 3
26 23 1 2
26 17 1 1
30 20 1 1
22 20 1 2
29 20 1 3
7 20 1 3
10 20 1 3
6 20 1 2
18 62 1 3
19 36 1 2
19 26 1 1
37 29 1 3
37 29 1 3
16 33 1 1
16 25 1 3
17 31 1 1
17 27 1 3
7 31 1 2
26 31 1 1
33 31 1 1
17 68 0 1
17 62 0 2
18 61 0 2
18 35 0 2
18 21 0 3
18 13 0 2
35 55 0 1
35 29 0 3
15 26 0 3
20 26 0 2
17 110 0 2
18 42 0 1
18 68 0 2
35 32 0 2
7 33 0 1
28 33 0 3
35 38 0 2
35 27 0 2
