160 200 21
6
160 800 4
160 200 3
160 50 2
160 50 1.5
90 150 1
100 450 0.5
161
44 124 4 3
44 128 4 3
44 126 4 3
45 75 4 3
45 137 4 2
45 74 4 3
45 92 4 1
89 76 4 3
89 75 4 2
89 60 4 3
89 89 4 1
89 122 4 3
35 96 4 1
35 113 4 1
35 84 4 1
35 48 4 3
35 38 4 2
35 43 4 1
36 135 4 3
36 138 4 3
36 52 4 3
36 43 4 1
36 54 4 1
71 98 4 1
71 91 4 1
71 81 4 3
71 108 4 3
42 47 3 3
42 42 3 2
42 89 3 1
43 55 3 3
41 55 3 3
84 56 3 1
38 40 3 1
38 71 3 1
38 55 3 2
38 56 3 1
39 44 3 2
37 44 3 2
76 45 3 2
29 27 2 3
30 27 2 3
9 11 2 1
12 11 2 1
12 11 2 2
17 11 2 3
9 11 2 3
9 12 2 3
21 12 2 3
29 12 2 2
24 23 2 2
26 23 2 2
51 23 2 1
9 13 2 2
17 13 2 3
16 13 2 2
9 13 2 2
7 13 2 3
15 13 2 2
28 13 2 3
13 14 2 3
26 14 2 1
28 14 2 3
7 14 2 2
7 14 2 3
20 14 2 1
34 27 1 3
15 27 1 1
20 17 1 1
6 10 1 3
5 10 1 2
9 10 1 1
19 11 1 3
8 11 1 2
10 11 1 2
32 11 1 2
6 12 1 2
21 12 1 2
20 12 1 2
7 12 1 1
6 12 1 3
9 12 1 1
14 23 1 1
31 23 1 3
29 23 1 2
17 23 1 3
26 13 1 3
26 13 1 3
11 13 1 2
10 13 1 2
18 13 1 3
18 14 1 1
10 14 1 3
16 14 1 1
7 14 1 1
8 14 1 3
8 14 1 2
24 14 1 3
20 44 1 2
20 21 1 2
20 11 1 1
20 29 1 2
20 30 1 3
20 17 1 2
40 24 1 2
25 13 1 2
15 13 1 2
40 24 1 2
14 13 1 1
12 13 1 2
7 13 1 1
7 7 1 3
7 6 1 3
25 49 1 3
25 25 1 2
25 25 1 1
25 26 1 1
16 23 1 2
9 12 1 3
9 11 1 3
23 38 1 2
27 24 1 1
13 14 1 3
14 14 1 1
50 38 1 1
26 69 0 2
26 70 0 1
26 48 0 3
14 29 0 2
12 29 0 2
27 69 0 2
27 61 0 2
27 35 0 1
27 29 0 2
11 22 0 2
16 13 0 3
5 9 0 1
4 9 0 3
7 9 0 2
53 77 0 1
53 40 0 2
53 43 0 3
53 74 0 2
23 52 0 3
23 42 0 1
23 43 0 1
23 33 0 3
23 27 0 1
23 21 0 1
23 16 0 3
24 47 0 1
24 52 0 2
24 50 0 3
24 39 0 1
24 46 0 2
47 56 0 2
47 52 0 3
47 60 0 2
28 48 0 3
19 23 0 3
19 25 0 2
