280 280 16
4
280 620 3.5
280 560 1.5
350 420 1.0
1260 420 0.5
468
52 89 3
63 76 3
46 76 3
62 76 3
57 76 3
91 94 3
67 94 3
59 94 3
11 32 3
11 27 3
11 21 3
11 14 3
75 65 3
46 65 3
42 65 3
49 65 3
16 39 3
16 22 3
4 4 3
4 4 3
4 4 3
4 4 3
73 78 3
43 78 3
90 69 3
22 35 3
22 24 3
11 10 3
11 10 3
5 9 3
7 9 3
9 9 3
10 9 3
8 9 3
7 9 3
6 9 3
10 9 3
5 9 3
6 9 3
13 9 3
6 9 3
9 9 3
7 9 3
4 9 3
99 66 3
60 66 3
43 66 3
26 51 3
13 15 3
13 15 3
67 94 3
89 89 3
72 116 3
72 82 3
32 43 3
24 43 3
16 32 3
16 11 3
79 78 3
10 29 3
10 21 3
10 15 3
10 13 3
47 74 3
42 62 3
14 12 3
7 12 3
11 12 3
10 12 3
67 108 3
45 39 3
22 28 3
15 11 3
7 11 3
52 76 3
52 72 3
52 73 3
52 71 3
52 89 3
52 87 3
52 46 3
19 17 3
11 17 3
12 17 3
10 12 3
3 5 3
7 5 3
85 70 1
63 70 1
66 70 1
66 70 1
61 106 1
71 85 1
100 62 1
48 62 1
32 44 1
52 44 1
47 44 1
17 29 1
17 15 1
21 21 1
19 21 1
24 21 1
7 10 1
7 11 1
79 62 1
82 75 1
85 70 1
34 50 1
28 25 1
6 14 1
6 11 1
4 5 1
4 5 1
4 5 1
4 5 1
6 5 1
4 5 1
4 5 1
4 5 1
4 5 1
3 5 1
7 5 1
6 5 1
3 5 1
3 5 1
4 5 1
7 5 1
5 5 1
5 5 1
4 5 1
72 82 1
66 82 1
63 68 1
14 14 1
9 14 1
11 14 1
14 14 1
15 14 1
78 75 1
106 70 1
17 74 1
17 65 1
17 40 1
17 30 1
12 18 1
5 11 1
5 7 1
89 81 1
17 67 1
17 50 1
17 28 1
10 12 1
7 12 1
73 76 1
16 40 1
16 27 1
8 9 1
8 9 1
69 79 1
9 26 1
9 18 1
9 20 1
9 15 1
78 62 1
11 11 1
11 11 1
7 11 1
13 11 1
11 11 1
14 11 1
11 11 1
65 97 1
14 75 1
14 57 1
14 45 1
14 50 1
14 48 1
14 25 1
14 22 1
65 86 1
65 88 1
39 51 1
26 38 1
18 13 1
8 13 1
81 83 1
79 78 1
80 85 1
78 77 1
32 61 1
15 16 1
17 16 1
6 8 1
6 8 1
6 8 1
6 8 1
13 8 1
8 8 1
8 8 1
5 8 1
7 8 1
6 8 1
8 8 1
9 8 1
6 8 1
8 8 1
8 8 1
81 83 1
91 67 1
18 32 1
18 30 1
5 5 1
5 5 1
3 5 1
5 5 1
90 65 1
19 38 1
19 27 1
73 77 1
36 82 1
36 68 1
36 43 1
8 10 1
8 10 1
16 10 1
4 10 1
64 87 1
9 42 1
9 33 1
9 23 1
9 18 1
9 10 1
33 39 1
23 39 1
8 18 1
8 12 1
8 9 1
69 87 1
12 57 1
12 56 1
12 53 1
12 30 1
12 29 1
12 22 1
4 5 1
8 5 1
69 69 1
60 96 1
9 33 1
9 24 1
9 17 1
9 13 1
9 9 1
63 74 1
16 60 1
16 78 1
16 66 1
16 40 1
16 36 1
16 28 1
16 24 1
9 10 1
7 10 1
63 100 1
63 101 1
63 67 1
72 69 1
9 57 1
9 42 1
9 57 1
9 39 1
9 50 1
9 29 1
9 22 1
9 21 1
9 13 1
5 7 1
4 7 1
65 88 1
7 45 1
7 35 1
7 35 1
7 33 1
7 34 1
7 29 1
7 22 1
7 16 1
7 12 1
7 7 1
65 79 1
65 76 1
35 25 1
22 25 1
8 18 1
8 7 1
149 133 0
179 137 0
144 137 0
77 137 0
125 137 0
105 137 0
150 125 0
100 137 0
169 128 0
62 114 0
12 14 0
13 14 0
8 14 0
10 14 0
15 14 0
4 10 0
4 4 0
7 9 0
11 9 0
9 9 0
9 9 0
6 9 0
10 9 0
7 9 0
7 9 0
6 9 0
8 9 0
6 9 0
9 9 0
5 9 0
8 9 0
5 9 0
10 9 0
10 9 0
9 9 0
9 9 0
6 9 0
8 9 0
6 9 0
8 9 0
6 9 0
11 9 0
6 9 0
11 9 0
11 9 0
7 9 0
10 12 0
12 12 0
10 12 0
15 12 0
8 12 0
7 12 0
8 12 0
9 12 0
9 12 0
11 12 0
9 12 0
9 12 0
15 12 0
11 12 0
7 8 0
3 4 0
4 4 0
128 185 0
129 156 0
95 156 0
117 156 0
137 156 0
129 152 0
168 149 0
89 156 0
119 120 0
39 36 0
26 36 0
39 36 0
15 21 0
9 15 0
6 9 0
6 6 0
6 7 0
9 7 0
5 7 0
4 7 0
6 7 0
7 7 0
5 7 0
8 7 0
5 7 0
7 7 0
5 7 0
5 7 0
9 7 0
9 7 0
7 7 0
10 7 0
9 7 0
8 7 0
5 7 0
7 7 0
5 7 0
8 7 0
8 7 0
6 7 0
5 7 0
2 4 0
3 4 0
4 4 0
5 4 0
4 4 0
3 4 0
2 4 0
4 4 0
4 4 0
3 4 0
3 4 0
3 4 0
4 4 0
3 4 0
4 4 0
3 4 0
4 4 0
2 4 0
3 4 0
3 4 0
3 4 0
4 4 0
4 4 0
3 4 0
4 4 0
4 4 0
5 4 0
5 4 0
3 4 0
4 4 0
3 4 0
4 4 0
3 4 0
3 4 0
3 4 0
8 4 0
89 127 0
93 127 0
126 127 0
194 127 0
86 127 0
75 127 0
155 127 0
123 127 0
42 62 0
42 57 0
10 8 0
8 8 0
7 8 0
10 8 0
7 8 0
84 98 0
44 77 0
20 21 0
24 21 0
136 104 0
13 31 0
13 28 0
13 27 0
13 18 0
101 183 0
48 97 0
48 53 0
36 33 0
12 22 0
8 11 0
4 7 0
4 4 0
