600 400 5
5
300 400 4.5
220 400 3.0
396 220 2.5
170 270 2.0
480 180 1.0
437
73 64 4 1
27 225 4 3
30 189 4 2
125 64 4 1
45 50 4 2
6 14 4 2
2 14 4 2
23 14 4 2
14 14 4 1
14 125 4 1
61 52 4 1
32 52 4 3
33 52 4 1
30 35 4 1
3 17 4 1
5 17 4 1
22 17 4 2
20 73 4 3
84 73 4 1
52 65 4 1
1 8 4 2
3 8 4 1
1 8 4 2
3 8 4 1
6 8 4 2
3 8 4 1
3 8 4 3
8 8 4 1
3 8 4 1
7 8 4 1
14 8 4 2
23 36 4 1
23 36 4 2
70 36 4 2
35 36 4 2
30 36 4 2
19 36 4 1
51 114 4 2
44 114 4 2
72 81 4 3
28 114 4 1
32 114 4 2
6 33 4 2
43 33 4 1
23 29 4 1
2 4 4 1
4 4 4 1
2 4 4 2
1 4 4 2
2 4 4 1
2 4 4 1
1 4 4 2
1 4 4 3
4 4 4 1
4 4 4 2
52 61 4 1
64 61 4 1
38 61 4 2
9 61 4 1
17 61 4 2
27 61 4 1
20 45 4 2
9 16 4 1
2 16 4 2
9 16 4 1
73 60 4 1
45 142 4 2
28 54 4 3
14 88 4 1
14 54 4 1
14 21 4 1
14 13 4 2
40 134 4 1
33 115 4 1
5 19 4 1
11 19 4 2
17 12 4 1
6 7 4 1
3 7 4 2
8 7 4 2
59 76 3 3
23 102 3 2
36 69 3 1
47 84 3 1
27 84 3 2
28 35 3 2
19 49 3 1
9 49 3 2
33 18 3 1
15 18 3 1
16 18 3 1
15 18 3 1
18 18 3 1
5 18 3 1
15 33 3 1
21 33 3 2
52 87 3 2
13 87 3 3
22 87 3 1
13 87 3 2
11 87 3 2
23 87 3 1
20 87 3 2
7 31 3 1
7 21 3 1
7 16 3 1
7 19 3 2
44 96 3 1
72 63 3 2
45 67 3 1
32 118 3 1
13 59 3 3
13 58 3 1
13 20 3 2
3 7 3 1
1 7 3 1
2 7 3 1
7 7 3 1
4 26 3 3
8 26 3 1
20 19 3 1
12 7 3 1
3 7 3 1
5 7 3 2
32 99 3 1
40 67 3 1
32 81 3 2
8 46 3 2
4 35 3 2
4 22 3 2
4 13 3 1
32 41 3 2
3 8 3 2
5 8 3 1
2 8 3 2
5 8 3 1
13 8 3 3
4 8 3 1
44 68 3 2
44 38 3 1
5 9 3 3
17 9 3 2
4 9 3 2
8 9 3 1
3 9 3 1
3 9 3 2
4 9 3 2
26 220 3 2
33 153 3 1
33 33 3 1
33 34 3 2
35 104 3 2
24 69 3 2
24 22 3 1
24 13 3 2
68 44 2 2
33 111 2 1
18 111 2 1
51 65 2 2
56 80 2 2
34 111 2 1
89 54 2 1
9 54 2 1
38 50 2 3
2 4 2 1
3 4 2 1
3 4 2 1
3 4 2 2
1 4 2 2
5 4 2 2
3 4 2 1
1 4 2 2
4 4 2 1
1 4 2 2
4 4 2 1
1 4 2 1
7 4 2 2
14 57 2 2
88 45 2 1
26 57 2 3
8 22 2 2
8 30 2 1
4 5 2 2
4 5 2 1
6 12 2 2
15 12 2 1
17 12 2 2
10 12 2 1
7 12 2 1
3 12 2 1
5 12 2 2
10 12 2 1
8 12 2 1
7 7 2 2
3 5 2 2
4 5 2 1
8 31 2 1
20 31 2 2
4 31 2 1
14 31 2 1
10 14 2 2
4 17 2 1
6 17 2 1
33 46 2 2
18 22 2 2
18 14 2 2
18 10 2 2
31 109 2 1
41 69 2 1
22 109 2 2
19 109 2 1
20 109 2 1
76 78 2 2
53 71 2 1
40 71 2 1
26 45 2 1
18 26 2 2
8 16 2 3
8 10 2 2
2 7 2 2
3 7 2 2
8 7 2 2
6 7 2 1
10 7 2 1
3 7 2 2
10 7 2 1
5 7 2 1
7 7 2 1
1 7 2 1
5 7 2 2
1 7 2 3
2 7 2 2
2 7 2 1
9 7 2 1
11 7 2 1
3 7 2 2
1 7 2 2
4 7 2 1
12 7 2 2
10 7 2 2
4 7 2 2
5 31 2 3
14 31 2 1
7 31 2 1
58 31 2 2
45 31 2 2
22 31 2 1
14 31 2 2
30 31 2 1
21 40 2 1
20 30 2 2
6 10 2 2
5 10 2 2
1 10 2 1
8 10 2 2
25 117 2 1
29 94 2 2
14 60 2 3
14 34 2 1
33 23 2 2
10 23 2 2
35 59 2 1
33 37 2 1
3 22 2 2
30 22 2 1
48 38 2 2
59 38 2 3
46 30 2 1
17 17 2 2
5 13 2 2
12 13 2 1
2 8 2 1
1 8 2 1
2 8 2 1
8 8 2 1
6 8 2 2
6 8 2 2
3 8 2 2
5 8 2 2
10 8 2 3
5 8 2 1
4 8 2 3
11 8 2 2
24 90 2 1
32 63 2 3
60 31 2 1
28 97 2 1
26 28 2 1
17 130 2 3
9 47 2 2
9 34 2 2
9 18 2 2
9 31 2 3
26 74 2 3
19 105 2 1
9 29 2 1
9 22 2 1
9 37 2 2
9 14 2 1
9 15 2 1
9 18 2 1
19 20 2 2
9 10 2 3
3 10 2 2
3 10 2 1
4 10 2 2
32 86 2 2
24 69 2 3
4 60 2 1
4 26 2 1
4 17 2 2
4 17 2 2
4 57 2 1
4 10 2 3
4 14 2 1
24 35 2 1
20 68 2 1
4 19 2 1
4 40 2 1
4 9 2 2
24 25 2 2
1 4 2 1
1 4 2 2
2 4 2 2
2 4 2 1
1 4 2 3
2 4 2 1
1 4 2 1
2 4 2 1
5 4 2 1
1 4 2 1
2 4 2 1
4 4 2 1
32 62 2 2
32 42 2 1
4 11 2 1
2 11 2 2
2 11 2 1
6 11 2 2
8 11 2 1
4 11 2 1
6 6 2 1
1 5 2 1
5 5 2 1
32 47 2 2
32 41 2 2
32 44 2 1
11 37 2 1
21 37 2 2
24 59 2 1
24 48 2 1
24 21 2 2
4 14 2 2
7 14 2 1
13 14 2 1
61 47 1 3
31 147 1 2
40 81 1 1
55 78 1 1
27 133 1 2
43 70 1 1
73 70 1 2
29 70 1 1
37 70 1 1
36 70 1 2
32 70 1 4
16 70 1 1
64 46 1 1
46 56 1 1
53 58 1 2
70 48 1 3
33 31 1 1
14 17 1 2
19 13 1 1
2 4 1 1
4 4 1 2
1 4 1 3
3 4 1 2
3 4 1 2
6 4 1 1
12 29 1 1
30 29 1 2
3 29 1 2
5 29 1 2
13 29 1 1
17 29 1 1
23 29 1 1
8 19 1 2
3 19 1 1
5 19 1 1
29 19 1 1
8 12 1 2
8 7 1 2
16 21 1 1
12 21 1 1
3 21 1 1
15 21 1 2
16 31 1 2
11 31 1 2
22 31 1 1
15 17 1 1
7 14 1 1
8 14 1 2
4 14 1 1
3 14 1 1
20 14 1 1
55 45 1 2
55 24 1 2
40 57 1 2
12 9 1 2
5 9 1 2
15 9 1 2
8 9 1 1
8 33 1 1
13 33 1 2
15 33 1 1
21 33 1 1
99 33 1 2
5 33 1 1
50 33 1 2
9 33 1 1
7 33 1 2
7 33 1 1
18 33 1 1
28 33 1 2
22 33 1 1
32 33 1 1
45 33 1 2
16 33 1 2
24 23 1 2
10 10 1 1
5 10 1 2
4 10 1 2
5 6 1 2
5 4 1 1
61 101 1 1
61 32 1 2
