400 400 16
3
400 480 3.0
400 1084 2.5
400 1500 1.5
311
94 79 3
64 101 3
55 94 3
127 50 3
60 101 3
116 51 3
11 28 3
11 13 3
11 10 3
5 7 3
10 7 3
12 7 3
19 7 3
9 7 3
76 85 3
106 89 3
124 66 3
20 23 3
28 23 3
41 23 3
14 23 3
15 23 3
6 10 3
6 6 3
6 7 3
63 100 3
117 68 3
50 59 3
11 9 3
6 9 3
24 9 3
9 9 3
95 62 3
72 62 3
114 59 3
53 50 3
53 48 3
43 62 3
10 18 3
10 18 3
10 9 3
10 11 3
6 6 3
4 6 3
114 59 3
38 42 3
48 42 3
28 25 3
13 17 3
15 12 3
15 5 3
63 61 3
63 80 3
47 49 3
16 33 3
12 16 3
4 10 3
4 6 3
76 68 3
76 92 3
76 96 3
28 38 3
48 34 3
7 4 3
10 4 3
5 4 3
6 4 3
6 4 3
7 4 3
7 4 3
85 103 3
9 20 3
9 26 3
9 14 3
9 27 3
9 9 3
9 7 3
94 66 3
66 83 3
28 96 3
28 47 3
28 49 3
28 29 3
9 11 3
19 11 3
66 108 3
66 41 3
137 244 2
241 107 2
22 44 2
22 26 2
22 18 2
17 19 2
5 11 2
5 8 2
105 112 2
158 97 2
20 15 2
20 15 2
8 15 2
24 15 2
10 15 2
9 15 2
13 15 2
49 15 2
5 7 2
5 8 2
34 25 2
14 25 2
60 25 2
20 25 2
26 25 2
54 25 2
32 25 2
23 25 2
102 168 2
106 112 2
105 112 2
87 77 2
48 35 2
39 27 2
12 8 2
8 8 2
12 8 2
7 8 2
177 105 2
83 105 2
38 53 2
38 35 2
20 17 2
18 13 2
5 4 2
4 4 2
5 4 2
4 4 2
201 58 2
97 159 2
97 88 2
97 197 2
97 76 2
97 61 2
27 42 2
30 42 2
40 42 2
108 140 2
93 134 2
3 6 2
3 6 2
11 6 2
17 6 2
10 6 2
21 6 2
7 6 2
21 6 2
96 157 2
105 201 2
105 133 2
105 67 2
22 24 2
48 24 2
22 24 2
13 18 2
4 6 2
9 6 2
96 107 2
96 85 2
49 76 2
47 48 2
16 28 2
17 28 2
14 17 2
14 11 2
102 98 2
102 91 2
102 133 2
102 148 2
102 89 2
102 56 2
102 49 2
7 8 2
12 8 2
12 8 2
9 8 2
17 8 2
8 8 2
13 8 2
5 8 2
11 8 2
8 4 2
4 4 2
4 4 2
97 179 1
108 175 1
190 88 1
5 119 1
5 108 1
5 58 1
5 48 1
5 55 1
5 78 1
5 63 1
5 81 1
5 93 1
5 59 1
5 60 1
5 57 1
5 47 1
5 58 1
5 32 1
5 39 1
5 32 1
5 58 1
5 60 1
5 39 1
5 29 1
5 45 1
5 30 1
5 21 1
5 25 1
5 14 1
5 19 1
5 23 1
5 12 1
5 9 1
5 13 1
5 8 1
5 8 1
190 85 1
190 101 1
137 161 1
53 210 1
53 149 1
53 222 1
53 129 1
53 87 1
53 131 1
53 124 1
53 112 1
53 54 1
10 8 1
4 8 1
6 8 1
6 8 1
21 8 1
6 8 1
137 115 1
137 80 1
127 149 1
10 96 1
10 74 1
10 62 1
10 50 1
10 85 1
10 100 1
10 45 1
10 35 1
10 65 1
10 55 1
10 32 1
10 41 1
10 31 1
10 31 1
10 22 1
10 24 1
10 22 1
127 84 1
127 108 1
127 108 1
127 123 1
127 136 1
127 115 1
57 47 1
39 47 1
31 42 1
4 5 1
5 5 1
11 5 1
4 5 1
7 5 1
108 186 1
108 110 1
108 239 1
108 119 1
108 184 1
108 160 1
108 187 1
108 102 1
22 38 1
27 38 1
36 38 1
23 19 1
23 14 1
8 5 1
6 5 1
9 5 1
97 161 1
97 234 1
97 113 1
97 150 1
97 175 1
97 98 1
97 141 1
97 188 1
48 61 1
49 46 1
17 15 1
10 15 1
13 15 1
9 10 1
5 5 1
4 5 1
