500 500 15
6
500 1350 4
200 700 3
300 400 2.5
300 290 2
350 260 1
500 260 0.5
3311
44 127 4 1
46 127 4 1
75 84 4 1
23 84 4 1
26 84 4 1
29 84 4 3
37 84 4 3
36 84 4 2
61 84 4 2
60 84 4 3
25 84 4 2
38 80 4 2
2 4 4 2
2 4 4 2
5 4 4 2
3 4 4 2
4 4 4 2
3 4 4 2
2 4 4 1
2 4 4 1
2 4 4 1
2 4 4 1
1 4 4 1
2 4 4 2
1 4 4 1
2 4 4 2
1 4 4 1
4 4 4 1
12 43 4 1
18 43 4 2
9 43 4 1
19 43 4 2
12 43 4 3
10 43 4 3
21 43 4 1
11 43 4 2
23 43 4 2
16 43 4 2
36 43 4 1
14 43 4 1
13 43 4 2
17 43 4 2
33 43 4 1
23 43 4 1
38 43 4 1
10 43 4 1
25 43 4 1
11 43 4 3
39 43 4 2
64 79 4 2
58 113 4 1
46 138 4 1
46 131 4 2
59 106 4 1
70 68 4 2
48 68 4 1
22 68 4 1
33 68 4 2
36 68 4 2
18 46 4 1
18 22 4 2
8 38 4 1
20 38 4 1
24 38 4 1
8 38 4 2
13 38 4 3
28 38 4 2
45 38 4 1
9 38 4 1
11 38 4 1
21 38 4 2
9 38 4 3
21 38 4 1
10 19 4 2
10 19 4 2
9 25 4 2
18 25 4 1
27 25 4 2
6 25 4 1
9 25 4 2
26 25 4 1
16 25 4 2
10 25 4 1
8 25 4 2
8 25 4 3
12 25 4 1
18 25 4 2
14 25 4 2
20 25 4 2
12 25 4 2
6 25 4 1
19 25 4 2
9 25 4 2
5 25 4 1
19 25 4 4
15 25 4 1
2 7 4 1
2 7 4 2
1 7 4 2
6 7 4 1
3 7 4 1
7 7 4 1
2 7 4 3
3 7 4 1
6 7 4 1
6 7 4 2
2 7 4 1
8 7 4 3
3 7 4 1
2 7 4 3
2 7 4 2
7 7 4 2
2 7 4 2
1 7 4 2
5 7 4 1
3 7 4 2
3 7 4 1
4 7 4 1
4 7 4 4
2 7 4 2
3 7 4 3
2 7 4 1
2 7 4 1
2 7 4 1
6 7 4 2
3 7 4 3
3 7 4 2
10 7 4 2
5 7 4 1
3 7 4 1
9 7 4 2
5 7 4 1
5 7 4 1
2 7 4 1
3 7 4 2
3 7 4 2
4 7 4 1
3 7 4 2
9 7 4 1
8 7 4 1
2 7 4 2
3 7 4 2
6 7 4 1
2 7 4 1
3 7 4 3
2 7 4 1
5 7 4 3
4 7 4 2
3 7 4 3
5 7 4 1
6 7 4 1
3 7 4 3
5 7 4 2
3 7 4 1
2 7 4 1
2 7 4 2
2 7 4 1
4 7 4 2
3 7 4 2
7 7 4 2
2 7 4 1
2 7 4 1
3 7 4 2
5 7 4 2
2 7 4 2
4 7 4 2
3 7 4 1
2 7 4 2
2 7 4 2
5 7 4 2
5 7 4 1
3 7 4 2
2 7 4 2
6 7 4 1
3 7 4 1
3 7 4 2
3 7 4 2
3 7 4 1
6 7 4 1
3 7 4 2
4 7 4 2
3 7 4 1
2 7 4 2
1 7 4 2
7 7 4 3
42 128 4 1
47 117 4 1
41 128 4 2
27 128 4 2
57 104 4 2
75 71 4 2
31 104 4 1
51 99 4 2
7 25 4 3
7 41 4 2
7 15 4 1
7 19 4 2
7 4 4 1
2 5 4 3
2 5 4 2
5 5 4 1
2 5 4 1
1 5 4 1
1 5 4 2
3 5 4 2
2 5 4 1
1 5 4 1
1 5 4 2
2 5 4 1
2 5 4 1
3 5 4 1
2 5 4 2
2 5 4 1
1 5 4 2
1 5 4 2
1 5 4 2
1 5 4 2
5 5 4 2
2 5 4 4
2 5 4 2
7 5 4 2
13 33 4 1
7 33 4 1
15 33 4 2
13 33 4 2
12 33 4 1
15 33 4 1
10 24 4 2
17 24 4 1
7 24 4 1
9 24 4 2
16 24 4 1
11 24 4 2
12 24 4 2
20 24 4 2
5 24 4 2
6 24 4 3
13 24 4 2
12 24 4 3
31 24 4 1
7 24 4 1
13 24 4 2
8 24 4 1
6 24 4 4
7 24 4 3
11 24 4 1
5 11 4 2
10 11 4 2
7 11 4 1
10 11 4 2
8 11 4 1
3 11 4 1
4 11 4 3
49 103 4 1
78 77 4 1
49 112 4 1
37 161 4 1
54 105 4 2
24 105 4 2
33 105 4 2
54 74 4 1
17 31 4 2
37 31 4 1
13 56 4 2
18 56 4 1
13 56 4 2
12 56 4 3
22 56 4 1
22 56 4 1
13 56 4 1
15 56 4 2
23 56 4 1
14 36 4 2
9 20 4 2
5 20 4 1
54 108 4 1
35 145 4 2
39 126 4 1
64 87 4 1
10 41 4 2
10 35 4 2
10 28 4 3
10 16 4 1
3 6 4 1
2 6 4 1
5 6 4 2
13 39 4 1
8 39 4 2
16 39 4 1
27 39 4 2
10 19 4 3
4 19 4 1
10 19 4 2
6 19 4 1
8 19 4 4
10 19 4 2
7 19 4 2
6 19 4 1
4 19 4 2
8 19 4 1
12 19 4 2
14 19 4 1
14 19 4 2
48 100 4 1
41 156 4 1
44 116 4 1
15 69 4 1
15 47 4 1
53 40 4 2
6 18 4 1
6 22 4 1
55 94 4 2
26 94 4 2
19 45 4 2
19 43 4 1
2 6 4 2
1 6 4 2
4 6 4 2
1 6 4 1
3 6 4 1
8 6 4 2
43 130 4 1
57 84 4 2
37 129 4 1
20 92 4 2
20 132 4 2
20 83 4 1
2 10 4 1
2 10 4 2
5 10 4 1
11 10 4 1
37 155 4 1
37 33 4 1
38 145 4 1
5 48 4 2
5 33 4 3
5 23 4 3
5 21 4 2
5 11 4 1
5 9 4 1
43 108 4 1
9 18 4 3
7 18 4 2
8 18 4 2
19 18 4 3
48 101 4 2
43 112 4 2
5 52 4 3
5 26 4 1
5 22 4 1
5 12 4 2
48 89 4 1
48 76 4 1
43 134 4 1
5 29 4 1
5 31 4 1
5 33 4 2
5 19 4 2
5 16 4 1
5 6 4 1
33 39 4 2
15 35 4 2
1 4 4 1
1 4 4 1
4 4 4 3
1 4 4 2
2 4 4 1
2 4 4 2
4 4 4 1
54 75 4 3
54 85 4 2
54 110 4 1
54 97 4 2
40 147 4 2
14 124 4 2
14 81 4 2
14 69 4 2
14 20 4 2
14 21 4 2
4 6 4 3
10 6 4 1
40 139 4 1
27 35 4 2
13 22 4 1
3 13 4 1
4 13 4 2
6 13 4 1
49 88 4 2
40 118 4 2
9 37 4 3
9 39 4 3
9 35 4 1
3 7 4 1
6 7 4 2
49 84 4 2
49 116 4 2
44 133 4 1
5 46 4 3
5 47 4 2
5 28 4 1
5 12 4 3
49 110 4 1
35 157 4 1
14 87 4 1
14 70 4 1
14 35 4 2
2 4 4 2
2 4 4 2
4 4 4 1
6 4 4 2
22 39 4 2
13 33 4 2
2 6 4 2
1 6 4 2
2 6 4 2
2 6 4 3
2 6 4 2
4 6 4 2
41 133 4 1
37 133 4 2
37 139 4 1
37 98 4 2
37 157 4 3
37 132 4 2
37 70 4 2
37 115 4 2
8 36 4 2
11 36 4 1
9 36 4 4
9 36 4 2
41 95 4 2
41 116 4 1
41 81 4 2
41 94 4 1
41 102 4 1
41 72 4 2
41 78 4 1
41 95 4 3
7 14 4 1
4 14 4 2
7 14 4 1
6 14 4 1
9 14 4 2
3 14 4 2
5 14 4 1
49 92 4 2
49 97 4 1
49 87 4 1
49 118 4 1
49 106 4 1
35 151 4 1
14 58 4 1
14 40 4 1
14 53 4 2
37 154 4 1
12 92 4 2
12 51 4 3
12 36 4 1
5 24 4 1
7 24 4 1
13 49 4 2
15 49 4 1
9 25 4 2
9 15 4 2
9 9 4 1
58 99 4 1
47 101 4 2
11 48 4 2
11 40 4 2
3 13 4 1
3 13 4 1
5 13 4 1
58 93 4 1
38 128 4 3
20 131 4 2
20 99 4 1
20 93 4 1
20 146 4 2
20 131 4 2
20 90 4 1
20 61 4 1
20 41 4 1
12 25 4 2
8 25 4 1
38 105 4 1
38 101 4 1
38 124 4 1
38 81 4 3
38 116 4 2
38 125 4 1
16 37 4 1
8 37 4 1
14 37 4 4
33 139 4 1
31 139 4 1
64 105 4 2
39 149 4 1
25 59 4 1
20 90 4 2
5 30 4 3
5 26 4 2
5 14 4 1
5 12 4 1
5 8 4 1
43 154 4 2
21 106 4 2
21 161 4 2
21 121 4 1
21 79 4 2
21 159 4 2
21 112 4 2
4 13 4 2
8 13 4 3
4 13 4 1
5 13 4 1
39 162 4 2
4 52 4 2
4 37 4 1
4 34 4 1
4 13 4 1
4 15 4 2
4 11 4 2
43 123 4 2
33 157 4 3
10 74 4 2
10 60 4 2
5 23 4 1
5 15 4 1
5 8 4 2
43 128 4 2
15 27 4 2
19 27 4 1
9 21 4 1
1 6 4 2
3 6 4 1
5 6 4 2
17 73 3 3
19 54 3 1
26 44 3 1
36 33 3 2
20 44 3 2
26 44 3 1
34 30 3 2
10 30 3 1
8 30 3 1
4 13 3 1
4 12 3 1
4 5 3 1
3 14 3 1
6 14 3 2
6 14 3 1
10 14 3 1
3 14 3 4
9 14 3 1
5 14 3 2
4 14 3 1
10 14 3 2
8 11 3 2
9 11 3 1
9 11 3 1
10 11 3 1
4 10 3 1
4 10 3 1
9 10 3 1
4 10 3 1
6 10 3 1
2 10 3 1
7 10 3 1
6 10 3 2
2 10 3 2
6 10 3 1
3 10 3 1
7 10 3 1
4 10 3 3
7 10 3 1
5 10 3 2
3 10 3 2
6 10 3 2
3 10 3 1
3 10 3 2
3 10 3 1
4 10 3 1
3 10 3 1
8 10 3 2
2 10 3 2
6 10 3 2
4 10 3 2
4 10 3 1
4 10 3 1
6 10 3 1
8 10 3 1
8 10 3 2
5 10 3 2
8 10 3 4
17 67 3 3
32 38 3 1
12 38 3 1
22 38 3 1
8 38 3 1
12 38 3 1
9 38 3 1
28 38 3 2
15 38 3 2
12 38 3 2
16 28 3 2
2 10 3 2
7 10 3 3
7 10 3 2
6 29 3 2
27 29 3 1
12 29 3 1
12 29 3 2
9 29 3 1
8 29 3 2
30 29 3 1
23 29 3 1
14 29 3 3
13 29 3 2
8 29 3 1
4 16 3 2
4 13 3 2
20 59 3 2
33 33 3 3
13 33 3 2
20 33 3 2
23 33 3 2
9 33 3 1
26 33 3 1
17 33 3 1
18 33 3 3
4 21 3 2
4 12 3 2
34 39 3 1
17 70 3 2
23 56 3 1
31 36 3 1
15 56 3 2
24 56 3 1
19 52 3 1
1 4 3 2
2 4 3 2
1 4 3 1
2 4 3 1
2 4 3 3
3 4 3 1
1 4 3 1
7 4 3 1
4 20 3 1
15 20 3 1
8 20 3 3
4 15 3 1
4 5 3 1
24 53 3 1
28 38 3 3
21 52 3 1
23 57 3 1
16 39 3 2
16 18 3 2
21 52 3 1
18 58 3 2
18 59 3 2
18 53 3 2
18 58 3 1
18 39 3 1
18 75 3 2
18 41 3 1
18 27 3 1
7 23 3 1
11 23 3 3
21 56 3 1
21 41 3 2
21 40 3 2
21 42 3 1
21 55 3 2
21 62 3 2
21 57 3 1
6 28 3 1
7 28 3 1
8 28 3 1
21 65 3 1
21 43 3 2
21 42 3 2
17 78 3 1
4 39 3 2
4 27 3 1
4 7 3 1
4 5 3 3
21 67 3 2
21 61 3 1
21 49 3 1
21 33 3 1
22 53 3 2
6 34 3 1
6 38 3 2
6 42 3 1
6 65 3 2
6 33 3 1
6 40 3 1
6 59 3 1
6 45 3 1
6 37 3 1
6 24 3 1
6 16 3 1
6 11 3 2
6 8 3 1
22 45 3 3
22 36 3 1
22 67 3 1
17 81 3 1
5 47 3 1
5 44 3 2
5 57 3 2
5 31 3 1
5 30 3 2
5 22 3 1
5 20 3 1
17 59 3 2
17 47 3 2
17 37 3 1
17 23 3 1
1 4 3 2
1 4 3 1
2 4 3 1
1 4 3 2
2 4 3 1
2 4 3 2
1 4 3 2
2 4 3 2
5 4 3 3
24 50 3 2
20 60 3 1
4 21 3 1
4 16 3 2
4 13 3 2
4 10 3 2
24 51 3 1
19 67 3 3
5 48 3 1
5 52 3 3
5 27 3 2
5 34 3 2
5 51 3 3
5 18 3 2
5 23 3 2
5 10 3 1
5 13 3 2
19 44 3 3
19 58 3 2
14 72 3 2
5 30 3 2
5 25 3 2
5 17 3 1
7 35 3 4
12 35 3 3
17 55 3 2
17 39 3 1
17 44 3 1
17 36 3 1
17 46 3 2
17 65 3 1
17 72 3 1
17 41 3 2
17 37 3 3
17 41 3 1
28 40 3 2
6 22 3 2
6 18 3 2
23 44 3 2
11 44 3 2
11 44 3 1
11 63 3 3
11 49 3 1
11 79 3 2
11 50 3 3
11 53 3 3
11 34 3 2
11 29 3 1
11 22 3 1
23 37 3 1
18 65 3 1
5 17 3 1
5 24 3 2
5 24 3 1
16 74 3 2
7 30 3 3
7 38 3 2
2 6 3 2
5 6 3 1
23 55 3 3
23 34 3 1
23 56 3 1
23 32 3 2
19 52 3 1
4 12 3 1
4 26 3 2
4 14 3 1
6 18 3 1
6 18 3 2
6 18 3 2
5 18 3 1
20 47 3 1
20 67 3 1
20 48 3 2
16 73 3 2
4 35 3 2
4 12 3 1
4 22 3 1
4 4 3 2
20 58 3 1
20 41 3 2
20 67 3 1
20 39 3 2
20 44 3 2
8 36 3 1
12 21 3 2
12 15 3 1
17 68 3 1
17 42 3 1
17 52 3 2
17 65 3 3
17 63 3 1
17 53 3 1
17 58 3 3
17 51 3 2
17 43 3 2
17 71 3 1
17 42 3 2
11 19 3 2
6 19 3 1
20 42 2 2
33 28 2 1
6 28 2 1
17 28 2 2
13 28 2 2
15 28 2 1
19 28 2 2
7 28 2 1
8 28 2 1
13 28 2 1
9 28 2 1
6 28 2 1
8 28 2 2
6 28 2 2
17 28 2 1
6 28 2 1
15 28 2 2
9 28 2 1
7 28 2 3
12 28 2 2
17 28 2 2
14 28 2 2
10 28 2 3
8 28 2 2
5 17 2 1
5 11 2 2
4 14 2 1
4 14 2 2
6 14 2 1
3 14 2 1
6 14 2 2
12 14 2 2
4 14 2 2
4 14 2 1
3 14 2 1
4 14 2 1
4 14 2 2
5 14 2 2
20 14 2 1
11 14 2 1
4 14 2 1
19 14 2 1
4 14 2 1
3 14 2 1
8 14 2 1
6 14 2 1
8 14 2 4
7 14 2 1
3 14 2 1
5 14 2 1
11 14 2 1
9 14 2 1
6 14 2 3
8 14 2 3
12 14 2 1
6 14 2 4
3 14 2 2
10 14 2 3
4 14 2 1
5 14 2 2
5 14 2 1
6 14 2 1
11 14 2 1
5 14 2 2
7 14 2 3
3 14 2 2
3 14 2 1
5 14 2 2
4 14 2 1
23 39 2 1
15 64 2 1
24 44 2 3
21 46 2 1
36 29 2 2
14 29 2 2
22 29 2 3
33 29 2 2
28 29 2 1
6 29 2 2
12 29 2 2
14 29 2 3
6 29 2 2
14 29 2 1
8 29 2 1
16 29 2 1
8 29 2 2
7 35 2 1
20 35 2 1
28 35 2 2
16 35 2 2
11 35 2 2
15 35 2 2
27 35 2 2
8 35 2 2
7 35 2 2
16 35 2 1
13 35 2 1
15 35 2 1
29 35 2 1
5 25 2 1
5 10 2 2
4 18 2 1
6 18 2 2
4 18 2 1
7 18 2 3
9 20 2 1
10 20 2 1
5 11 2 1
5 9 2 3
17 63 2 1
15 69 2 1
33 35 2 1
21 48 2 2
12 48 2 1
17 48 2 2
23 38 2 2
10 38 2 1
27 38 2 1
32 29 2 1
19 38 2 2
35 38 2 2
16 31 2 1
2 7 2 2
5 7 2 1
2 7 2 2
3 7 2 2
4 7 2 2
3 9 2 1
3 9 2 1
3 9 2 1
2 9 2 1
2 9 2 1
3 9 2 1
12 9 2 1
4 9 2 2
4 10 2 1
10 10 2 2
5 10 2 2
2 10 2 1
3 10 2 1
3 10 2 3
8 10 2 1
3 10 2 1
8 10 2 1
4 10 2 1
13 10 2 1
4 10 2 2
3 10 2 1
4 10 2 3
8 10 2 1
7 10 2 1
7 10 2 1
5 10 2 2
3 10 2 2
4 10 2 1
2 10 2 1
5 10 2 1
4 10 2 2
5 10 2 3
10 10 2 3
8 10 2 1
4 10 2 2
3 10 2 2
4 10 2 2
9 10 2 2
21 21 2 2
5 21 2 1
6 21 2 1
9 21 2 3
13 21 2 2
6 21 2 1
10 21 2 1
8 21 2 1
10 21 2 2
18 21 2 1
10 21 2 1
5 21 2 2
9 21 2 1
10 21 2 1
4 21 2 1
11 21 2 1
7 21 2 1
11 21 2 2
9 21 2 3
23 21 2 2
7 21 2 3
18 34 2 2
15 18 2 1
7 16 2 2
8 12 2 2
1 4 2 2
2 4 2 2
5 4 2 1
30 38 2 1
26 39 2 1
28 30 2 1
31 33 2 2
21 33 2 2
14 33 2 1
20 33 2 1
9 33 2 1
21 33 2 1
17 33 2 1
12 33 2 1
11 33 2 1
20 28 2 2
1 5 2 2
1 5 2 2
7 5 2 2
2 5 2 1
1 5 2 2
8 5 2 1
2 6 2 1
7 6 2 3
2 6 2 1
1 6 2 1
4 6 2 4
1 6 2 2
2 6 2 1
2 6 2 2
2 6 2 2
5 6 2 2
6 6 2 1
3 6 2 1
2 6 2 1
1 6 2 2
1 6 2 2
2 6 2 1
3 6 2 2
2 6 2 1
6 6 2 2
4 6 2 1
2 6 2 1
2 6 2 2
3 6 2 2
3 6 2 1
3 6 2 1
6 6 2 1
2 6 2 1
3 6 2 3
3 6 2 1
2 6 2 1
3 6 2 2
5 6 2 1
5 6 2 2
2 6 2 1
8 6 2 1
2 6 2 1
3 6 2 2
2 6 2 1
5 6 2 1
3 6 2 1
2 6 2 2
5 6 2 3
2 6 2 2
6 6 2 1
2 6 2 2
6 6 2 2
6 6 2 2
6 6 2 1
2 6 2 1
3 6 2 1
3 6 2 2
3 6 2 1
5 6 2 2
6 9 2 1
6 9 2 2
5 9 2 2
2 9 2 2
4 9 2 2
5 9 2 1
17 59 2 2
15 64 2 1
17 58 2 1
27 40 2 2
13 40 2 1
9 40 2 1
28 32 2 2
8 40 2 1
33 32 2 2
14 40 2 2
38 25 2 1
11 30 2 1
11 10 2 1
4 15 2 2
8 15 2 1
9 15 2 1
3 15 2 1
7 15 2 2
3 15 2 2
4 15 2 2
4 8 2 1
3 8 2 2
4 8 2 3
2 8 2 2
7 8 2 2
6 8 2 2
7 8 2 2
3 8 2 3
3 8 2 2
8 8 2 2
2 8 2 1
4 8 2 1
2 8 2 1
2 8 2 1
4 8 2 2
27 24 2 2
6 24 2 1
20 24 2 3
6 24 2 3
17 24 2 1
5 24 2 2
30 24 2 2
5 24 2 2
13 24 2 1
12 24 2 2
25 24 2 2
8 24 2 1
7 24 2 2
1 6 2 2
2 6 2 1
3 6 2 1
5 6 2 2
2 6 2 1
4 6 2 1
24 37 2 2
20 40 2 1
37 28 2 1
21 28 2 2
10 28 2 2
12 28 2 3
30 28 2 2
12 28 2 2
6 28 2 1
8 28 2 1
19 28 2 1
14 28 2 2
20 42 2 3
19 42 2 2
26 33 2 2
12 33 2 1
11 33 2 2
22 33 2 2
31 33 2 1
21 33 2 2
7 21 2 1
7 12 2 1
10 9 2 3
3 9 2 2
3 9 2 1
3 9 2 2
2 9 2 1
2 9 2 1
5 9 2 1
2 9 2 2
6 9 2 2
3 9 2 3
6 9 2 2
8 9 2 1
2 9 2 1
5 9 2 2
7 9 2 1
2 9 2 2
2 9 2 1
9 9 2 1
2 9 2 2
2 9 2 2
3 9 2 2
4 9 2 2
2 9 2 2
3 9 2 1
4 9 2 2
3 9 2 1
4 9 2 2
4 9 2 1
4 9 2 2
3 9 2 1
2 9 2 2
4 9 2 3
6 9 2 1
18 52 2 3
20 45 2 1
20 45 2 1
9 45 2 1
10 45 2 1
29 29 2 2
23 29 2 1
16 29 2 2
6 29 2 2
18 29 2 1
10 16 2 2
9 16 2 2
12 16 2 1
7 16 2 1
9 16 2 2
6 16 2 2
4 16 2 2
5 16 2 1
8 16 2 2
9 16 2 1
8 16 2 1
5 16 2 1
3 7 2 3
2 7 2 2
2 7 2 1
2 7 2 1
7 7 2 1
3 7 2 3
8 7 2 1
2 7 2 1
5 7 2 3
3 7 2 1
5 7 2 2
2 7 2 2
3 7 2 1
6 7 2 1
6 7 2 1
4 7 2 1
3 7 2 1
5 7 2 3
2 7 2 1
5 7 2 1
5 7 2 2
6 7 2 2
2 7 2 1
3 7 2 1
8 7 2 1
4 7 2 3
3 7 2 3
1 7 2 2
2 7 2 3
2 7 2 1
6 7 2 2
5 7 2 2
2 7 2 1
2 7 2 2
4 7 2 1
3 7 2 1
4 7 2 1
2 7 2 3
3 7 2 4
6 7 2 1
20 50 2 1
12 32 2 2
8 32 2 2
20 46 2 2
4 19 2 1
4 17 2 2
4 10 2 1
9 39 2 1
15 33 2 1
2 6 2 1
6 6 2 1
1 6 2 1
6 6 2 2
17 48 2 1
17 60 2 1
5 19 2 1
4 19 2 2
8 12 2 1
3 7 2 1
5 7 2 1
21 47 2 2
9 47 2 2
16 68 2 1
14 40 2 3
14 28 2 2
30 33 2 2
12 39 2 1
11 39 2 2
7 26 2 1
3 13 2 1
4 13 2 2
17 31 2 3
17 64 2 1
17 41 2 2
17 48 2 1
13 47 2 3
4 22 2 1
4 17 2 1
4 8 2 2
23 43 2 2
23 35 2 3
23 40 2 1
23 29 2 1
23 28 2 1
23 49 2 2
23 40 2 2
13 55 2 1
10 27 2 2
10 17 2 2
3 11 2 1
2 11 2 1
5 11 2 2
26 28 2 1
18 41 2 2
20 39 2 2
13 57 2 1
14 47 2 2
14 52 2 2
17 45 2 2
31 20 2 1
10 20 2 3
21 20 2 1
7 20 2 2
11 20 2 3
18 20 2 1
6 20 2 1
4 20 2 1
9 20 2 1
8 20 2 2
5 20 2 1
6 20 2 3
6 20 2 1
7 20 2 2
4 20 2 1
4 20 2 1
8 20 2 1
13 20 2 2
30 23 2 2
12 23 2 2
8 23 2 1
6 23 2 2
22 23 2 2
6 23 2 1
8 23 2 3
7 23 2 2
6 23 2 2
22 23 2 1
21 23 2 3
6 23 2 2
5 23 2 2
7 23 2 2
12 18 2 1
4 5 2 2
3 5 2 1
1 5 2 1
4 5 2 1
10 14 2 3
5 14 2 2
5 14 2 1
7 14 2 1
7 14 2 2
9 14 2 2
7 14 2 3
6 14 2 3
13 14 2 2
12 14 2 1
14 14 2 1
4 14 2 1
5 14 2 2
7 14 2 2
9 14 2 2
10 14 2 3
7 14 2 1
3 14 2 3
18 14 2 2
14 14 2 1
6 14 2 1
4 12 2 2
4 12 2 1
9 12 2 3
2 5 2 1
1 5 2 4
5 5 2 2
2 5 2 2
4 5 2 2
6 10 2 2
3 10 2 1
5 10 2 2
16 47 2 1
9 47 2 2
17 47 2 1
26 30 2 1
13 47 2 1
12 47 2 1
16 47 2 3
18 43 2 2
20 35 2 1
13 47 2 1
10 47 2 1
14 43 2 1
18 41 2 1
16 47 2 1
18 42 2 2
3 5 2 1
2 5 2 3
3 5 2 2
2 5 2 1
1 5 2 1
3 5 2 2
4 5 2 3
2 6 2 2
2 6 2 1
8 6 2 1
6 6 2 2
1 4 2 3
3 4 2 2
3 4 2 1
2 4 2 2
1 4 2 1
4 4 2 1
5 12 2 1
3 12 2 2
7 12 2 3
5 12 2 1
2 4 2 1
2 4 2 3
5 4 2 2
5 4 2 2
4 4 2 1
5 17 2 1
7 17 2 2
14 17 2 2
25 33 2 1
16 44 2 1
15 49 2 2
13 53 2 1
23 32 2 1
24 34 2 3
9 34 2 2
12 34 2 3
26 28 2 3
22 28 2 1
9 28 2 1
6 28 2 2
11 28 2 2
20 28 2 3
5 28 2 3
1 6 2 1
2 6 2 3
2 6 2 1
2 6 2 2
5 6 2 1
2 6 2 1
2 6 2 2
2 6 2 1
2 6 2 1
5 6 2 1
3 6 2 2
3 6 2 1
6 6 2 1
1 6 2 1
3 6 2 2
2 6 2 1
2 6 2 1
2 6 2 1
3 6 2 2
1 6 2 1
6 6 2 1
4 6 2 1
1 6 2 1
2 6 2 1
3 6 2 2
1 6 2 2
2 6 2 2
1 6 2 1
1 6 2 1
2 6 2 1
2 6 2 2
2 6 2 1
4 6 2 3
2 6 2 2
2 6 2 2
5 6 2 2
1 6 2 1
2 6 2 2
5 6 2 2
13 19 2 1
7 19 2 2
12 19 2 1
7 19 2 1
6 19 2 1
11 19 2 1
9 19 2 2
7 19 2 1
7 19 2 3
5 19 2 1
10 19 2 1
13 19 2 1
10 19 2 1
15 19 2 1
12 15 2 1
1 4 2 2
1 4 2 1
2 4 2 2
1 4 2 2
1 4 2 2
6 4 2 1
5 21 2 1
7 21 2 1
11 21 2 1
14 48 2 3
23 29 2 1
8 29 2 2
10 29 2 1
12 29 2 2
14 29 2 1
20 29 2 1
16 29 2 1
8 29 2 1
6 29 2 1
6 29 2 1
7 29 2 2
6 29 2 2
30 25 2 3
1 4 2 2
1 4 2 1
5 4 2 2
3 4 2 1
3 4 2 2
1 4 2 2
2 4 2 2
2 4 2 1
2 4 2 2
1 4 2 2
1 4 2 2
3 4 2 1
1 4 2 1
4 4 2 2
13 49 2 1
16 44 2 1
23 36 2 1
15 44 2 1
10 44 2 1
21 39 2 2
20 39 2 1
16 39 2 1
32 28 2 2
4 11 2 1
2 11 2 3
4 11 2 2
6 11 2 1
4 11 2 2
6 11 2 1
6 11 2 1
7 5 2 2
1 5 2 1
3 5 2 1
1 5 2 1
3 5 2 2
6 5 2 1
2 5 2 1
2 5 2 1
2 5 2 1
2 5 2 1
2 5 2 2
3 5 2 1
2 5 2 1
2 5 2 1
1 5 2 1
1 5 2 2
2 5 2 2
2 5 2 2
1 5 2 2
2 5 2 1
3 5 2 1
1 5 2 4
2 5 2 1
5 5 2 2
4 5 2 1
2 5 2 1
2 5 2 2
2 5 2 2
2 5 2 2
1 5 2 1
5 5 2 1
1 5 2 1
2 5 2 2
1 5 2 1
2 5 2 1
7 5 2 1
4 8 2 1
4 8 2 2
7 8 2 1
8 8 2 1
4 5 2 1
2 5 2 2
3 5 2 2
1 5 2 1
2 5 2 1
1 5 2 1
3 5 2 2
2 5 2 3
6 5 2 2
2 5 2 2
2 5 2 2
2 5 2 2
1 5 2 2
2 5 2 1
2 5 2 2
3 5 2 1
6 5 2 2
2 5 2 1
4 5 2 1
2 5 2 1
2 5 2 2
3 5 2 1
2 5 2 2
1 5 2 1
3 5 2 2
2 5 2 1
1 5 2 1
2 5 2 2
1 5 2 1
2 5 2 1
4 5 2 2
6 5 2 2
2 5 2 2
4 5 2 1
2 5 2 1
2 5 2 2
2 5 2 1
1 5 2 2
2 5 2 3
1 5 2 4
1 5 2 2
4 5 2 3
2 5 2 1
1 5 2 2
4 5 2 3
2 5 2 2
2 5 2 2
4 5 2 1
1 5 2 1
5 5 2 2
6 5 2 2
2 5 2 1
2 5 2 1
3 5 2 2
5 5 2 1
6 5 2 1
6 5 2 2
19 35 2 2
13 49 2 1
20 37 2 1
21 31 2 3
25 35 2 1
13 35 2 1
10 35 2 3
20 35 2 2
15 35 2 1
10 35 2 1
11 14 2 1
4 14 2 1
6 14 2 1
4 14 2 1
8 14 2 2
4 14 2 3
3 14 2 2
7 14 2 2
10 14 2 2
6 14 2 1
6 14 2 2
6 14 2 1
10 14 2 3
3 14 2 1
5 14 2 2
4 18 2 4
17 18 2 2
3 12 2 1
3 12 2 3
14 12 2 1
2 6 2 2
2 6 2 1
2 6 2 1
4 6 2 1
5 6 2 1
3 6 2 2
1 6 2 4
3 6 2 2
5 6 2 2
3 6 2 2
2 6 2 1
5 6 2 3
3 6 2 1
2 6 2 2
5 6 2 3
6 6 2 1
6 6 2 1
2 6 2 2
3 6 2 2
1 6 2 2
2 6 2 3
2 6 2 3
2 6 2 1
3 6 2 2
3 6 2 1
1 6 2 2
2 6 2 2
2 6 2 1
5 6 2 2
1 6 2 1
2 6 2 1
2 6 2 2
2 6 2 1
4 6 2 3
1 6 2 3
4 6 2 1
4 6 2 1
6 6 2 1
2 6 2 2
5 6 2 2
1 6 2 2
3 6 2 2
2 6 2 3
3 6 2 1
2 6 2 2
5 6 2 1
2 6 2 2
2 6 2 2
3 6 2 1
4 6 2 1
8 20 2 2
11 20 2 1
14 30 2 1
14 30 2 1
14 25 2 2
15 42 2 1
15 57 2 2
11 38 2 3
4 14 2 3
4 14 2 2
4 10 2 2
16 30 2 2
16 35 2 2
16 33 2 2
16 34 2 1
2 10 2 2
3 10 2 3
6 10 2 1
5 10 2 2
13 46 2 3
12 41 2 1
12 33 2 1
12 39 2 2
12 40 2 3
13 41 2 2
13 29 2 1
9 37 2 2
4 19 2 2
4 13 2 2
4 5 2 2
20 35 2 1
15 52 2 2
5 30 2 2
5 13 2 2
5 9 2 2
20 33 2 2
16 45 2 2
4 50 2 2
4 19 2 3
4 30 2 2
4 17 2 2
4 15 2 2
16 59 2 1
8 27 2 2
8 22 2 2
4 5 2 1
4 5 2 1
13 52 2 2
5 54 2 1
5 57 2 1
5 51 2 1
5 20 2 1
5 34 2 2
5 24 2 2
5 9 2 2
13 25 2 2
13 57 2 1
13 51 2 1
13 37 2 2
6 27 2 1
7 21 2 2
7 6 2 2
26 27 2 1
26 27 2 2
16 48 2 1
10 21 2 1
10 30 2 1
10 47 2 2
10 51 2 2
10 37 2 1
10 22 2 2
16 42 2 1
16 52 2 1
16 27 2 1
16 39 2 3
17 42 1 1
15 42 1 2
20 42 1 2
17 42 1 2
13 42 1 3
16 42 1 1
20 34 1 1
28 34 1 2
8 34 1 1
10 34 1 1
25 34 1 2
26 27 1 1
9 27 1 2
9 27 1 2
6 27 1 1
12 27 1 1
9 27 1 2
14 27 1 2
12 27 1 1
12 27 1 2
12 27 1 1
26 27 1 3
14 27 1 3
4 7 1 1
6 7 1 2
4 7 1 1
3 7 1 2
4 7 1 2
3 7 1 1
5 7 1 1
4 7 1 2
4 7 1 3
3 7 1 2
7 7 1 2
2 7 1 2
5 7 1 2
3 7 1 2
5 7 1 2
5 7 1 1
3 7 1 1
2 7 1 2
6 7 1 3
8 7 1 1
4 7 1 2
4 7 1 2
2 7 1 1
4 7 1 2
2 7 1 2
1 7 1 2
4 7 1 1
6 7 1 3
9 7 1 2
2 7 1 1
3 7 1 1
3 7 1 1
2 7 1 3
4 7 1 1
5 7 1 1
2 7 1 1
5 7 1 2
5 7 1 1
3 7 1 2
5 7 1 2
5 8 1 1
3 8 1 2
3 8 1 1
3 8 1 2
2 8 1 2
4 8 1 1
4 8 1 2
2 8 1 3
2 8 1 1
6 8 1 2
5 8 1 1
6 8 1 1
6 8 1 2
5 8 1 3
2 8 1 2
2 8 1 3
2 8 1 2
3 8 1 1
4 8 1 1
7 8 1 1
6 8 1 1
2 8 1 2
3 8 1 2
5 8 1 1
2 8 1 2
2 8 1 1
3 8 1 2
6 8 1 2
5 8 1 1
3 8 1 1
4 8 1 1
3 8 1 2
4 8 1 2
2 8 1 2
3 8 1 1
8 8 1 4
2 8 1 3
4 8 1 2
4 8 1 1
4 8 1 3
3 8 1 2
3 8 1 1
2 8 1 2
2 8 1 2
2 8 1 1
3 8 1 1
3 8 1 1
2 8 1 2
3 8 1 2
8 8 1 1
4 8 1 1
2 8 1 1
3 8 1 2
6 8 1 1
3 8 1 2
4 8 1 2
4 8 1 1
8 8 1 1
5 8 1 2
5 8 1 1
3 8 1 3
3 8 1 3
2 8 1 1
6 8 1 1
4 8 1 2
8 8 1 1
15 53 1 1
19 34 1 2
20 38 1 2
15 53 1 2
11 53 1 1
20 43 1 2
15 43 1 3
23 30 1 2
31 30 1 1
18 30 1 1
10 30 1 1
24 30 1 1
15 30 1 2
19 30 1 1
7 30 1 2
22 30 1 2
24 30 1 2
21 30 1 2
21 30 1 3
13 13 1 1
8 13 1 1
6 13 1 2
4 13 1 2
4 13 1 2
4 13 1 1
7 13 1 2
8 13 1 3
6 13 1 1
5 13 1 2
3 13 1 1
11 13 1 1
9 13 1 3
6 13 1 2
4 13 1 2
14 13 1 1
3 13 1 3
3 13 1 1
6 13 1 1
11 13 1 1
5 13 1 2
5 13 1 1
7 13 1 2
8 13 1 1
6 13 1 2
6 13 1 1
3 13 1 2
7 13 1 2
4 13 1 2
3 13 1 1
14 13 1 1
6 13 1 2
3 13 1 2
13 13 1 3
10 13 1 3
11 10 1 2
2 10 1 1
4 10 1 1
4 10 1 2
2 10 1 2
11 10 1 1
7 10 1 2
8 10 1 2
3 10 1 1
3 10 1 2
5 10 1 2
3 10 1 2
5 10 1 2
3 10 1 1
4 10 1 1
2 10 1 1
10 10 1 1
5 10 1 2
5 10 1 2
4 10 1 1
9 10 1 1
6 10 1 1
2 10 1 1
5 10 1 1
4 10 1 1
7 10 1 2
4 10 1 1
8 10 1 2
2 10 1 3
4 10 1 1
8 10 1 2
6 10 1 1
3 10 1 1
6 10 1 2
7 10 1 1
7 10 1 1
7 10 1 2
3 10 1 2
7 10 1 3
3 10 1 2
3 10 1 1
2 10 1 2
4 10 1 1
3 10 1 2
6 10 1 1
7 10 1 1
6 10 1 1
6 10 1 2
5 10 1 2
3 10 1 1
3 10 1 2
2 10 1 2
11 10 1 4
4 15 1 1
9 15 1 1
3 15 1 1
4 10 1 2
4 5 1 2
7 19 1 1
5 19 1 1
7 19 1 1
20 35 1 2
22 35 1 1
9 35 1 2
28 31 1 2
31 29 1 2
27 29 1 2
27 29 1 1
29 25 1 2
34 29 1 2
11 29 1 2
28 29 1 1
9 29 1 2
14 29 1 1
13 29 1 1
14 29 1 2
14 29 1 2
20 24 1 1
1 5 1 1
1 5 1 1
2 5 1 1
1 5 1 1
1 5 1 1
1 5 1 2
3 5 1 2
3 5 1 1
2 5 1 1
1 5 1 1
4 5 1 2
3 4 1 1
2 4 1 3
3 4 1 2
2 4 1 2
1 4 1 1
2 4 1 1
1 4 1 1
3 4 1 1
3 4 1 1
2 4 1 2
3 4 1 1
4 4 1 3
2 6 1 2
1 6 1 2
2 6 1 2
1 6 1 1
5 6 1 1
2 6 1 1
3 6 1 1
4 6 1 1
1 6 1 1
3 6 1 1
4 6 1 2
2 6 1 2
4 6 1 1
3 6 1 2
3 6 1 1
3 6 1 2
2 6 1 2
1 6 1 2
2 6 1 1
5 6 1 1
1 6 1 1
1 6 1 1
5 6 1 1
1 6 1 2
4 6 1 1
2 6 1 2
3 6 1 2
7 6 1 2
4 6 1 3
2 6 1 1
1 6 1 1
3 6 1 2
3 6 1 2
7 6 1 2
2 6 1 1
3 6 1 1
7 6 1 2
6 6 1 1
1 6 1 2
2 6 1 1
2 6 1 2
3 6 1 3
3 6 1 1
6 6 1 1
4 6 1 1
8 6 1 1
5 6 1 3
5 6 1 1
2 6 1 2
2 6 1 2
2 6 1 1
3 6 1 1
1 6 1 3
3 6 1 1
3 6 1 2
6 6 1 2
5 6 1 1
3 6 1 2
2 6 1 3
3 6 1 1
3 6 1 3
2 6 1 2
2 6 1 2
3 6 1 1
2 6 1 2
2 6 1 1
1 6 1 1
2 6 1 1
2 6 1 2
2 6 1 1
1 6 1 1
2 6 1 1
4 6 1 2
3 6 1 1
5 6 1 1
3 6 1 1
7 6 1 2
5 6 1 2
4 6 1 1
1 6 1 1
5 6 1 4
2 6 1 2
4 6 1 1
6 6 1 1
4 6 1 1
5 6 1 1
3 4 1 1
4 4 1 2
3 4 1 2
3 4 1 2
3 4 1 3
2 4 1 1
2 4 1 1
2 4 1 3
6 4 1 3
28 30 1 1
21 30 1 2
21 30 1 1
8 30 1 2
19 30 1 1
11 30 1 1
21 30 1 2
28 30 1 1
18 30 1 2
9 30 1 3
10 30 1 1
7 30 1 2
6 30 1 1
14 30 1 1
8 30 1 2
13 30 1 1
11 30 1 1
23 30 1 1
9 30 1 1
9 30 1 1
9 30 1 3
11 30 1 3
7 30 1 3
29 30 1 1
14 60 1 1
24 37 1 1
9 37 1 3
28 29 1 1
8 29 1 2
12 29 1 1
11 29 1 1
15 29 1 2
24 29 1 1
7 29 1 1
12 29 1 1
17 29 1 1
12 29 1 1
23 29 1 1
9 29 1 1
6 29 1 2
11 29 1 1
12 29 1 1
19 29 1 2
10 29 1 3
10 29 1 2
20 29 1 2
8 29 1 1
9 29 1 2
10 29 1 2
10 17 1 1
3 12 1 2
7 12 1 2
2 8 1 1
2 8 1 2
4 8 1 2
3 8 1 1
2 8 1 1
5 8 1 1
2 8 1 1
3 8 1 1
4 8 1 2
7 8 1 2
2 8 1 1
2 8 1 2
2 8 1 2
3 8 1 2
2 8 1 2
5 8 1 1
2 8 1 1
7 8 1 1
4 8 1 1
4 8 1 2
2 8 1 2
3 8 1 2
2 8 1 2
2 8 1 2
8 8 1 1
5 8 1 1
2 8 1 1
2 8 1 2
3 8 1 3
3 8 1 1
6 8 1 1
4 8 1 1
2 8 1 1
3 8 1 2
3 8 1 1
2 8 1 1
6 8 1 3
4 8 1 1
6 8 1 3
5 8 1 1
3 8 1 2
3 8 1 2
2 8 1 3
5 8 1 1
2 8 1 2
4 8 1 4
6 8 1 1
4 8 1 1
3 8 1 1
3 8 1 2
3 8 1 1
6 8 1 2
3 8 1 1
6 8 1 2
3 8 1 1
8 8 1 1
2 8 1 2
2 8 1 1
4 8 1 1
3 8 1 1
4 8 1 1
2 8 1 1
4 8 1 2
3 8 1 2
3 8 1 2
5 8 1 2
4 8 1 1
2 8 1 3
3 8 1 1
3 8 1 2
2 8 1 3
2 8 1 2
2 8 1 2
3 8 1 1
2 8 1 1
9 8 1 1
6 8 1 2
2 8 1 1
3 8 1 1
5 8 1 2
3 8 1 1
7 8 1 3
4 8 1 2
5 8 1 1
23 32 1 1
17 49 1 2
16 45 1 2
31 22 1 1
15 45 1 1
10 45 1 2
9 45 1 1
20 35 1 2
14 45 1 3
21 38 1 1
14 45 1 1
22 33 1 3
14 45 1 1
28 30 1 2
18 45 1 2
12 45 1 3
18 39 1 2
10 39 1 2
10 39 1 2
14 39 1 2
3 6 1 2
1 6 1 1
3 6 1 2
6 6 1 2
3 6 1 2
5 6 1 1
4 6 1 3
5 6 1 2
2 6 1 2
4 6 1 1
2 6 1 3
4 6 1 3
3 6 1 1
2 6 1 2
1 6 1 2
4 6 1 1
6 15 1 3
12 15 1 1
10 15 1 1
6 12 1 1
8 12 1 1
8 12 1 3
7 7 1 1
6 7 1 3
3 7 1 1
5 7 1 2
4 10 1 1
6 10 1 1
4 10 1 3
6 10 1 2
13 23 1 2
18 23 1 1
1 4 1 1
1 4 1 1
1 4 1 1
2 4 1 1
2 4 1 1
1 4 1 2
3 4 1 2
2 4 1 1
2 4 1 2
4 4 1 1
2 4 1 2
6 4 1 2
2 4 1 2
3 4 1 2
3 4 1 2
3 4 1 1
2 4 1 1
2 4 1 1
3 4 1 1
1 4 1 3
1 4 1 2
1 4 1 2
1 4 1 2
4 4 1 2
1 4 1 1
1 4 1 1
1 4 1 1
2 4 1 3
1 4 1 2
1 4 1 2
3 4 1 2
2 4 1 3
4 4 1 2
1 4 1 2
2 4 1 1
2 4 1 1
1 4 1 2
2 4 1 1
2 4 1 2
1 4 1 2
1 4 1 1
1 4 1 2
1 4 1 1
1 4 1 1
2 4 1 1
4 4 1 1
2 4 1 2
1 4 1 1
4 4 1 2
1 4 1 1
1 4 1 1
2 4 1 2
1 4 1 2
1 4 1 2
3 4 1 2
1 4 1 1
2 4 1 1
3 4 1 1
2 4 1 3
3 4 1 1
1 4 1 1
2 4 1 2
2 4 1 2
1 4 1 2
1 4 1 2
2 4 1 1
2 4 1 1
2 4 1 3
2 4 1 1
1 4 1 1
4 4 1 1
2 4 1 2
3 4 1 2
1 4 1 1
1 4 1 2
1 4 1 3
1 4 1 1
4 4 1 3
2 4 1 2
1 4 1 1
3 4 1 2
2 4 1 2
2 4 1 3
2 4 1 3
3 4 1 2
1 4 1 1
4 4 1 1
1 4 1 2
1 4 1 1
2 4 1 2
1 4 1 2
2 4 1 2
3 4 1 2
2 4 1 3
2 4 1 1
5 4 1 2
2 4 1 3
3 4 1 2
2 4 1 1
1 4 1 1
3 4 1 2
1 4 1 1
3 4 1 1
3 4 1 1
2 4 1 3
3 4 1 1
2 4 1 2
2 4 1 1
2 4 1 1
1 4 1 2
1 4 1 1
2 4 1 3
1 4 1 1
2 4 1 2
4 4 1 1
2 4 1 2
3 4 1 1
2 4 1 1
2 4 1 2
2 4 1 2
2 4 1 2
3 4 1 1
1 4 1 1
4 4 1 1
1 4 1 1
1 4 1 2
4 4 1 1
3 4 1 1
1 4 1 2
4 4 1 1
1 4 1 2
1 4 1 2
4 4 1 2
1 4 1 1
2 4 1 1
2 4 1 1
2 4 1 2
1 4 1 1
1 4 1 2
3 4 1 1
2 4 1 2
3 4 1 1
2 4 1 2
1 4 1 1
2 4 1 2
4 4 1 1
4 14 1 2
7 14 1 2
17 14 1 2
4 14 1 1
5 14 1 1
13 14 1 1
4 14 1 1
7 14 1 3
7 14 1 2
5 14 1 1
9 14 1 2
11 14 1 2
6 14 1 1
7 14 1 2
6 14 1 2
20 14 1 1
6 14 1 2
10 14 1 2
7 14 1 1
16 14 1 1
9 14 1 2
4 14 1 2
6 14 1 2
14 14 1 2
4 14 1 1
4 14 1 1
7 14 1 2
3 14 1 2
9 14 1 1
4 14 1 3
4 14 1 1
4 14 1 2
7 14 1 1
4 14 1 1
5 14 1 2
4 14 1 1
3 14 1 2
10 14 1 1
5 14 1 1
5 14 1 3
7 14 1 3
3 14 1 2
13 14 1 3
4 14 1 2
11 31 1 1
7 31 1 2
5 14 1 3
5 12 1 1
5 5 1 1
14 40 1 1
15 70 0 2
20 48 0 1
37 34 0 3
25 34 0 2
16 34 0 2
31 34 0 1
27 34 0 2
7 34 0 2
19 34 0 2
7 34 0 1
17 34 0 2
17 34 0 2
11 34 0 1
10 34 0 4
9 34 0 2
19 34 0 4
18 34 0 2
23 34 0 1
12 34 0 2
30 34 0 1
12 34 0 1
8 34 0 1
24 34 0 2
8 34 0 1
12 34 0 2
15 34 0 2
17 34 0 1
9 34 0 2
7 34 0 1
7 34 0 1
11 29 0 1
3 5 0 1
2 5 0 2
2 5 0 1
4 5 0 1
12 14 0 2
5 14 0 3
3 14 0 2
4 14 0 1
6 14 0 1
14 14 0 2
6 14 0 1
4 14 0 2
8 14 0 2
13 14 0 2
6 14 0 1
3 14 0 2
4 14 0 2
5 14 0 2
11 14 0 4
5 14 0 2
5 14 0 1
4 14 0 1
3 14 0 1
8 14 0 2
4 14 0 1
7 14 0 1
5 14 0 2
7 14 0 1
3 14 0 2
5 14 0 2
10 14 0 2
7 14 0 1
5 14 0 4
4 14 0 1
10 14 0 2
11 14 0 3
14 14 0 2
7 14 0 2
6 14 0 2
6 14 0 4
9 14 0 1
4 14 0 1
10 14 0 2
5 14 0 1
8 14 0 1
9 14 0 2
8 14 0 2
4 14 0 2
3 14 0 1
4 14 0 2
11 14 0 3
5 14 0 1
4 14 0 3
4 14 0 3
5 14 0 2
8 14 0 3
3 14 0 3
10 14 0 1
5 14 0 2
4 14 0 2
4 14 0 3
13 14 0 1
13 14 0 1
5 14 0 2
4 14 0 3
8 14 0 2
3 14 0 2
4 14 0 1
4 14 0 2
7 14 0 2
3 14 0 1
8 14 0 2
6 14 0 2
4 14 0 1
7 14 0 1
3 14 0 2
6 14 0 2
24 43 0 2
16 63 0 2
24 45 0 2
34 29 0 2
25 41 0 2
23 50 0 1
25 45 0 2
17 45 0 1
22 45 0 2
25 39 0 1
12 45 0 2
9 45 0 1
18 45 0 3
25 45 0 1
12 45 0 1
27 41 0 3
22 45 0 1
22 45 0 1
34 32 0 2
12 45 0 1
18 45 0 3
26 40 0 2
13 35 0 1
5 10 0 1
8 10 0 2
2 5 0 2
3 5 0 2
4 5 0 2
2 5 0 2
2 5 0 2
2 5 0 2
2 5 0 1
1 5 0 1
4 5 0 2
4 5 0 1
4 13 0 1
6 13 0 1
3 13 0 3
3 13 0 2
3 13 0 1
4 13 0 2
5 13 0 1
6 13 0 1
3 4 0 1
4 4 0 2
2 4 0 3
2 4 0 1
6 4 0 1
2 4 0 1
1 4 0 2
1 4 0 2
6 4 0 3
4 6 0 2
2 6 0 2
1 6 0 1
2 6 0 2
2 6 0 1
1 6 0 1
6 6 0 2
1 6 0 2
6 6 0 1
18 18 0 2
15 18 0 1
11 18 0 2
14 18 0 2
11 18 0 2
6 18 0 2
7 18 0 1
10 18 0 2
4 18 0 2
4 18 0 2
4 18 0 1
21 18 0 2
9 18 0 2
12 18 0 2
7 18 0 2
6 18 0 2
11 18 0 1
8 18 0 1
15 18 0 1
4 18 0 3
16 18 0 2
18 18 0 2
4 18 0 1
5 18 0 2
20 18 0 1
6 18 0 1
8 18 0 2
5 18 0 1
5 18 0 1
12 18 0 1
5 18 0 2
5 18 0 1
9 18 0 3
15 18 0 2
9 18 0 1
3 13 0 1
9 13 0 1
6 13 0 1
5 13 0 4
15 22 0 1
10 22 0 2
34 29 0 2
6 5 0 2
1 5 0 2
2 5 0 1
5 5 0 2
3 5 0 1
1 5 0 1
4 5 0 2
4 5 0 3
1 5 0 1
7 5 0 1
16 18 0 2
8 18 0 2
35 31 0 1
26 41 0 2
12 41 0 2
10 41 0 3
25 41 0 2
24 41 0 1
20 41 0 1
25 41 0 1
10 41 0 2
30 41 0 1
11 41 0 1
26 35 0 3
27 35 0 2
27 35 0 3
19 35 0 1
27 35 0 1
10 35 0 2
24 35 0 1
9 35 0 1
26 35 0 2
7 35 0 1
12 35 0 2
10 35 0 1
9 21 0 2
9 14 0 1
2 6 0 1
8 6 0 1
2 6 0 1
5 6 0 3
5 6 0 2
1 6 0 2
3 6 0 2
1 6 0 1
3 6 0 3
3 6 0 1
2 6 0 1
1 6 0 3
7 6 0 3
2 6 0 1
3 6 0 1
2 6 0 2
3 6 0 2
2 6 0 1
1 6 0 1
3 6 0 3
4 6 0 2
2 6 0 2
3 6 0 1
2 6 0 2
6 6 0 2
2 6 0 2
2 6 0 2
2 6 0 2
4 6 0 2
3 6 0 1
2 6 0 1
5 6 0 1
8 6 0 1
5 6 0 3
1 6 0 3
2 6 0 3
4 6 0 1
2 6 0 1
3 6 0 3
2 6 0 2
2 6 0 2
2 6 0 1
1 6 0 1
3 6 0 1
3 6 0 3
7 6 0 2
3 6 0 3
3 6 0 2
1 6 0 3
4 6 0 2
3 6 0 2
1 6 0 1
2 6 0 1
7 6 0 1
2 6 0 1
2 6 0 1
2 6 0 2
3 6 0 1
2 6 0 2
2 6 0 2
3 6 0 1
2 6 0 1
3 6 0 3
3 6 0 1
3 6 0 2
4 6 0 2
3 6 0 1
3 6 0 2
2 6 0 1
1 6 0 2
2 6 0 2
4 6 0 2
4 6 0 1
1 6 0 1
6 6 0 2
3 6 0 2
4 6 0 2
4 6 0 1
22 46 0 1
17 46 0 2
27 33 0 1
20 46 0 1
20 46 0 1
27 42 0 3
26 46 0 1
20 46 0 1
28 46 0 1
27 41 0 1
10 41 0 2
8 41 0 2
28 41 0 2
23 41 0 1
33 33 0 2
9 41 0 2
28 41 0 1
12 41 0 1
17 41 0 2
24 41 0 1
2 8 0 1
2 8 0 1
3 8 0 1
3 8 0 3
2 8 0 1
5 8 0 2
4 8 0 2
3 8 0 1
2 8 0 2
3 8 0 2
4 8 0 1
2 5 0 2
4 5 0 1
1 5 0 2
4 5 0 1
2 5 0 1
2 5 0 1
2 5 0 2
3 5 0 1
2 5 0 2
2 5 0 1
2 5 0 2
3 5 0 3
1 5 0 2
1 5 0 2
1 5 0 2
3 5 0 1
1 5 0 2
1 5 0 2
3 5 0 1
2 5 0 2
1 5 0 2
1 5 0 2
3 5 0 1
2 5 0 1
2 5 0 1
2 5 0 2
1 5 0 1
2 5 0 1
2 5 0 2
1 5 0 2
1 5 0 3
1 5 0 1
1 5 0 2
3 5 0 1
1 5 0 2
1 5 0 1
3 5 0 1
2 5 0 1
1 5 0 2
3 5 0 2
2 5 0 1
3 5 0 1
3 5 0 2
1 5 0 2
1 5 0 2
5 5 0 2
2 5 0 3
2 5 0 1
2 5 0 2
4 5 0 2
1 5 0 1
1 5 0 2
1 5 0 2
2 5 0 2
2 5 0 2
2 5 0 2
4 5 0 1
2 5 0 1
2 5 0 1
2 5 0 3
3 5 0 4
3 5 0 1
4 5 0 2
1 5 0 1
1 5 0 1
5 5 0 1
3 5 0 1
1 5 0 1
1 5 0 1
2 5 0 1
4 5 0 2
4 5 0 3
1 5 0 1
3 5 0 1
2 5 0 2
3 5 0 2
2 5 0 3
1 5 0 2
2 5 0 1
2 5 0 1
2 5 0 1
2 5 0 2
2 5 0 1
1 5 0 2
2 5 0 2
2 5 0 1
2 5 0 1
4 5 0 1
1 5 0 2
3 5 0 1
1 5 0 2
1 5 0 2
1 5 0 2
5 5 0 1
2 5 0 1
4 5 0 2
2 5 0 1
1 5 0 3
2 5 0 3
3 5 0 2
8 5 0 2
1 4 0 2
1 4 0 1
2 4 0 1
2 4 0 2
2 4 0 2
1 4 0 3
1 4 0 2
2 4 0 3
3 4 0 1
4 4 0 2
1 4 0 1
1 4 0 1
2 4 0 2
4 4 0 3
13 13 0 1
5 13 0 2
9 13 0 2
25 52 0 1
20 52 0 1
14 52 0 2
15 52 0 2
11 52 0 1
14 52 0 1
18 52 0 2
26 52 0 2
25 45 0 1
11 45 0 1
13 45 0 1
13 45 0 1
18 45 0 1
27 45 0 1
26 45 0 2
32 34 0 1
19 45 0 1
30 39 0 1
17 39 0 2
9 39 0 2
19 39 0 2
14 39 0 2
10 39 0 1
2 6 0 2
2 6 0 1
3 6 0 1
3 6 0 2
2 6 0 1
7 6 0 2
2 6 0 2
3 6 0 2
6 6 0 3
2 6 0 2
2 6 0 3
2 6 0 2
7 6 0 1
4 6 0 1
3 6 0 1
2 6 0 2
2 6 0 2
3 6 0 4
2 6 0 2
2 6 0 2
4 6 0 2
2 6 0 1
2 6 0 1
1 6 0 1
4 6 0 1
3 6 0 1
3 6 0 1
3 6 0 2
2 6 0 3
2 6 0 1
2 6 0 1
4 6 0 1
6 6 0 2
6 11 0 2
4 11 0 1
2 11 0 1
8 11 0 1
4 11 0 2
3 11 0 2
5 11 0 2
2 7 0 2
7 7 0 2
5 7 0 3
3 7 0 2
2 7 0 1
8 7 0 2
9 7 0 2
2 7 0 1
2 7 0 1
3 7 0 1
2 7 0 2
3 7 0 3
2 7 0 1
2 7 0 1
3 7 0 1
6 7 0 1
2 7 0 1
2 7 0 1
3 7 0 2
4 7 0 3
3 7 0 1
3 7 0 1
2 7 0 1
5 7 0 2
2 7 0 3
4 7 0 2
2 7 0 3
2 7 0 2
7 7 0 1
4 7 0 1
5 7 0 2
2 7 0 2
4 7 0 1
3 7 0 2
4 7 0 1
4 7 0 1
1 7 0 1
4 7 0 1
4 7 0 1
3 7 0 2
8 7 0 1
3 7 0 1
2 7 0 1
4 7 0 1
4 7 0 1
3 7 0 2
4 7 0 2
2 7 0 2
5 7 0 3
2 7 0 1
4 7 0 2
3 7 0 2
2 7 0 1
9 7 0 1
3 7 0 3
2 7 0 1
2 7 0 1
3 7 0 1
3 7 0 1
2 7 0 1
2 7 0 2
3 7 0 1
2 7 0 1
1 7 0 1
5 7 0 1
4 7 0 3
2 7 0 2
5 7 0 2
4 7 0 1
7 7 0 2
3 7 0 1
4 7 0 3
10 7 0 2
3 7 0 2
3 7 0 1
3 7 0 1
5 7 0 2
2 7 0 2
5 7 0 1
4 10 0 2
4 10 0 2
3 10 0 1
6 10 0 2
11 10 0 2
2 10 0 2
4 10 0 2
3 10 0 2
6 10 0 1
2 10 0 1
2 10 0 2
4 10 0 1
7 10 0 1
3 10 0 1
2 10 0 3
6 10 0 2
12 10 0 1
5 10 0 1
4 10 0 2
4 10 0 2
3 10 0 1
6 10 0 2
3 10 0 2
6 10 0 1
4 10 0 1
5 10 0 1
2 10 0 2
5 10 0 2
2 10 0 2
9 10 0 2
9 10 0 1
4 10 0 1
5 10 0 2
3 10 0 1
3 10 0 2
2 10 0 2
10 10 0 1
7 10 0 2
4 10 0 1
3 10 0 1
10 10 0 2
3 10 0 2
3 10 0 2
3 10 0 1
7 10 0 2
7 10 0 1
3 10 0 1
3 10 0 1
3 10 0 1
4 10 0 1
10 10 0 1
5 10 0 2
7 10 0 1
2 10 0 1
3 10 0 1
2 10 0 2
3 10 0 1
5 10 0 1
4 10 0 2
4 10 0 1
3 10 0 1
4 10 0 1
8 10 0 2
6 10 0 2
6 10 0 1
3 10 0 2
7 10 0 1
2 10 0 1
9 10 0 3
2 10 0 3
6 10 0 2
4 10 0 1
4 10 0 4
7 10 0 1
7 10 0 1
9 10 0 1
7 10 0 2
2 10 0 2
5 10 0 3
3 10 0 1
4 10 0 2
5 10 0 1
4 10 0 1
2 10 0 3
2 10 0 1
2 10 0 2
3 10 0 2
4 10 0 2
6 10 0 1
2 10 0 1
4 10 0 2
4 10 0 2
35 27 0 1
18 57 0 1
17 69 0 2
7 22 0 3
10 22 0 1
10 34 0 1
8 28 0 4
3 6 0 2
5 6 0 2
24 36 0 1
24 54 0 1
17 69 0 2
7 35 0 1
7 32 0 1
7 12 0 1
4 10 0 1
5 10 0 4
8 10 0 1
15 32 0 2
15 55 0 2
15 41 0 1
15 62 0 1
