500 500 10
4
1250 200 4
500 550 3
500 305 2
500 740 1
1460
71 29 4 2
77 26 4 3
55 26 4 4
9 26 4 3
37 26 4 1
49 26 4 4
5 26 4 4
77 26 4 3
49 26 4 3
33 26 4 4
70 26 4 3
22 26 4 4
61 26 4 2
57 26 4 2
13 26 4 4
67 26 4 2
77 26 4 4
77 26 4 4
56 26 4 2
78 26 4 3
61 26 4 1
47 26 4 1
18 26 4 4
16 26 4 1
68 26 4 1
81 31 4 4
83 28 4 4
53 46 4 1
83 28 4 1
63 28 4 4
6 28 4 4
77 28 4 4
77 28 4 3
56 28 4 4
39 28 4 2
7 28 4 3
13 28 4 1
19 28 4 3
6 28 4 3
11 28 4 2
15 28 4 1
32 28 4 4
71 28 4 1
26 28 4 4
11 28 4 2
72 28 4 4
79 28 4 4
76 28 4 3
6 28 4 1
71 28 4 4
46 23 4 4
10 5 4 3
9 5 4 3
7 5 4 3
5 5 4 4
1 5 4 2
1 5 4 4
2 5 4 4
11 5 4 3
4 18 4 4
48 18 4 2
7 18 4 2
21 18 4 1
18 18 4 4
39 18 4 2
34 18 4 3
16 18 4 2
42 18 4 2
54 18 4 3
53 18 4 2
39 18 4 3
9 18 4 3
54 18 4 4
4 18 4 4
10 18 4 1
36 18 4 4
34 18 4 3
6 18 4 4
21 18 4 3
15 18 4 4
6 18 4 1
4 18 4 2
31 18 4 3
20 18 4 3
14 18 4 4
34 18 4 4
31 18 4 1
4 18 4 2
4 18 4 4
11 18 4 2
5 18 4 1
4 18 4 3
43 18 4 2
12 18 4 4
6 18 4 2
41 18 4 2
14 18 4 2
36 18 4 3
14 18 4 4
51 18 4 2
8 18 4 2
5 13 4 2
5 5 4 4
52 40 4 1
71 24 4 3
67 24 4 3
63 24 4 2
59 24 4 3
72 24 4 4
66 24 4 4
37 24 4 1
41 24 4 4
33 24 4 3
5 24 4 2
72 24 4 1
71 24 4 4
72 24 4 2
6 24 4 3
63 24 4 2
39 24 4 4
9 24 4 4
30 24 4 1
5 24 4 4
34 24 4 4
13 24 4 1
35 24 4 1
76 27 4 4
80 27 4 4
6 27 4 2
80 27 4 3
13 27 4 2
34 27 4 3
52 27 4 2
72 27 4 1
76 27 4 1
32 27 4 1
18 27 4 2
5 27 4 3
8 27 4 3
21 27 4 4
18 27 4 3
60 27 4 4
16 27 4 3
56 27 4 3
79 27 4 2
42 27 4 1
79 27 4 1
20 27 4 3
12 27 4 4
8 9 4 1
4 18 4 2
4 13 4 2
4 5 4 2
47 42 4 3
75 25 4 2
76 28 4 3
47 42 4 1
67 26 4 2
75 26 4 4
73 26 4 4
55 26 4 2
33 26 4 3
38 26 4 3
77 26 4 1
32 26 4 1
57 26 4 3
68 26 4 2
75 26 4 1
64 26 4 2
4 9 4 2
4 5 4 3
4 4 4 1
4 4 4 4
4 4 4 2
12 16 4 2
11 16 4 3
5 16 4 4
45 16 4 2
7 16 4 1
39 16 4 1
45 16 4 3
48 16 4 3
37 16 4 1
4 16 4 4
5 16 4 1
5 16 4 1
13 16 4 1
6 16 4 4
29 16 4 4
48 16 4 1
47 16 4 4
4 16 4 3
16 16 4 3
45 16 4 2
44 16 4 1
31 16 4 4
7 16 4 3
15 16 4 1
20 16 4 2
42 16 4 2
41 16 4 1
32 16 4 3
15 9 4 4
15 7 4 3
41 14 4 3
35 14 4 1
39 17 4 1
36 17 4 2
64 35 4 4
51 35 4 1
21 35 4 1
57 35 4 3
62 27 4 1
58 27 4 4
11 27 4 3
18 27 4 4
6 27 4 4
31 27 4 3
81 27 4 4
53 27 4 1
22 27 4 1
7 27 4 4
65 27 4 1
8 27 4 2
79 27 4 3
14 27 4 3
80 27 4 3
14 27 4 3
39 27 4 1
78 27 4 2
44 27 4 4
18 8 4 4
7 8 4 4
18 8 4 3
9 8 4 4
24 8 4 1
17 8 4 1
23 8 4 4
22 8 4 3
23 8 4 4
23 8 4 2
12 8 4 4
24 8 4 4
19 8 4 2
5 8 4 4
9 8 4 4
21 8 4 1
15 8 4 1
14 8 4 4
7 8 4 2
16 8 4 2
9 8 4 4
23 8 4 3
10 8 4 1
4 8 4 2
8 8 4 3
18 8 4 1
22 8 4 1
2 8 4 2
24 8 4 4
5 8 4 4
5 8 4 3
24 8 4 3
22 8 4 3
22 8 4 2
11 8 4 1
23 8 4 4
10 8 4 1
2 8 4 1
18 8 4 2
18 8 4 1
12 8 4 2
6 8 4 3
23 8 4 1
11 8 4 2
22 8 4 3
14 8 4 1
2 8 4 1
10 8 4 1
22 8 4 4
5 8 4 2
22 8 4 4
15 8 4 4
52 37 4 4
12 51 4 2
17 51 4 3
10 51 4 1
13 15 4 3
13 36 4 4
55 44 4 3
20 44 4 1
8 21 4 3
8 10 4 4
8 7 4 3
2 6 4 4
2 6 4 2
4 6 4 4
71 27 4 1
12 70 4 1
12 14 4 2
12 12 4 2
12 6 4 2
71 29 4 1
71 29 4 3
51 17 4 4
20 12 4 2
12 5 4 1
2 5 4 1
6 5 4 2
63 35 4 1
18 31 4 3
18 25 4 4
18 53 4 4
18 16 4 1
18 18 4 1
54 31 4 3
9 10 4 1
9 8 4 4
9 6 4 4
9 7 4 4
27 77 4 4
36 26 4 1
36 33 4 3
36 18 4 1
71 29 4 2
20 89 4 2
21 83 4 1
30 32 4 3
23 57 4 2
7 12 4 4
7 21 4 2
7 8 4 1
7 7 4 3
7 9 4 4
8 6 4 3
13 6 4 4
71 27 4 4
71 26 4 4
55 35 3 2
78 26 3 1
43 26 3 1
39 26 3 3
17 26 3 4
76 26 3 2
71 26 3 2
57 26 3 2
9 26 3 3
9 26 3 2
46 26 3 3
11 9 3 3
5 9 3 4
16 9 3 1
20 9 3 1
5 9 3 4
7 9 3 2
11 9 3 3
8 9 3 3
3 9 3 1
15 9 3 2
10 9 3 4
21 9 3 2
14 9 3 4
23 9 3 4
24 9 3 2
10 9 3 1
21 9 3 1
26 9 3 3
16 9 3 1
16 9 3 1
19 9 3 4
27 9 3 4
8 9 3 4
2 9 3 3
3 9 3 1
17 9 3 2
12 9 3 1
2 9 3 3
3 9 3 3
20 9 3 1
27 9 3 2
23 9 3 2
69 39 3 1
55 49 3 2
22 111 3 2
81 33 3 3
37 62 3 3
49 38 3 2
64 34 3 2
60 38 3 3
14 38 3 3
15 38 3 3
34 23 3 1
34 15 3 3
11 4 3 1
4 4 3 2
7 4 3 2
9 4 3 2
1 4 3 4
1 4 3 4
3 4 3 2
2 4 3 4
11 4 3 2
2 4 3 1
13 4 3 2
39 24 3 1
60 24 3 3
5 24 3 3
52 24 3 1
61 24 3 2
8 24 3 3
11 15 3 3
11 9 3 3
14 49 3 1
25 49 3 2
73 33 3 3
17 33 3 4
19 33 3 2
75 29 3 3
50 23 3 3
5 10 3 4
29 10 3 2
3 10 3 1
8 10 3 2
5 4 3 3
5 6 3 1
10 4 3 2
1 4 3 1
7 4 3 3
10 4 3 2
5 4 3 3
3 4 3 3
1 4 3 4
4 4 3 2
9 4 3 3
12 4 3 1
13 4 3 3
3 16 3 2
4 16 3 4
48 16 3 3
8 16 3 1
44 16 3 1
45 16 3 3
32 16 3 2
12 16 3 3
38 16 3 3
29 78 3 1
34 55 3 1
18 22 3 4
18 56 3 3
9 23 3 2
25 14 3 2
4 9 3 3
2 9 3 2
8 9 3 2
11 9 3 3
74 25 3 3
9 25 3 4
19 25 3 2
5 25 3 2
70 25 3 2
11 25 3 1
15 25 3 4
14 25 3 2
46 25 3 2
44 25 3 4
69 25 3 3
37 49 3 1
55 49 3 4
81 27 3 4
16 27 3 4
14 27 3 3
25 27 3 3
62 27 3 3
25 27 3 1
61 27 3 3
13 22 3 2
17 22 3 3
53 22 3 4
8 22 3 2
6 22 3 4
41 22 3 4
17 22 3 1
65 22 3 4
20 22 3 4
26 22 3 2
18 13 3 4
5 9 3 3
7 9 3 1
6 4 3 2
2 5 3 4
4 5 3 2
72 26 3 1
5 26 3 2
42 26 3 1
16 26 3 2
38 26 3 2
24 26 3 2
76 26 3 2
9 26 3 1
45 26 3 3
49 26 3 1
81 28 3 3
15 28 3 2
56 28 3 1
75 28 3 1
19 28 3 4
81 28 3 2
49 22 3 2
8 6 3 3
8 6 3 4
17 6 3 2
16 6 3 4
67 29 3 1
69 27 3 2
39 27 3 4
15 27 3 4
54 27 3 4
81 27 3 3
23 27 3 1
14 27 3 2
14 14 3 1
14 9 3 4
9 4 3 3
1 4 3 3
4 4 3 2
68 30 3 1
65 31 3 2
93 31 3 3
8 31 3 4
57 31 3 4
18 16 3 1
12 15 3 1
6 10 3 1
1 5 3 1
5 5 3 4
90 30 3 1
52 52 3 1
70 26 3 3
29 19 3 2
8 7 3 1
2 7 3 3
11 7 3 3
8 7 3 4
19 96 3 3
34 81 3 4
46 25 3 1
46 29 3 2
46 47 3 3
46 38 3 2
46 27 3 4
46 20 3 1
12 6 3 4
17 6 3 4
3 6 3 1
4 6 3 3
2 6 3 4
8 6 3 3
34 29 3 2
34 43 3 2
13 39 3 3
10 39 3 1
11 13 3 1
11 26 3 4
19 74 3 4
19 22 3 1
52 30 3 4
52 42 3 2
52 50 3 1
52 28 3 1
6 16 3 4
3 16 3 3
36 16 3 4
7 8 3 3
7 4 3 2
1 4 3 2
6 4 3 1
64 29 3 1
26 18 3 1
13 11 3 3
13 7 3 1
7 4 3 2
1 4 3 1
5 4 3 1
36 74 3 3
54 36 3 1
30 81 3 1
24 25 3 2
24 25 3 3
24 17 3 3
24 14 3 4
54 27 3 1
45 15 3 3
4 15 3 1
5 15 3 3
36 64 3 4
36 21 3 1
68 31 3 4
68 30 3 2
36 74 3 1
32 51 3 4
6 23 3 3
14 23 3 1
12 23 3 3
68 33 3 4
68 25 3 2
11 26 3 4
57 22 3 4
5 4 3 3
11 4 3 1
7 4 3 2
2 4 3 4
2 4 3 4
10 4 3 3
2 4 3 2
2 4 3 4
10 4 3 1
6 4 3 1
24 86 3 2
43 26 3 4
43 40 3 1
9 20 3 4
34 15 3 2
3 5 3 1
2 5 3 2
8 5 3 3
13 5 3 1
3 5 3 1
5 5 3 1
26 77 3 3
18 77 3 4
23 56 3 4
23 13 3 1
23 8 3 3
67 31 3 2
11 53 3 4
56 27 3 1
43 26 3 2
13 11 3 3
13 8 3 2
9 7 3 2
4 7 3 4
55 31 3 3
49 37 3 2
6 61 3 2
6 26 3 2
6 61 3 2
6 31 3 1
6 25 3 2
6 30 3 2
6 67 3 1
6 22 3 1
6 18 3 4
6 14 3 2
6 21 3 4
6 18 3 2
6 16 3 2
6 7 3 1
6 9 3 2
6 9 3 4
33 71 3 4
16 20 3 3
16 45 3 1
12 6 3 1
4 6 3 3
49 27 3 1
31 64 3 3
18 38 3 3
8 26 3 3
10 14 3 2
10 7 3 3
2 5 3 1
8 5 3 3
49 28 3 3
49 37 3 1
41 67 3 4
8 16 3 2
8 31 3 4
8 8 3 1
8 12 3 3
49 30 3 3
49 26 3 3
49 38 3 3
25 10 3 1
24 10 3 3
33 71 3 2
24 113 3 1
12 29 3 4
12 26 3 2
12 102 3 4
12 48 3 4
12 58 3 3
12 35 3 1
12 34 3 4
12 37 3 3
12 34 3 4
12 32 3 3
12 33 3 3
12 8 3 3
24 38 3 3
24 54 3 1
24 53 3 1
24 25 3 2
24 31 3 4
24 35 3 4
24 32 3 2
24 95 3 3
33 26 3 3
33 29 3 4
22 109 3 3
11 40 3 3
11 95 3 4
11 27 3 3
11 25 3 1
11 90 3 3
11 31 3 3
11 14 3 2
11 14 3 1
11 14 3 2
22 56 3 4
22 26 3 4
22 117 3 3
8 42 3 2
14 30 3 2
14 12 3 3
51 26 2 1
15 68 2 3
16 68 2 1
56 19 2 1
49 23 2 3
40 23 2 1
28 23 2 4
50 23 2 2
45 23 2 1
6 23 2 3
13 23 2 3
56 23 2 3
21 23 2 4
6 23 2 1
48 23 2 4
56 24 2 2
10 45 2 1
57 19 2 3
66 22 2 4
68 23 2 2
5 23 2 3
29 23 2 2
53 23 2 1
18 12 2 3
4 11 2 4
14 11 2 4
11 22 2 1
21 22 2 1
25 22 2 3
63 22 2 3
15 22 2 4
5 22 2 1
18 22 2 4
15 22 2 2
5 23 2 3
45 23 2 2
16 11 2 4
16 8 2 3
4 4 2 2
12 4 2 2
34 26 2 1
23 21 2 2
14 5 2 2
1 5 2 3
8 5 2 1
40 21 2 4
16 21 2 2
21 49 2 4
14 49 2 1
17 49 2 4
4 8 2 1
4 8 2 3
4 11 2 2
4 22 2 4
50 30 2 3
60 24 2 1
18 60 2 1
31 34 2 4
25 54 2 4
50 26 2 1
11 54 2 2
43 32 2 3
50 31 2 2
47 26 2 4
57 19 2 1
7 19 2 3
21 7 2 4
2 7 2 4
2 7 2 4
2 7 2 1
20 7 2 3
2 7 2 3
6 7 2 3
1 7 2 3
3 7 2 4
1 7 2 4
4 7 2 4
41 28 2 3
23 28 2 1
47 23 2 1
2 5 2 4
6 5 2 3
14 5 2 2
10 5 2 4
11 5 2 2
4 5 2 3
9 23 2 1
5 23 2 3
26 23 2 2
10 9 2 1
10 14 2 1
30 22 2 3
13 12 2 2
4 10 2 2
9 6 2 2
9 4 2 2
6 28 2 4
44 28 2 4
10 6 2 1
1 6 2 4
10 6 2 1
6 6 2 2
2 6 2 3
17 6 2 3
9 6 2 2
17 6 2 4
17 6 2 2
13 6 2 4
6 6 2 2
4 6 2 2
12 6 2 4
17 6 2 2
2 6 2 4
11 6 2 2
2 6 2 4
14 6 2 2
3 6 2 1
18 6 2 1
7 6 2 4
12 6 2 4
4 6 2 4
1 6 2 2
5 6 2 2
7 6 2 4
3 6 2 1
2 6 2 3
15 6 2 2
16 6 2 3
1 6 2 1
11 6 2 1
3 6 2 2
12 6 2 4
31 19 2 3
14 7 2 2
13 7 2 1
4 7 2 1
38 39 2 1
49 31 2 1
30 33 2 1
16 33 2 3
11 33 2 1
43 33 2 2
61 24 2 3
18 24 2 4
13 24 2 2
51 24 2 1
9 13 2 2
9 7 2 3
2 4 2 3
7 4 2 1
20 9 2 2
7 9 2 2
8 9 2 2
24 9 2 1
4 9 2 3
23 9 2 3
22 9 2 3
5 9 2 4
2 9 2 3
17 9 2 2
20 9 2 4
53 22 2 1
5 22 2 1
46 22 2 4
55 22 2 3
13 22 2 3
25 22 2 3
9 22 2 2
13 22 2 1
25 22 2 3
8 22 2 3
20 76 2 2
64 23 2 3
49 22 2 1
62 21 2 3
22 69 2 1
35 42 2 1
35 30 2 2
9 4 2 2
1 4 2 1
9 4 2 3
1 4 2 4
2 4 2 2
13 4 2 1
8 7 2 3
9 7 2 2
5 7 2 1
48 22 2 4
14 21 2 2
14 30 2 1
14 4 2 1
48 26 2 2
9 7 2 1
2 7 2 2
9 7 2 2
1 7 2 3
14 7 2 3
2 7 2 3
7 7 2 1
4 7 2 4
27 44 2 4
22 18 2 1
22 17 2 3
16 9 2 2
6 9 2 4
6 10 2 2
10 10 2 3
5 10 2 3
28 10 2 4
29 53 2 2
21 53 2 2
14 17 2 1
14 36 2 1
66 22 2 4
65 22 2 2
60 22 2 1
38 22 2 3
23 22 2 3
59 20 2 4
28 24 2 4
56 20 2 2
59 24 2 1
37 24 2 4
13 11 2 2
13 8 2 4
7 5 2 3
6 5 2 1
11 4 2 2
12 4 2 3
10 4 2 1
2 4 2 3
7 4 2 3
14 4 2 4
8 4 2 3
12 4 2 1
4 4 2 2
11 4 2 4
11 4 2 4
9 4 2 1
4 4 2 4
49 21 2 3
34 31 2 1
15 12 2 1
15 12 2 2
1 7 2 4
14 7 2 3
49 20 2 1
49 24 2 4
22 50 2 1
18 50 2 3
9 16 2 1
9 15 2 3
9 19 2 4
33 32 2 1
5 22 2 2
5 17 2 2
5 31 2 4
5 15 2 3
5 10 2 1
5 18 2 3
5 15 2 4
5 10 2 4
18 80 2 1
15 34 2 4
15 19 2 3
5 27 2 2
10 13 2 4
10 8 2 3
4 6 2 1
6 6 2 3
33 26 2 3
27 40 2 1
33 24 2 4
25 45 2 3
8 20 2 4
8 19 2 2
8 67 2 2
8 16 2 1
8 28 2 2
8 25 2 3
8 6 2 4
8 8 2 4
25 26 2 1
16 72 2 2
9 44 2 4
9 20 2 3
9 19 2 3
9 26 2 1
9 9 2 1
16 25 2 2
16 13 2 4
10 8 2 4
6 8 2 2
27 29 2 1
27 28 2 1
27 23 2 3
18 76 2 2
9 18 2 1
9 16 2 2
9 14 2 3
9 24 2 2
9 10 2 2
2 11 2 3
7 11 2 1
9 17 2 3
9 17 2 1
18 81 2 2
32 26 2 1
32 26 2 4
32 18 2 4
32 11 2 2
41 27 2 3
9 13 2 1
9 7 2 4
9 7 2 4
20 52 2 1
25 49 2 4
5 31 2 4
5 18 2 2
30 21 2 4
10 29 2 4
8 29 2 4
12 11 2 1
4 18 2 4
8 9 2 2
8 9 2 2
20 41 2 1
20 6 2 2
51 21 2 1
46 23 2 2
5 13 2 2
5 4 2 2
5 6 2 3
51 24 2 3
40 30 2 1
11 36 2 1
11 22 2 1
11 42 2 1
11 24 2 4
11 18 2 2
11 37 2 1
11 12 2 3
11 9 2 3
11 11 2 4
40 21 2 2
25 56 2 1
15 21 2 2
15 22 2 4
15 28 2 1
15 25 2 4
15 23 2 2
15 17 2 2
15 18 2 3
10 6 2 4
5 6 2 2
25 19 2 2
25 31 2 4
25 45 2 2
2 9 2 1
12 9 2 3
11 9 2 4
87 30 1 3
75 34 1 4
77 46 1 3
77 33 1 2
98 33 1 3
10 33 1 4
12 33 1 4
7 33 1 1
57 25 1 2
24 8 1 3
5 8 1 2
5 8 1 4
23 8 1 4
50 50 1 4
19 50 1 2
84 41 1 2
33 50 1 1
75 36 1 2
14 14 1 1
42 14 1 2
19 14 1 4
9 9 1 3
26 9 1 4
14 9 1 1
2 9 1 4
22 9 1 4
11 9 1 1
24 121 1 2
30 117 1 4
51 69 1 1
102 35 1 4
54 32 1 2
19 37 1 4
20 37 1 1
15 14 1 3
15 17 1 3
1 6 1 4
1 6 1 2
1 6 1 4
3 6 1 2
9 6 1 3
84 30 1 2
18 34 1 1
2 4 1 2
8 4 1 3
1 4 1 3
4 4 1 4
12 4 1 2
9 4 1 2
12 4 1 3
12 4 1 1
9 4 1 4
9 4 1 3
6 4 1 4
89 33 1 2
22 112 1 3
54 45 1 4
42 43 1 2
42 59 1 3
13 10 1 1
29 10 1 3
54 33 1 1
54 26 1 4
2 8 1 2
3 8 1 2
16 8 1 3
22 8 1 1
11 8 1 3
64 43 1 2
54 42 1 1
29 102 1 4
25 84 1 1
25 88 1 2
25 32 1 2
25 32 1 2
25 31 1 3
25 50 1 3
25 38 1 4
25 37 1 2
25 19 1 4
17 23 1 3
8 14 1 2
8 9 1 4
29 30 1 4
29 58 1 2
29 35 1 2
29 50 1 4
29 38 1 3
29 78 1 1
24 43 1 3
5 20 1 1
5 8 1 4
5 15 1 3
64 32 1 1
64 35 1 4
41 80 1 2
23 57 1 1
23 14 1 2
7 9 1 4
16 9 1 2
64 38 1 4
64 35 1 4
64 39 1 2
64 33 1 1
24 122 1 1
40 44 1 1
40 45 1 2
8 33 1 3
32 28 1 1
9 5 1 1
5 5 1 4
3 5 1 3
11 5 1 3
4 5 1 4
9 19 1 4
7 19 1 4
48 19 1 3
36 87 1 4
53 46 1 3
53 35 1 4
24 119 1 3
29 34 1 2
18 85 1 1
11 18 1 1
11 32 1 4
11 12 1 3
5 23 1 4
6 8 1 4
6 15 1 3
53 43 1 1
53 38 1 1
53 35 1 1
36 90 1 2
17 33 1 3
17 109 1 3
17 54 1 2
11 43 1 3
6 10 1 3
6 9 1 4
6 8 1 1
6 6 1 3
6 5 1 4
6 5 1 1
36 103 1 2
13 46 1 2
23 46 1 2
36 41 1 2
36 29 1 4
36 66 1 4
36 38 1 3
36 36 1 2
36 43 1 3
36 33 1 4
36 59 1 3
36 40 1 1
36 39 1 1
9 44 1 3
27 20 1 2
27 15 1 2
3 9 1 2
6 9 1 3
18 9 1 4
30 33 1 4
30 50 1 3
30 36 1 1
30 76 1 2
30 41 1 1
30 29 1 1
26 117 1 2
4 47 1 3
4 18 1 1
4 32 1 3
4 8 1 4
4 5 1 3
4 7 1 4
24 104 1 2
6 21 1 3
6 49 1 4
6 13 1 2
6 11 1 3
6 10 1 4
30 31 1 2
6 23 1 3
24 14 1 4
13 9 1 3
4 9 1 2
7 5 1 4
2 4 1 2
5 4 1 3
24 39 1 3
24 77 1 1
24 41 1 2
24 31 1 2
24 126 1 2
24 44 1 4
24 41 1 2
24 32 1 4
24 34 1 3
24 24 1 2
24 19 1 2
24 16 1 3
24 12 1 2
40 64 1 1
37 53 1 4
37 37 1 3
37 40 1 4
30 105 1 4
7 49 1 3
7 11 1 4
7 21 1 4
7 16 1 4
3 8 1 2
4 3 1 4
4 5 1 3
37 74 1 2
24 122 1 1
13 55 1 4
13 30 1 3
13 13 1 3
13 11 1 2
5 13 1 1
8 13 1 4
37 36 1 4
28 105 1 4
9 18 1 1
9 21 1 4
9 54 1 1
9 6 1 4
9 6 1 3
37 39 1 4
37 39 1 2
26 44 1 3
11 14 1 3
11 17 1 4
11 9 1 3
11 4 1 4
40 60 1 1
26 105 1 3
14 80 1 2
14 18 1 2
14 7 1 4
40 32 1 2
36 100 1 1
4 15 1 1
4 12 1 2
4 35 1 4
4 7 1 2
4 6 1 3
4 9 1 2
4 5 1 2
4 4 1 2
4 7 1 3
40 32 1 2
40 52 1 1
40 48 1 2
40 43 1 1
40 37 1 2
40 29 1 2
40 30 1 3
40 29 1 2
40 23 1 4
11 10 1 3
22 10 1 1
7 10 1 1
61 45 1 4
14 16 1 2
14 12 1 1
14 9 1 2
2 8 1 3
12 8 1 2
50 70 1 4
25 26 1 3
21 44 1 3
4 11 1 4
4 15 1 1
4 6 1 4
4 7 1 3
4 5 1 2
75 35 1 2
75 30 1 4
27 122 1 4
48 29 1 3
48 34 1 1
48 39 1 4
41 20 1 2
7 7 1 4
7 6 1 2
7 7 1 1
61 52 1 4
14 35 1 3
9 17 1 1
5 17 1 3
50 75 1 1
25 25 1 2
25 25 1 1
25 16 1 2
25 9 1 2
29 101 1 3
46 40 1 3
46 46 1 1
46 38 1 1
46 47 1 1
46 55 1 3
31 51 1 2
15 33 1 4
15 14 1 4
5 4 1 3
10 4 1 2
29 36 1 1
25 119 1 3
4 14 1 4
4 17 1 2
4 46 1 3
4 21 1 1
4 8 1 2
4 9 1 4
4 6 1 2
4 6 1 1
4 5 1 1
4 4 1 1
4 4 1 4
25 15 1 2
4 6 1 4
17 6 1 2
4 6 1 3
75 33 1 1
8 33 1 2
4 18 1 1
4 7 1 1
4 8 1 3
87 33 1 4
40 79 1 1
47 32 1 2
47 41 1 1
4 6 1 3
18 6 1 4
1 6 1 2
6 6 1 3
18 6 1 2
87 35 1 4
37 87 1 1
50 35 1 1
50 50 1 2
50 33 1 1
50 37 1 2
50 33 1 3
50 37 1 4
50 39 1 1
50 52 1 4
31 112 1 2
19 35 1 1
19 30 1 4
19 109 1 3
19 17 1 2
19 16 1 3
10 7 1 2
9 7 1 3
31 30 1 2
31 28 1 2
14 44 1 4
17 44 1 1
37 36 1 2
37 31 1 1
37 48 1 4
37 46 1 4
37 49 1 3
37 100 1 3
37 42 1 2
37 67 1 4
22 24 1 2
15 13 1 3
4 11 1 2
11 6 1 1
4 5 1 1
7 5 1 3
