180 160 28
3
180 730 4
240 150 3
240 360 2
96
49 80 4 1
49 128 4 1
49 52 4 3
49 41 4 3
49 33 4 1
49 26 4 2
49 82 4 2
49 72 4 3
49 61 4 3
49 46 4 2
49 99 4 1
98 64 4 2
24 121 4 1
74 40 4 1
74 45 4 3
43 36 4 2
8 36 4 2
23 21 4 3
9 15 4 3
6 15 4 2
8 9 4 2
5 6 4 3
3 3 4 2
3 3 4 2
98 77 4 3
64 108 4 3
34 37 4 2
34 71 4 1
41 56 4 2
41 62 4 1
41 47 4 3
41 98 4 3
41 107 4 2
41 85 4 2
41 51 4 3
41 109 4 2
41 61 4 3
41 39 4 3
21 25 4 3
20 25 4 1
82 53 4 1
82 49 4 2
82 45 4 2
37 33 4 3
28 33 4 1
17 33 4 2
82 180 4 3
53 30 3 1
53 41 3 3
53 32 3 1
53 20 3 3
18 19 3 3
23 19 3 1
12 9 3 2
12 10 3 1
9 39 3 3
97 39 3 3
68 24 3 1
38 24 3 3
46 16 3 1
13 16 3 1
28 16 3 1
19 16 3 3
17 79 3 3
50 36 3 2
50 43 3 2
67 40 3 2
67 39 3 1
63 21 3 1
34 35 3 3
37 21 3 1
24 14 3 2
13 14 3 1
63 14 3 2
81 36 3 3
53 36 3 2
59 85 2 2
59 39 2 1
59 36 2 2
7 34 2 1
52 34 2 3
60 109 2 1
60 48 2 1
31 37 2 2
29 37 2 1
119 83 2 1
119 83 2 2
60 69 2 2
60 97 2 3
61 51 2 3
61 43 2 2
61 33 2 3
61 39 2 3
121 97 2 2
121 61 2 2
121 36 2 2
