180 160 28
5
180 600 4
240 200 3
180 260 2
360 70 1
720 310 0.5
157
38 65 4 2
38 68 4 1
38 65 4 3
38 70 4 1
38 68 4 3
38 62 4 2
38 60 4 3
38 78 4 2
76 79 4 1
76 87 4 1
76 77 4 1
76 89 4 3
52 71 4 1
52 75 4 2
52 58 4 3
52 128 4 2
52 88 4 1
52 69 4 2
52 61 4 1
52 114 4 3
104 73 4 1
55 61 4 3
49 61 4 1
104 78 4 3
57 56 4 1
47 56 4 1
53 96 3 2
54 39 3 3
54 57 3 1
64 52 3 1
43 52 3 3
53 52 3 2
54 52 3 3
66 40 3 1
66 64 3 3
67 104 3 2
52 48 3 1
48 48 3 2
33 48 3 3
57 48 3 2
45 48 3 2
31 48 3 2
37 40 2 2
37 41 2 2
37 46 2 3
38 64 2 3
38 41 2 2
38 22 2 2
49 43 2 2
26 38 2 3
26 28 2 3
20 23 2 2
29 23 2 3
47 44 2 2
28 44 2 1
30 23 2 1
12 23 2 1
33 23 2 2
52 56 2 1
52 45 2 1
52 32 2 2
53 56 2 2
53 77 2 3
52 41 2 2
53 40 2 3
32 23 2 1
21 23 2 2
18 22 2 2
34 22 2 1
52 41 2 3
53 64 2 2
23 23 2 1
29 23 2 3
37 37 1 1
45 37 1 3
28 37 1 3
30 37 1 3
25 37 1 2
22 16 1 1
16 16 1 3
14 16 1 1
20 16 1 2
11 16 1 1
11 16 1 3
10 16 1 2
16 16 1 3
16 16 1 2
16 16 1 1
13 16 1 2
13 17 1 2
11 17 1 3
24 17 1 2
12 17 1 1
14 17 1 1
16 17 1 1
16 17 1 1
18 17 1 3
15 17 1 2
16 17 1 1
10 17 1 1
39 33 1 3
37 33 1 1
21 33 1 3
28 33 1 3
70 33 1 2
26 18 1 1
20 18 1 1
17 18 1 1
16 18 1 3
17 18 1 1
13 18 1 2
23 18 1 2
21 18 1 2
16 18 1 3
26 18 1 1
18 19 1 1
18 19 1 2
25 19 1 1
19 19 1 2
16 19 1 3
26 19 1 2
22 19 1 3
23 19 1 2
28 19 1 1
102 111 0 3
54 111 0 1
60 65 0 1
96 65 0 2
157 94 0 1
157 82 0 3
65 67 0 3
77 67 0 3
84 67 0 1
50 67 0 2
37 43 0 2
24 24 0 3
13 24 0 1
75 67 0 1
66 67 0 2
82 67 0 3
55 67 0 2
35 42 0 3
19 25 0 2
16 25 0 1
203 134 0 2
130 134 0 1
74 84 0 3
74 50 0 3
92 88 0 3
82 88 0 2
74 88 0 3
95 88 0 2
64 88 0 1
112 88 0 1
102 88 0 2
99 88 0 1
94 88 0 3
