200 180 25
5
130 1125 4
160 180 3.5
190 315 2
235 180 1
290 360 0.5
160
34 61 4 2
34 62 4 3
34 54 4 3
34 50 4 1
34 62 4 2
34 45 4 3
34 68 4 2
34 42 4 1
34 40 4 3
34 39 4 2
34 25 4 1
34 23 4 2
35 47 4 2
35 70 4 2
35 72 4 3
35 42 4 3
35 50 4 2
35 53 4 3
35 43 4 3
35 51 4 3
35 44 4 1
35 37 4 3
35 31 4 3
35 31 4 3
69 62 4 2
69 43 4 2
69 55 4 3
69 67 4 1
69 50 4 3
69 76 4 1
69 71 4 1
69 61 4 1
69 69 4 1
30 47 4 3
30 44 4 2
30 74 4 3
30 65 4 2
30 59 4 3
30 46 4 2
30 52 4 1
30 46 4 2
30 46 4 2
30 29 4 3
30 46 4 2
31 64 4 2
31 82 4 3
31 46 4 3
31 55 4 3
31 52 4 1
31 46 4 3
31 44 4 3
31 50 4 2
31 39 4 2
31 33 4 1
31 22 4 3
31 21 4 3
61 70 4 2
61 57 4 1
61 65 4 3
61 44 4 1
61 49 4 3
61 85 4 1
61 71 4 1
61 44 4 1
61 47 4 1
61 39 4 3
41 25 3 1
41 22 3 2
41 18 3 3
42 31 3 3
42 34 3 2
83 36 3 1
52 21 3 1
31 21 3 1
83 32 3 3
46 26 3 1
37 26 3 2
38 32 3 3
38 37 3 2
38 23 3 1
38 23 3 2
39 23 3 3
39 25 3 1
39 37 3 1
39 30 3 2
77 32 3 3
77 33 3 3
49 46 2 2
49 38 2 1
49 32 2 1
49 33 2 3
49 36 2 3
49 35 2 1
49 31 2 3
49 47 2 2
98 37 2 2
98 46 2 2
98 48 2 3
98 35 2 2
46 34 2 2
46 45 2 2
46 32 2 1
46 34 2 1
46 21 2 2
46 26 2 2
46 58 2 1
46 26 2 3
46 32 2 1
46 24 2 3
92 74 2 1
92 44 2 1
59 31 2 1
33 20 2 3
33 11 2 3
46 35 1 3
46 22 1 2
46 27 1 2
47 35 1 3
47 25 1 1
47 24 1 3
93 26 1 3
45 22 1 3
48 22 1 2
34 48 1 2
59 48 1 3
71 36 1 3
71 60 1 3
71 42 1 2
71 54 1 2
142 42 1 1
55 25 1 2
87 24 1 1
54 18 1 3
33 18 1 3
55 17 1 2
74 38 0 2
74 55 0 3
74 41 0 3
74 22 0 3
75 62 0 3
75 39 0 1
75 55 0 1
149 61 0 1
30 41 0 3
119 41 0 3
149 40 0 1
94 37 0 1
55 38 0 1
55 24 0 2
94 25 0 2
70 67 0 2
70 137 0 3
71 89 0 3
71 51 0 1
71 39 0 1
32 25 0 2
39 25 0 1
141 38 0 1
141 40 0 2
141 78 0 3
