500 500 10
4
1250 320 4
600 180 3
500 180 2
2200 180 1
2026
93 31 4 5
13 31 4 5
34 31 4 5
26 31 4 4
6 31 4 3
7 31 4 5
39 31 4 5
7 31 4 3
83 31 4 4
65 31 4 5
22 31 4 3
7 31 4 4
71 31 4 4
6 31 4 5
93 31 4 5
6 31 4 5
35 31 4 4
53 31 4 5
10 31 4 4
93 31 4 4
15 31 4 3
93 31 4 4
64 31 4 4
29 31 4 4
72 31 4 4
21 31 4 5
18 31 4 4
88 31 4 4
81 31 4 4
35 78 4 4
78 36 4 5
87 36 4 4
17 36 4 4
95 36 4 4
92 31 4 4
49 36 4 4
7 36 4 4
91 31 4 3
33 36 4 5
23 36 4 4
29 36 4 4
14 36 4 2
60 36 4 4
49 36 4 5
30 36 4 5
73 36 4 3
94 36 4 4
71 36 4 5
8 36 4 2
74 36 4 3
37 36 4 5
10 36 4 4
37 36 4 3
57 36 4 3
2 5 4 3
15 5 4 4
15 5 4 4
5 5 4 5
5 5 4 4
12 5 4 4
6 5 4 3
15 5 4 5
8 5 4 4
4 5 4 5
4 5 4 4
1 5 4 4
13 5 4 5
6 5 4 4
10 5 4 4
10 5 4 3
1 5 4 3
12 5 4 4
2 5 4 4
3 5 4 5
11 5 4 2
14 5 4 4
9 5 4 5
51 53 4 4
92 31 4 4
77 36 4 4
25 112 4 5
45 60 4 4
41 60 4 4
22 60 4 5
61 52 4 4
81 35 4 4
12 52 4 5
34 52 4 4
75 43 4 3
11 52 4 4
50 52 4 5
86 37 4 4
25 37 4 5
7 37 4 4
91 31 4 4
62 31 4 3
51 31 4 4
55 31 4 5
86 31 4 4
75 31 4 4
8 6 4 3
8 6 4 2
2 6 4 5
14 6 4 4
18 6 4 4
2 6 4 3
11 6 4 2
3 6 4 4
6 6 4 5
2 6 4 3
5 6 4 2
9 6 4 3
9 6 4 4
18 6 4 4
8 6 4 3
3 6 4 5
13 6 4 4
11 6 4 2
9 6 4 4
1 6 4 4
7 6 4 5
3 6 4 4
6 6 4 4
16 6 4 4
17 6 4 4
7 6 4 5
1 6 4 3
12 6 4 4
2 6 4 4
6 6 4 4
1 6 4 4
17 6 4 3
18 6 4 2
12 6 4 4
4 6 4 4
16 6 4 4
15 6 4 4
10 6 4 4
8 6 4 3
2 6 4 4
12 6 4 2
2 6 4 3
6 6 4 5
1 6 4 4
2 6 4 5
13 6 4 4
18 6 4 5
13 6 4 4
2 6 4 3
11 6 4 4
3 15 4 4
43 15 4 3
45 15 4 3
22 15 4 4
13 15 4 5
8 15 4 5
22 15 4 4
39 15 4 4
12 15 4 4
45 15 4 4
43 15 4 5
33 15 4 4
39 15 4 3
30 15 4 5
45 15 4 4
4 15 4 4
45 15 4 2
19 15 4 5
4 15 4 5
3 15 4 3
9 15 4 5
12 9 4 2
6 6 4 4
6 6 4 5
6 9 4 4
18 9 4 5
16 9 4 4
5 9 4 4
14 9 4 4
4 9 4 4
12 9 4 4
30 17 4 4
21 17 4 4
4 17 4 5
4 17 4 5
22 17 4 4
24 8 4 2
24 8 4 4
23 8 4 4
10 8 4 3
18 8 4 4
21 8 4 4
16 8 4 3
7 8 4 4
12 8 4 2
18 8 4 3
2 8 4 3
14 8 4 5
2 8 4 3
5 8 4 3
2 8 4 4
24 8 4 5
17 8 4 5
20 8 4 5
2 8 4 3
21 8 4 2
3 8 4 4
3 8 4 5
3 8 4 5
16 8 4 4
22 8 4 5
23 8 4 5
2 8 4 3
14 8 4 2
3 8 4 4
20 8 4 4
22 8 4 4
21 8 4 5
23 8 4 4
2 8 4 5
24 8 4 4
20 8 4 5
23 8 4 4
10 8 4 5
8 8 4 2
12 8 4 4
8 8 4 4
23 8 4 4
24 8 4 4
7 8 4 4
21 8 4 4
24 8 4 5
24 8 4 3
24 8 4 3
20 8 4 4
14 8 4 3
12 8 4 5
17 8 4 4
24 8 4 5
22 8 4 5
24 8 4 5
2 8 4 4
16 8 4 5
73 41 4 4
81 37 4 3
61 44 4 5
12 44 4 3
38 44 4 4
76 44 4 2
43 44 4 5
82 34 4 4
20 44 4 5
95 32 4 4
34 44 4 4
80 34 4 3
29 34 4 5
24 34 4 4
91 34 4 5
87 34 4 4
44 26 4 5
14 8 4 3
17 8 4 3
13 8 4 3
20 10 4 4
29 10 4 5
27 10 4 3
23 10 4 5
2 10 4 4
8 10 4 4
20 10 4 5
24 10 4 4
2 10 4 4
30 10 4 2
3 10 4 3
26 10 4 4
24 10 4 4
28 10 4 5
28 10 4 4
3 10 4 4
21 10 4 4
3 10 4 5
22 10 4 5
12 10 4 4
36 12 4 2
4 12 4 4
13 12 4 5
32 12 4 5
10 6 4 3
10 6 4 5
29 10 4 4
2 10 4 5
12 10 4 4
6 10 4 4
33 10 4 5
25 108 4 5
81 33 4 4
18 33 4 5
38 33 4 4
99 33 4 5
39 33 4 5
92 33 4 1
65 33 4 5
76 33 4 4
33 33 4 5
77 33 4 4
38 33 4 4
41 33 4 5
82 33 4 5
12 12 4 5
12 10 4 4
3 11 4 3
3 11 4 4
6 5 4 4
1 6 4 5
5 6 4 4
73 37 4 3
85 35 4 5
40 75 4 4
69 40 4 5
66 40 4 4
22 40 4 4
84 32 4 4
53 40 4 3
75 40 4 3
18 40 4 4
14 40 4 4
74 36 4 5
24 40 4 5
42 40 4 4
52 31 4 3
6 9 4 5
2 9 4 5
23 9 4 4
21 9 4 4
2 4 4 4
1 4 4 5
8 4 4 5
2 4 4 4
1 4 4 4
6 4 4 3
12 4 4 4
11 4 4 5
1 4 4 5
12 4 4 4
1 4 4 3
9 4 4 4
8 4 4 4
15 8 4 5
20 8 4 4
8 8 4 5
24 8 4 4
6 8 4 4
11 8 4 4
92 31 4 4
87 31 4 3
93 31 4 3
7 31 4 5
9 31 4 5
21 31 4 4
51 31 4 4
46 31 4 5
23 31 4 4
63 31 4 5
8 31 4 4
18 31 4 4
8 31 4 4
14 31 4 4
43 31 4 5
10 18 4 4
10 9 4 3
2 4 4 3
4 4 4 5
4 4 4 5
9 4 4 5
10 4 4 4
5 4 4 3
3 4 4 5
10 4 4 4
8 4 4 5
2 4 4 5
1 4 4 5
7 4 4 3
11 4 4 3
2 4 4 5
5 4 4 5
11 4 4 5
2 4 4 4
5 4 4 3
10 4 4 5
2 4 4 4
2 4 4 4
1 4 4 4
8 4 4 5
10 4 4 5
2 4 4 3
6 4 4 4
11 4 4 4
1 4 4 5
3 4 4 4
11 4 4 5
11 4 4 2
2 4 4 5
3 4 4 3
5 4 4 5
9 4 4 5
11 4 4 5
10 4 4 4
5 4 4 5
3 4 4 3
2 4 4 5
4 4 4 5
7 4 4 3
1 4 4 3
10 4 4 4
6 4 4 5
12 4 4 5
1 4 4 3
4 4 4 3
5 4 4 5
3 4 4 4
8 4 4 4
8 4 4 4
10 4 4 5
11 4 4 5
2 4 4 4
4 4 4 4
11 4 4 5
10 4 4 5
12 4 4 5
1 4 4 4
10 4 4 3
1 4 4 4
7 4 4 5
12 4 4 5
1 4 4 3
8 4 4 5
6 4 4 5
1 4 4 5
1 4 4 5
6 4 4 5
1 4 4 4
4 4 4 5
2 4 4 5
3 4 4 5
12 4 4 4
10 4 4 3
4 4 4 4
11 4 4 3
1 4 4 4
2 4 4 2
6 4 4 4
7 4 4 5
2 4 4 5
12 4 4 3
10 4 4 4
4 4 4 3
2 4 4 4
4 4 4 3
8 4 4 4
2 4 4 4
12 4 4 4
3 4 4 4
1 4 4 3
1 4 4 3
1 4 4 4
1 4 4 4
10 4 4 5
1 4 4 2
10 4 4 4
12 4 4 4
11 4 4 4
3 4 4 4
10 4 4 3
1 4 4 4
1 4 4 3
1 4 4 5
5 4 4 4
40 40 4 2
45 32 4 5
24 8 4 5
21 8 4 3
73 30 4 4
2 8 4 2
7 8 4 5
2 8 4 3
9 8 4 4
6 8 4 2
6 8 4 5
8 8 4 4
15 8 4 2
6 8 4 4
12 8 4 3
82 37 4 3
8 37 4 5
28 37 4 4
16 37 4 4
91 32 4 5
64 32 4 4
60 32 4 4
54 32 4 5
68 32 4 5
39 32 4 4
91 32 4 4
7 32 4 4
86 32 4 4
54 32 4 4
62 32 4 4
6 22 4 5
6 5 4 4
6 5 4 4
3 5 4 5
13 5 4 5
11 5 4 4
15 5 4 3
10 5 4 5
8 5 4 4
9 5 4 5
6 5 4 5
5 5 4 2
5 5 4 4
2 5 4 4
4 5 4 5
4 5 4 4
11 5 4 3
3 5 4 4
12 5 4 4
14 5 4 4
15 5 4 4
5 5 4 4
6 5 4 4
14 5 4 3
15 5 4 4
2 5 4 4
5 5 4 5
3 5 4 4
2 5 4 5
12 5 4 4
7 5 4 5
2 5 4 2
4 5 4 4
8 5 4 4
1 5 4 5
13 5 4 4
12 5 4 4
1 5 4 4
6 5 4 4
1 5 4 5
2 5 4 2
4 5 4 3
5 5 4 5
15 5 4 5
1 5 4 4
8 5 4 5
15 5 4 3
15 5 4 2
6 5 4 4
8 5 4 3
13 5 4 5
4 5 4 5
7 5 4 5
8 5 4 4
2 5 4 4
11 5 4 5
13 5 4 4
13 5 4 5
9 5 4 5
10 5 4 3
15 5 4 4
10 5 4 3
12 5 4 3
12 5 4 5
10 5 4 4
2 5 4 4
5 5 4 4
2 5 4 5
8 5 4 5
2 5 4 5
7 5 4 5
4 5 4 5
10 5 4 5
12 5 4 5
4 5 4 3
9 5 4 4
15 5 4 5
6 5 4 4
5 5 4 4
13 5 4 5
9 5 4 5
2 5 4 5
8 5 4 4
4 5 4 4
14 5 4 4
6 5 4 5
1 5 4 2
15 5 4 5
14 5 4 5
2 5 4 4
6 5 4 2
1 4 4 4
1 4 4 4
4 4 4 4
1 4 4 3
8 4 4 5
11 4 4 4
12 4 4 5
3 4 4 5
1 4 4 5
9 4 4 5
4 4 4 5
6 4 4 5
4 4 4 5
3 4 4 5
2 4 4 5
4 4 4 4
10 4 4 4
12 4 4 4
1 4 4 4
2 4 4 5
2 4 4 3
12 4 4 5
8 4 4 3
5 4 4 3
11 4 4 3
12 4 4 4
4 4 4 5
10 4 4 4
10 4 4 3
11 4 4 5
1 4 4 3
2 4 4 3
1 4 4 5
11 4 4 4
11 4 4 5
9 4 4 4
2 4 4 5
10 4 4 4
12 4 4 4
1 4 4 5
8 4 4 4
1 4 4 4
8 4 4 5
4 4 4 4
1 4 4 4
8 4 4 5
1 4 4 5
2 4 4 4
1 4 4 2
4 4 4 3
3 4 4 3
12 4 4 4
12 4 4 5
6 4 4 5
8 4 4 3
11 4 4 5
11 4 4 5
5 4 4 4
3 4 4 3
5 4 4 5
4 4 4 5
10 4 4 4
9 4 4 3
2 4 4 4
3 4 4 4
1 4 4 4
12 4 4 4
3 4 4 4
11 4 4 4
7 4 4 5
1 4 4 4
6 4 4 3
4 4 4 5
1 4 4 4
3 4 4 5
11 4 4 5
7 4 4 4
7 4 4 4
3 4 4 5
4 4 4 4
1 4 4 4
10 4 4 3
12 4 4 3
11 4 4 3
8 4 4 3
2 4 4 3
4 4 4 4
4 4 4 5
10 4 4 4
4 4 4 3
4 4 4 5
1 4 4 3
2 4 4 2
3 4 4 3
9 4 4 5
10 4 4 2
5 4 4 4
3 4 4 3
9 4 4 4
12 4 4 4
5 4 4 4
1 4 4 5
7 4 4 2
1 4 4 3
12 4 4 5
1 4 4 5
12 4 4 5
12 4 4 5
12 4 4 5
12 4 4 4
9 4 4 5
1 4 4 3
10 4 4 5
11 4 4 5
8 4 4 4
1 4 4 4
1 4 4 2
7 4 4 4
12 4 4 4
11 4 4 4
11 4 4 4
1 4 4 3
6 4 4 3
12 4 4 4
12 4 4 2
1 4 4 5
2 4 4 3
3 4 4 4
2 4 4 4
1 4 4 4
11 4 4 4
8 4 4 5
2 4 4 5
2 4 4 4
5 4 4 3
81 32 4 5
81 36 4 3
81 36 4 2
77 37 4 5
4 20 4 4
4 17 4 3
17 15 4 4
39 15 4 5
10 15 4 5
15 9 4 3
5 6 4 5
4 6 4 3
6 6 4 4
40 72 4 4
33 39 4 4
33 35 4 5
33 42 4 5
33 21 4 4
33 15 4 4
16 80 4 4
24 34 4 5
24 46 4 5
25 69 4 4
25 28 4 5
25 34 4 3
25 10 4 2
35 79 4 4
42 32 4 4
21 47 4 5
16 47 4 5
5 14 4 4
5 7 4 4
5 7 4 5
5 6 4 2
5 5 4 5
5 8 4 5
77 31 4 3
49 54 4 5
28 28 4 5
28 17 4 3
5 9 4 3
23 9 4 4
11 53 4 5
66 46 4 5
2 7 4 4
2 7 4 5
2 7 4 4
6 7 4 3
8 7 4 4
13 7 4 5
19 7 4 2
14 7 4 3
35 82 4 5
57 36 4 3
30 46 4 4
27 25 4 4
27 14 4 5
21 7 4 4
6 7 4 4
31 87 4 5
56 49 4 4
5 24 4 4
5 20 4 5
5 31 4 3
5 38 4 5
5 7 4 5
5 6 4 4
5 8 4 4
5 6 4 4
56 55 4 4
39 36 4 5
17 22 4 4
4 14 4 5
13 8 4 4
8 6 4 5
1 6 4 4
4 6 4 4
31 23 4 4
31 18 4 5
3 12 4 3
28 12 4 5
51 38 4 5
40 75 4 4
11 54 4 4
11 9 4 4
5 12 4 4
6 12 4 4
51 49 4 3
8 38 4 4
43 29 4 4
26 9 4 3
3 9 4 4
14 9 4 5
28 133 4 4
7 24 4 4
7 35 4 5
7 65 4 5
7 19 4 4
7 23 4 5
7 12 4 4
7 15 4 5
7 18 4 4
28 29 4 4
28 23 4 5
6 26 4 4
14 26 4 4
8 9 4 4
8 17 4 4
42 17 3 2
38 17 3 5
35 17 3 5
38 17 3 3
42 17 3 4
3 17 3 5
51 17 3 4
23 17 3 4
4 17 3 5
32 17 3 5
44 17 3 3
48 17 3 4
5 17 3 4
29 17 3 4
8 17 3 4
51 17 3 3
5 17 3 4
28 17 3 3
23 17 3 3
10 17 3 4
9 17 3 5
26 17 3 1
6 17 3 3
46 17 3 4
30 24 3 5
43 24 3 3
32 24 3 3
10 24 3 4
18 24 3 4
47 16 3 5
39 20 3 4
7 24 3 3
48 17 3 5
39 18 3 3
41 18 3 5
11 18 3 5
22 18 3 5
8 18 3 5
5 18 3 4
54 18 3 2
26 18 3 5
54 18 3 3
20 11 3 5
7 7 3 4
13 7 3 4
13 6 3 3
10 6 3 4
9 6 3 5
2 6 3 4
18 6 3 3
1 6 3 5
13 6 3 4
17 6 3 4
5 6 3 5
15 6 3 4
11 6 3 5
4 6 3 4
18 6 3 4
12 6 3 4
11 6 3 3
1 6 3 4
1 6 3 3
11 6 3 5
1 6 3 5
18 6 3 5
14 6 3 5
8 6 3 4
2 6 3 4
6 6 3 3
10 6 3 3
3 6 3 4
9 6 3 5
13 6 3 5
6 6 3 5
12 6 3 5
6 6 3 5
5 7 3 3
2 7 3 4
21 7 3 5
10 7 3 3
4 7 3 5
6 7 3 1
6 4 3 4
11 4 3 4
8 4 3 4
10 4 3 4
4 4 3 4
5 8 3 4
20 8 3 4
2 8 3 3
20 8 3 4
30 25 3 4
23 34 3 5
46 16 3 5
7 16 3 3
48 16 3 5
28 16 3 5
14 16 3 5
42 16 3 4
37 16 3 5
16 16 3 4
43 16 3 4
22 16 3 3
44 16 3 4
46 16 3 3
46 16 3 4
11 16 3 5
10 16 3 4
41 16 3 3
4 18 3 2
28 18 3 4
52 18 3 5
47 18 3 4
54 18 3 3
23 18 3 5
35 18 3 2
46 18 3 5
54 18 3 5
37 18 3 3
17 18 3 3
53 18 3 5
51 18 3 3
51 17 3 3
11 17 3 3
35 17 3 3
9 17 3 4
37 17 3 4
23 17 3 4
49 17 3 4
29 17 3 3
35 17 3 4
27 17 3 3
43 17 3 4
36 17 3 2
47 17 3 5
4 17 3 3
14 17 3 5
6 17 3 3
46 17 3 4
22 13 3 5
7 4 3 4
15 4 3 4
46 17 3 5
6 17 3 5
49 17 3 2
3 17 3 4
36 17 3 3
10 17 3 4
4 17 3 3
48 17 3 5
22 17 3 5
41 17 3 3
43 17 3 4
49 17 3 4
51 17 3 3
46 17 3 4
48 17 3 5
22 11 3 5
2 6 3 4
1 6 3 4
13 6 3 3
6 6 3 5
43 18 3 5
35 24 3 3
42 17 3 2
32 23 3 4
48 16 3 4
30 16 3 5
28 16 3 4
47 16 3 5
24 16 3 4
43 16 3 5
43 16 3 3
46 16 3 3
47 16 3 4
16 10 3 3
11 6 3 5
5 6 3 3
11 7 3 5
13 7 3 5
18 7 3 3
21 7 3 4
15 7 3 2
4 7 3 4
21 7 3 5
18 7 3 5
20 7 3 5
2 7 3 5
8 7 3 2
9 7 3 3
18 7 3 5
21 7 3 3
14 7 3 5
19 7 3 4
5 7 3 4
19 7 3 5
12 7 3 4
6 7 3 5
21 7 3 5
1 7 3 5
1 7 3 5
3 7 3 5
3 7 3 5
10 7 3 5
8 7 3 3
20 7 3 5
21 7 3 4
10 7 3 5
45 17 3 4
8 17 3 3
30 17 3 5
47 17 3 5
41 17 3 4
4 17 3 2
11 17 3 4
35 17 3 4
8 17 3 4
3 17 3 4
9 17 3 5
44 17 3 4
20 17 3 5
8 17 3 3
12 17 3 4
5 17 3 3
12 17 3 3
4 17 3 4
3 17 3 4
33 17 3 4
11 17 3 4
7 17 3 4
4 8 3 4
4 9 3 5
47 18 3 4
10 18 3 5
46 18 3 4
8 18 3 4
12 18 3 3
54 18 3 4
52 18 3 5
7 18 3 5
49 18 3 3
22 18 3 4
28 18 3 4
30 18 3 5
20 18 3 4
19 11 3 3
2 7 3 3
17 7 3 4
5 13 3 2
20 13 3 3
19 13 3 3
23 13 3 5
9 13 3 3
35 13 3 4
14 13 3 4
38 13 3 3
20 13 3 3
6 13 3 4
38 13 3 4
38 13 3 4
25 13 3 4
3 13 3 5
15 13 3 5
3 13 3 3
3 13 3 5
39 13 3 5
3 13 3 5
6 13 3 3
28 13 3 3
14 8 3 4
1 5 3 3
7 5 3 4
6 5 3 4
12 54 3 5
30 20 3 4
30 20 3 3
25 14 3 4
5 6 3 4
5 8 3 3
28 28 3 4
7 28 3 5
35 19 3 4
30 25 3 3
13 49 3 4
9 4 3 4
4 4 3 2
24 28 3 4
6 28 3 3
30 19 3 4
13 64 3 5
17 19 3 4
17 65 3 3
6 11 3 4
11 11 3 5
13 22 3 3
13 9 3 3
13 56 3 4
27 30 3 4
6 16 3 4
6 56 3 5
6 12 3 5
6 22 3 4
6 22 3 2
6 9 3 3
6 4 3 5
6 5 3 5
27 17 3 4
27 24 3 5
27 17 3 5
27 23 3 3
13 35 3 4
14 14 3 5
14 11 3 5
14 10 3 4
13 28 3 4
13 16 3 3
13 15 3 5
13 24 3 4
13 7 3 5
12 49 2 5
16 41 2 4
41 15 2 4
45 15 2 4
44 15 2 5
20 15 2 4
3 15 2 5
3 15 2 3
26 15 2 4
7 15 2 4
42 15 2 4
44 15 2 5
43 15 2 5
19 15 2 4
32 15 2 3
37 15 2 3
44 15 2 4
10 15 2 4
12 8 2 5
12 7 2 4
25 24 2 5
40 19 2 5
39 15 2 4
32 19 2 3
43 19 2 3
36 19 2 4
44 15 2 4
42 15 2 4
18 15 2 5
19 15 2 5
3 15 2 4
26 15 2 3
19 15 2 2
3 4 2 5
10 4 2 4
11 4 2 4
3 4 2 4
9 4 2 4
11 4 2 3
12 4 2 4
4 4 2 4
5 4 2 5
1 4 2 5
5 4 2 3
2 4 2 4
1 4 2 5
4 4 2 5
12 4 2 4
7 4 2 5
12 4 2 2
5 4 2 4
10 4 2 5
1 4 2 5
2 4 2 5
5 4 2 3
2 4 2 4
1 4 2 5
3 4 2 3
1 4 2 4
1 4 2 3
12 4 2 4
3 4 2 3
1 4 2 4
7 4 2 3
5 4 2 4
3 4 2 5
1 4 2 5
1 4 2 4
9 4 2 4
5 4 2 3
2 4 2 4
1 4 2 5
4 4 2 5
13 4 2 2
10 15 2 4
22 15 2 3
44 15 2 3
38 15 2 3
44 15 2 5
12 15 2 4
45 15 2 3
24 15 2 2
40 15 2 4
8 15 2 5
30 15 2 4
6 15 2 4
38 15 2 5
25 10 2 5
45 15 2 5
45 19 2 5
29 25 2 5
12 16 2 4
2 9 2 5
10 9 2 5
3 9 2 4
17 9 2 4
2 9 2 4
5 9 2 5
3 9 2 3
11 9 2 4
16 8 2 3
17 37 2 5
42 15 2 3
41 16 2 4
22 28 2 5
41 15 2 3
24 15 2 2
12 15 2 5
23 15 2 4
4 15 2 4
39 15 2 4
20 15 2 4
5 15 2 4
18 15 2 3
33 15 2 5
19 15 2 5
45 15 2 5
32 15 2 4
4 15 2 5
3 15 2 4
41 15 2 4
15 9 2 3
3 6 2 3
6 6 2 4
6 6 2 5
32 22 2 5
28 22 2 3
45 15 2 5
37 15 2 4
33 15 2 2
7 15 2 4
29 15 2 5
25 15 2 2
16 15 2 3
9 15 2 5
3 15 2 4
16 15 2 5
39 15 2 4
44 15 2 4
11 15 2 5
4 8 2 4
4 3 2 5
4 4 2 4
2 7 2 2
18 7 2 5
2 7 2 4
20 7 2 4
2 7 2 3
2 7 2 2
1 7 2 4
6 7 2 4
2 7 2 5
20 7 2 5
12 7 2 5
2 7 2 3
4 7 2 5
8 7 2 5
2 7 2 5
18 7 2 4
18 7 2 4
12 7 2 4
6 7 2 4
3 7 2 2
21 7 2 4
6 7 2 5
3 7 2 4
6 7 2 4
1 7 2 4
3 7 2 3
4 7 2 5
1 7 2 5
21 7 2 5
7 7 2 4
8 7 2 4
2 7 2 5
2 7 2 5
9 7 2 5
2 7 2 5
2 7 2 2
12 7 2 5
12 7 2 4
3 7 2 4
10 7 2 3
17 7 2 5
6 7 2 3
22 9 2 4
41 17 2 4
4 4 2 4
2 4 2 5
1 4 2 3
5 4 2 5
1 4 2 5
11 4 2 4
7 4 2 4
10 4 2 5
42 15 2 4
5 7 2 4
5 7 2 4
21 7 2 3
11 7 2 3
20 36 2 3
36 18 2 3
46 18 2 5
6 18 2 4
51 18 2 3
38 18 2 3
46 18 2 4
40 18 2 3
15 18 2 4
20 18 2 5
4 18 2 5
4 18 2 4
24 18 2 3
51 18 2 4
4 18 2 5
21 18 2 2
7 18 2 5
21 18 2 3
28 18 2 4
4 18 2 5
14 13 2 4
10 5 2 3
4 5 2 5
25 26 2 5
36 18 2 3
10 18 2 3
45 18 2 4
14 18 2 4
12 18 2 5
47 18 2 5
36 18 2 4
36 18 2 5
50 18 2 5
4 18 2 3
46 18 2 4
6 18 2 4
18 18 2 5
48 18 2 4
35 18 2 5
12 13 2 4
6 5 2 4
1 5 2 5
5 5 2 4
8 8 2 4
5 8 2 5
22 8 2 4
7 8 2 4
23 8 2 4
5 8 2 4
15 8 2 4
11 8 2 4
20 8 2 3
20 8 2 5
14 8 2 5
22 8 2 4
2 8 2 2
24 8 2 2
21 8 2 5
16 8 2 4
12 8 2 2
4 8 2 5
9 8 2 5
15 8 2 5
7 8 2 4
14 8 2 4
16 8 2 5
12 8 2 4
4 8 2 5
21 8 2 5
6 8 2 2
2 8 2 4
6 8 2 4
8 8 2 4
24 8 2 4
18 8 2 4
6 8 2 4
17 8 2 3
19 8 2 3
40 15 2 5
19 36 2 3
44 15 2 3
5 15 2 5
15 15 2 5
6 15 2 5
44 15 2 3
29 15 2 5
13 15 2 5
44 15 2 3
32 15 2 5
35 15 2 3
44 15 2 4
45 15 2 5
6 15 2 3
45 15 2 3
3 15 2 5
4 15 2 5
7 7 2 4
2 8 2 3
5 4 2 5
5 4 2 5
44 17 2 5
28 17 2 5
26 17 2 5
39 17 2 3
5 17 2 4
9 17 2 5
6 17 2 5
8 17 2 3
26 17 2 4
49 17 2 5
5 17 2 5
47 17 2 3
11 17 2 4
12 17 2 5
12 17 2 5
31 17 2 4
42 17 2 5
21 17 2 5
5 4 2 5
12 4 2 4
12 4 2 5
1 4 2 4
4 4 2 4
1 4 2 5
2 4 2 5
8 4 2 4
2 4 2 5
9 4 2 3
2 4 2 4
5 4 2 5
4 4 2 2
2 4 2 4
1 4 2 4
9 4 2 3
12 4 2 3
8 4 2 5
8 4 2 5
1 4 2 5
9 4 2 4
8 4 2 4
6 4 2 3
11 4 2 5
6 4 2 4
8 4 2 5
3 4 2 3
12 4 2 3
3 4 2 4
4 4 2 5
1 4 2 3
3 4 2 4
6 4 2 4
11 4 2 5
8 4 2 4
1 4 2 3
2 4 2 5
7 4 2 4
9 4 2 5
4 4 2 3
1 4 2 5
9 4 2 5
1 4 2 5
11 4 2 5
11 4 2 2
4 4 2 4
3 4 2 5
7 4 2 3
6 4 2 4
7 4 2 4
1 4 2 5
1 4 2 5
5 4 2 5
6 4 2 5
12 4 2 4
1 4 2 4
8 4 2 4
12 4 2 4
12 4 2 4
8 4 2 5
1 4 2 3
9 4 2 4
4 4 2 2
3 4 2 3
3 4 2 5
3 4 2 4
1 4 2 2
7 4 2 5
2 4 2 5
7 4 2 4
1 4 2 4
10 4 2 4
14 4 2 2
22 14 2 5
3 14 2 4
15 14 2 4
42 14 2 4
32 14 2 2
12 14 2 3
37 14 2 5
3 14 2 4
5 14 2 5
26 14 2 5
27 14 2 4
4 14 2 4
10 14 2 5
41 14 2 4
4 14 2 5
37 14 2 4
5 14 2 4
42 14 2 4
12 14 2 3
41 14 2 5
20 14 2 4
26 35 2 4
14 13 2 2
14 11 2 3
14 7 2 5
9 4 2 3
5 4 2 5
20 15 2 2
20 27 2 4
10 16 2 5
10 16 2 5
60 44 1 3
24 120 1 4
71 45 1 5
88 34 1 4
85 31 1 5
78 31 1 2
63 31 1 4
12 31 1 4
93 31 1 4
8 31 1 5
15 31 1 3
44 31 1 4
21 31 1 4
63 31 1 3
91 31 1 4
24 31 1 5
77 31 1 4
84 31 1 5
93 31 1 2
21 31 1 2
33 31 1 4
19 31 1 4
15 31 1 5
61 31 1 2
7 31 1 5
6 31 1 4
64 31 1 3
69 31 1 2
92 31 1 5
39 31 1 4
15 31 1 5
79 31 1 4
72 31 1 4
7 31 1 5
35 31 1 5
25 31 1 5
19 31 1 3
60 31 1 4
13 31 1 4
65 31 1 5
84 31 1 4
57 31 1 5
80 31 1 5
69 27 1 5
10 4 1 3
5 4 1 4
8 4 1 2
6 4 1 5
12 4 1 5
3 4 1 4
3 4 1 5
12 4 1 3
10 4 1 4
40 14 1 4
41 14 1 4
37 14 1 3
33 14 1 3
30 14 1 5
34 14 1 3
12 14 1 5
38 14 1 5
34 14 1 4
37 14 1 4
42 14 1 4
12 14 1 3
27 14 1 5
15 14 1 3
32 14 1 5
41 14 1 3
19 14 1 5
42 14 1 4
41 14 1 4
13 14 1 4
35 14 1 5
5 14 1 4
36 14 1 4
39 14 1 4
37 14 1 5
14 14 1 4
29 14 1 3
10 14 1 5
15 14 1 4
41 14 1 5
38 14 1 4
15 14 1 5
37 14 1 5
37 14 1 2
38 14 1 5
29 14 1 5
5 14 1 4
39 14 1 4
42 14 1 5
25 14 1 4
23 14 1 4
42 14 1 4
10 14 1 3
39 14 1 3
36 14 1 3
37 14 1 2
20 14 1 4
21 14 1 5
3 14 1 4
15 14 1 3
8 14 1 4
33 14 1 4
33 14 1 4
11 14 1 5
21 14 1 5
15 14 1 5
3 14 1 3
24 14 1 5
3 14 1 3
8 14 1 3
24 14 1 4
19 14 1 5
4 14 1 4
38 14 1 5
4 14 1 4
28 14 1 4
15 14 1 3
5 14 1 5
15 14 1 4
18 14 1 4
10 14 1 4
9 14 1 4
9 14 1 4
11 14 1 4
3 14 1 3
5 14 1 4
36 14 1 3
33 14 1 5
5 14 1 5
38 14 1 5
4 14 1 4
33 14 1 5
8 11 1 4
19 11 1 4
32 11 1 5
4 11 1 4
2 11 1 5
3 11 1 4
20 11 1 5
84 32 1 5
60 32 1 4
71 32 1 5
13 32 1 3
63 32 1 4
96 32 1 4
69 32 1 4
86 32 1 5
72 32 1 5
53 32 1 3
91 32 1 4
39 32 1 4
7 32 1 4
20 32 1 5
10 32 1 3
85 32 1 5
96 32 1 4
22 32 1 5
62 32 1 2
96 32 1 3
36 32 1 5
83 32 1 2
17 32 1 3
62 32 1 4
38 32 1 4
48 32 1 5
85 32 1 5
93 32 1 5
69 32 1 3
64 32 1 4
24 32 1 5
12 32 1 2
52 32 1 3
96 32 1 4
66 32 1 5
39 32 1 4
11 32 1 4
26 17 1 4
26 11 1 5
8 4 1 5
9 4 1 5
9 4 1 4
83 43 1 5
9 43 1 5
80 34 1 4
12 43 1 4
102 35 1 4
30 43 1 5
75 43 1 5
74 43 1 5
95 32 1 4
94 32 1 4
61 32 1 4
41 32 1 5
72 32 1 4
19 32 1 5
55 32 1 4
6 32 1 5
7 32 1 4
45 32 1 4
15 32 1 4
21 32 1 5
18 32 1 4
75 32 1 3
78 32 1 5
14 32 1 4
70 32 1 4
7 32 1 4
51 32 1 4
96 32 1 4
14 32 1 3
16 32 1 5
94 32 1 4
21 32 1 3
52 32 1 5
77 32 1 5
47 32 1 3
65 32 1 4
30 32 1 2
7 32 1 5
74 32 1 5
7 32 1 4
38 32 1 2
54 32 1 4
14 32 1 3
11 32 1 4
11 32 1 5
29 32 1 5
50 32 1 2
29 11 1 5
4 11 1 4
32 11 1 4
6 11 1 4
14 11 1 4
24 11 1 4
24 11 1 3
9 11 1 5
26 11 1 4
26 11 1 5
3 11 1 5
5 11 1 5
6 11 1 5
3 11 1 4
33 11 1 4
29 11 1 3
8 11 1 5
12 11 1 5
10 11 1 5
22 11 1 5
3 11 1 3
21 11 1 3
32 11 1 5
23 11 1 3
27 11 1 4
32 11 1 4
5 11 1 4
27 11 1 5
10 11 1 5
5 11 1 4
24 11 1 5
14 11 1 4
6 11 1 5
18 11 1 4
25 11 1 3
10 11 1 5
23 11 1 4
28 11 1 3
33 11 1 4
32 11 1 5
6 11 1 5
14 11 1 4
16 11 1 3
8 11 1 5
17 11 1 5
25 11 1 4
30 11 1 2
28 11 1 5
20 11 1 3
7 11 1 5
33 11 1 4
30 11 1 5
16 11 1 4
28 11 1 4
5 11 1 4
23 11 1 3
24 11 1 4
28 11 1 4
32 11 1 4
9 11 1 5
11 11 1 4
16 11 1 5
6 11 1 4
16 11 1 4
27 11 1 4
32 11 1 3
16 11 1 4
4 11 1 4
22 11 1 4
30 11 1 5
21 11 1 2
31 11 1 5
19 11 1 4
31 11 1 4
28 11 1 4
31 11 1 3
29 11 1 5
28 11 1 4
12 11 1 4
33 11 1 5
7 11 1 2
33 11 1 3
11 11 1 5
18 11 1 4
4 11 1 2
13 7 1 3
1 4 1 4
12 4 1 4
24 8 1 5
24 8 1 3
4 8 1 5
4 8 1 3
12 8 1 5
4 8 1 5
2 8 1 3
20 8 1 4
8 8 1 4
17 9 1 4
5 9 1 4
4 9 1 4
24 9 1 5
30 9 1 3
26 60 1 5
12 60 1 4
72 38 1 3
90 30 1 4
82 30 1 5
28 30 1 5
10 30 1 4
53 30 1 4
34 30 1 5
87 30 1 5
90 30 1 3
80 30 1 4
84 30 1 4
63 30 1 5
7 30 1 4
7 30 1 3
31 30 1 5
28 30 1 2
6 30 1 4
89 30 1 4
18 30 1 4
76 30 1 3
15 30 1 3
71 30 1 4
38 30 1 5
26 30 1 2
40 30 1 3
16 30 1 2
6 30 1 3
42 30 1 5
12 30 1 5
6 30 1 5
48 30 1 4
13 30 1 4
84 30 1 3
81 30 1 3
53 30 1 2
88 30 1 5
27 30 1 4
45 30 1 2
80 30 1 5
34 30 1 4
13 30 1 4
69 30 1 4
75 30 1 2
64 30 1 3
21 30 1 4
17 30 1 4
84 30 1 4
9 30 1 3
28 30 1 3
28 30 1 3
54 30 1 4
10 30 1 4
66 30 1 3
10 30 1 4
16 30 1 5
14 30 1 4
58 30 1 4
78 30 1 4
6 30 1 4
87 30 1 4
38 30 1 3
32 30 1 4
6 30 1 3
68 30 1 3
30 30 1 5
58 30 1 4
80 30 1 4
81 30 1 3
85 30 1 4
44 30 1 4
66 30 1 4
11 30 1 3
90 30 1 4
9 30 1 4
26 30 1 3
57 30 1 4
81 30 1 4
75 30 1 2
8 30 1 4
47 30 1 4
31 30 1 5
41 30 1 3
86 30 1 4
64 30 1 4
48 30 1 4
87 30 1 4
67 30 1 4
49 24 1 5
5 6 1 5
11 6 1 4
18 6 1 5
2 6 1 5
13 6 1 5
47 22 1 3
25 14 1 4
8 8 1 5
17 8 1 5
60 32 1 5
50 60 1 5
10 19 1 4
10 21 1 5
10 15 1 4
10 34 1 5
3 15 1 3
7 15 1 3
50 29 1 4
38 15 1 4
12 8 1 4
12 7 1 4
