500 500 10
4
1250 290 4
220 700 3
120 1050 2
1600 210 1
1772
63 42 4 4
13 42 4 2
29 42 4 4
16 42 4 2
102 34 4 3
103 36 4 4
90 37 4 2
41 37 4 2
22 37 4 1
9 37 4 3
30 37 4 3
37 37 4 2
35 37 4 3
34 37 4 4
102 37 4 4
99 33 4 2
88 33 4 4
16 33 4 4
32 33 4 4
99 33 4 1
16 33 4 1
8 33 4 2
79 33 4 4
73 33 4 2
14 15 4 2
10 18 4 1
4 9 4 3
4 4 4 4
4 5 4 3
3 4 4 1
4 4 4 4
1 4 4 2
3 4 4 3
9 4 4 1
2 4 4 1
1 4 4 3
2 4 4 3
1 4 4 1
6 4 4 4
1 4 4 1
9 4 4 3
2 4 4 2
12 4 4 1
1 4 4 3
1 4 4 3
10 4 4 2
6 4 4 1
2 4 4 4
11 4 4 3
12 4 4 3
1 4 4 3
8 4 4 1
8 4 4 2
8 4 4 3
10 4 4 2
4 4 4 3
2 4 4 1
10 4 4 4
11 4 4 1
8 4 4 2
3 4 4 1
1 4 4 2
5 4 4 3
1 4 4 2
12 4 4 4
11 4 4 4
10 4 4 2
1 4 4 4
12 4 4 4
9 4 4 4
12 4 4 4
1 4 4 4
11 4 4 2
6 4 4 2
12 4 4 3
12 4 4 2
2 4 4 4
10 4 4 1
8 4 4 2
8 4 4 4
2 4 4 3
9 4 4 4
2 4 4 1
1 4 4 2
4 4 4 2
8 4 4 2
5 4 4 2
8 4 4 1
12 4 4 1
4 4 4 2
10 4 4 2
10 4 4 3
4 4 4 3
4 4 4 4
2 4 4 3
9 4 4 3
12 4 4 3
10 4 4 4
12 4 4 1
1 4 4 2
7 4 4 4
3 4 4 1
6 4 4 1
3 4 4 2
1 4 4 3
8 4 4 4
7 4 4 1
2 4 4 2
9 4 4 1
12 4 4 1
11 4 4 1
10 4 4 2
7 5 4 1
8 5 4 1
10 5 4 1
7 5 4 2
14 5 4 3
11 5 4 1
15 5 4 4
13 5 4 2
13 5 4 4
10 5 4 4
13 5 4 1
14 5 4 4
1 5 4 1
6 5 4 4
4 5 4 4
1 5 4 3
15 5 4 4
9 5 4 4
14 5 4 2
2 5 4 4
11 5 4 2
11 5 4 2
13 5 4 4
15 5 4 4
10 5 4 1
5 5 4 3
9 5 4 1
4 5 4 2
3 5 4 2
15 5 4 3
13 5 4 1
1 5 4 3
1 5 4 4
4 5 4 4
3 5 4 1
5 5 4 4
15 5 4 4
3 5 4 4
7 5 4 4
15 5 4 3
14 5 4 2
14 5 4 1
3 5 4 3
3 5 4 3
2 5 4 1
1 5 4 1
12 5 4 2
15 5 4 1
15 5 4 1
10 5 4 4
5 5 4 1
3 5 4 3
15 5 4 4
2 5 4 4
13 5 4 2
15 5 4 2
15 5 4 4
6 5 4 3
1 5 4 3
10 5 4 2
9 5 4 1
13 5 4 3
2 5 4 1
10 5 4 4
10 5 4 3
11 5 4 1
1 5 4 2
7 5 4 2
1 5 4 3
14 5 4 3
9 5 4 3
3 5 4 4
14 5 4 4
7 5 4 3
14 5 4 3
13 5 4 2
1 5 4 1
13 5 4 1
5 5 4 3
1 5 4 4
14 5 4 1
15 5 4 4
1 5 4 1
3 5 4 2
13 5 4 2
1 5 4 3
9 5 4 2
2 5 4 3
7 5 4 4
10 5 4 1
10 5 4 1
10 5 4 2
3 5 4 4
6 5 4 4
3 5 4 1
11 5 4 2
10 5 4 3
1 5 4 1
5 5 4 2
15 5 4 4
2 5 4 3
4 5 4 4
1 5 4 4
7 5 4 4
4 5 4 4
1 5 4 4
15 5 4 1
13 5 4 3
1 5 4 3
1 5 4 2
7 5 4 2
1 5 4 3
4 5 4 2
10 5 4 1
6 5 4 3
3 5 4 3
13 5 4 3
4 6 4 2
14 6 4 1
18 6 4 1
15 6 4 1
1 6 4 1
17 6 4 1
17 6 4 3
17 6 4 3
11 8 4 3
9 8 4 4
20 8 4 3
24 8 4 4
23 8 4 2
4 8 4 3
5 8 4 2
6 8 4 4
100 36 4 2
100 37 4 3
85 30 4 1
57 61 4 2
84 29 4 4
6 29 4 3
60 29 4 3
31 29 4 3
6 29 4 3
62 29 4 3
7 29 4 4
29 29 4 1
9 29 4 2
83 29 4 2
87 29 4 2
24 29 4 1
55 29 4 2
79 29 4 3
7 29 4 4
39 29 4 4
8 29 4 3
85 29 4 4
53 29 4 3
29 29 4 1
35 29 4 3
30 24 4 4
12 5 4 3
3 5 4 3
9 5 4 3
6 5 4 4
44 32 4 2
90 32 4 3
78 32 4 4
96 32 4 1
48 32 4 4
14 32 4 4
61 32 4 3
24 32 4 2
29 32 4 2
7 32 4 2
94 32 4 3
13 32 4 4
7 32 4 2
27 32 4 3
90 32 4 3
94 32 4 2
27 32 4 2
20 32 4 4
45 23 4 4
2 9 4 4
11 9 4 1
11 9 4 2
14 9 4 3
7 9 4 1
95 38 4 3
44 38 4 2
22 38 4 3
8 38 4 1
8 38 4 2
102 38 4 1
10 38 4 4
91 31 4 2
13 31 4 2
92 31 4 3
87 31 4 1
91 31 4 2
45 31 4 1
50 31 4 4
10 31 4 3
90 31 4 1
19 31 4 3
45 31 4 3
30 31 4 4
13 13 4 1
13 9 4 4
13 9 4 2
10 7 4 4
3 7 4 3
17 7 4 4
16 7 4 4
3 7 4 1
1 7 4 2
20 7 4 2
20 7 4 2
17 7 4 4
2 7 4 2
2 7 4 2
1 7 4 3
12 7 4 4
15 7 4 1
13 7 4 3
13 7 4 3
4 7 4 1
16 7 4 3
18 7 4 3
6 7 4 1
7 7 4 1
10 7 4 1
11 7 4 3
11 7 4 2
19 7 4 1
14 7 4 3
2 7 4 3
4 7 4 1
8 7 4 4
15 7 4 4
5 7 4 1
12 7 4 2
7 7 4 2
3 7 4 3
21 7 4 1
3 7 4 3
2 7 4 2
17 7 4 2
15 7 4 2
12 7 4 2
5 7 4 3
3 7 4 4
2 7 4 2
20 7 4 3
4 7 4 4
10 7 4 1
21 7 4 4
20 7 4 3
2 7 4 3
16 7 4 4
8 7 4 3
16 7 4 2
16 7 4 4
5 7 4 3
19 7 4 1
2 7 4 1
4 7 4 1
18 7 4 4
20 7 4 3
5 7 4 2
16 7 4 3
21 7 4 3
16 7 4 3
82 40 4 1
54 52 4 1
99 37 4 2
11 52 4 4
105 35 4 2
12 52 4 1
33 52 4 3
11 52 4 1
34 52 4 2
71 35 4 2
57 52 4 4
64 42 4 3
105 35 4 2
99 35 4 3
85 35 4 1
43 24 4 3
29 11 4 2
7 11 4 3
7 11 4 3
3 17 4 3
38 17 4 3
51 17 4 1
49 17 4 3
33 17 4 2
28 17 4 2
25 17 4 4
14 17 4 3
8 17 4 1
49 17 4 4
34 17 4 4
25 10 4 3
26 10 4 2
13 10 4 1
41 17 4 1
30 13 4 1
1 4 4 2
12 4 4 3
5 4 4 1
4 4 4 2
4 4 4 1
4 4 4 3
19 17 4 1
20 17 4 3
18 17 4 3
48 17 4 4
10 15 4 2
34 15 4 4
13 15 4 4
28 15 4 4
14 15 4 3
20 97 4 1
61 59 4 4
17 59 4 3
65 47 4 2
95 32 4 2
13 47 4 3
83 47 4 2
37 47 4 3
101 35 4 1
88 30 4 4
77 30 4 2
35 30 4 1
73 30 4 1
25 30 4 2
20 30 4 2
73 30 4 3
9 17 4 2
10 17 4 3
47 17 4 2
27 17 4 1
49 17 4 2
50 17 4 2
10 17 4 3
42 17 4 4
45 17 4 1
6 17 4 1
42 17 4 4
50 17 4 1
4 5 4 1
4 4 4 3
4 3 4 3
4 5 4 1
6 12 4 4
3 12 4 3
21 12 4 3
36 12 4 4
16 12 4 1
19 12 4 4
40 15 4 3
3 15 4 1
38 15 4 1
14 15 4 3
33 12 4 4
26 12 4 1
4 12 4 2
32 12 4 1
17 12 4 3
9 12 4 1
7 12 4 3
16 12 4 2
30 12 4 1
24 12 4 2
9 12 4 3
15 12 4 1
20 12 4 3
7 12 4 1
6 12 4 4
24 12 4 1
13 12 4 4
19 12 4 2
26 12 4 4
12 12 4 1
3 12 4 4
7 12 4 3
33 12 4 3
21 12 4 2
16 12 4 4
33 12 4 1
5 12 4 1
6 12 4 2
27 12 4 1
4 12 4 2
27 12 4 4
9 12 4 3
30 12 4 1
22 12 4 4
19 12 4 2
2 12 4 3
13 12 4 2
22 12 4 3
36 12 4 3
11 12 4 4
8 12 4 2
15 12 4 2
35 12 4 3
2 12 4 1
24 12 4 2
6 12 4 3
94 38 4 4
60 38 4 2
10 38 4 3
84 28 4 4
69 28 4 4
54 28 4 4
84 28 4 2
39 28 4 2
80 28 4 2
37 28 4 4
18 28 4 2
24 28 4 1
56 28 4 4
34 28 4 4
69 28 4 2
14 28 4 4
37 19 4 3
20 9 4 3
17 9 4 4
12 10 4 1
26 10 4 3
30 10 4 1
2 10 4 2
27 10 4 2
6 10 4 2
4 10 4 3
3 10 4 2
2 10 4 2
4 10 4 2
22 10 4 2
3 10 4 4
3 10 4 4
30 10 4 1
3 10 4 3
3 10 4 1
28 10 4 2
27 10 4 2
22 10 4 3
5 10 4 4
25 10 4 4
8 10 4 2
26 10 4 3
23 10 4 1
23 10 4 2
2 10 4 1
8 10 4 4
23 10 4 3
20 10 4 2
17 10 4 3
12 10 4 1
18 10 4 2
30 10 4 4
29 10 4 2
10 10 4 4
20 10 4 4
2 10 4 4
18 10 4 3
4 10 4 4
29 10 4 4
4 10 4 1
13 10 4 2
9 10 4 4
30 10 4 3
4 10 4 3
5 10 4 4
2 10 4 1
23 10 4 2
25 97 4 2
57 43 4 4
41 66 4 4
16 21 4 2
16 28 4 2
16 11 4 2
16 6 4 1
25 12 4 2
85 35 4 4
26 101 4 4
31 90 4 4
28 85 4 3
13 16 4 1
4 16 4 3
11 8 4 1
11 8 4 2
5 11 4 4
26 11 4 4
85 39 4 2
78 43 4 3
7 20 4 3
7 7 4 3
7 6 4 3
7 5 4 1
3 5 4 1
4 5 4 1
35 77 4 1
65 32 4 4
65 29 4 4
4 16 4 2
48 16 4 4
13 11 4 1
13 5 4 2
36 69 4 3
64 28 4 2
64 30 4 2
10 11 4 2
3 11 4 2
7 11 4 1
14 11 4 3
30 11 4 1
25 65 4 1
75 47 4 3
44 18 4 1
5 18 4 2
4 18 4 3
17 18 4 3
5 13 4 4
5 5 4 1
94 36 4 3
6 8 4 4
6 8 4 3
6 20 4 2
32 112 4 2
68 51 4 1
68 37 4 2
7 24 4 4
25 24 4 3
36 18 4 4
16 6 4 2
12 6 4 4
8 6 4 2
20 64 4 1
62 48 4 4
11 48 4 1
7 33 4 4
7 6 4 4
7 9 4 4
37 16 4 3
16 16 4 1
16 16 4 2
11 8 4 1
11 8 4 4
66 24 3 2
52 26 3 2
40 26 3 2
52 26 3 2
10 10 3 4
10 16 3 2
30 46 3 3
13 46 3 4
10 46 3 3
41 36 3 2
46 29 3 1
14 36 3 3
1 7 3 2
10 7 3 2
21 7 3 2
1 7 3 2
3 7 3 4
5 7 3 3
5 7 3 3
24 10 3 2
10 10 3 4
2 10 3 3
18 10 3 4
2 10 3 3
14 10 3 3
31 10 3 2
63 21 3 4
25 42 3 2
19 76 3 2
47 19 3 3
28 48 3 1
19 36 3 4
19 12 3 2
27 9 3 1
20 9 3 1
62 22 3 1
4 60 3 4
4 24 3 4
4 81 3 3
4 28 3 2
4 24 3 2
4 30 3 2
4 59 3 3
4 37 3 1
4 24 3 3
4 16 3 2
4 15 3 2
4 17 3 1
4 17 3 3
4 42 3 1
4 11 3 2
4 11 3 4
4 10 3 4
4 9 3 4
4 8 3 4
4 15 3 2
4 5 3 4
4 9 3 2
62 23 3 3
62 23 3 2
57 19 3 2
5 7 3 4
5 8 3 2
5 4 3 4
19 58 3 2
43 24 3 2
43 23 3 3
19 11 3 1
24 11 3 3
62 21 3 1
19 81 3 3
31 36 3 2
12 19 3 1
12 17 3 4
12 45 3 2
31 28 3 1
31 17 3 1
53 22 3 1
9 10 3 4
9 6 3 1
9 6 3 2
20 73 3 1
15 70 3 2
27 21 3 2
27 23 3 4
15 70 3 3
12 18 3 2
12 36 3 1
12 10 3 2
12 6 3 1
18 82 3 3
9 52 3 3
9 30 3 1
27 27 3 4
27 19 3 4
27 21 3 4
27 14 3 3
6 6 3 2
16 6 3 2
5 6 3 3
15 21 3 1
15 45 3 2
15 88 3 1
15 17 3 4
15 17 3 3
15 11 3 3
15 14 3 3
20 58 3 1
16 78 3 1
4 10 3 2
4 29 3 2
4 8 3 3
4 15 3 2
4 10 3 3
4 6 3 2
20 29 3 2
20 21 3 1
6 24 3 2
14 11 3 2
3 13 3 3
3 13 3 4
8 13 3 1
25 25 3 2
25 25 3 1
25 34 3 2
25 22 3 4
20 54 3 1
5 10 3 1
5 19 3 2
5 13 3 1
5 5 3 2
5 7 3 4
25 23 3 4
25 24 3 3
25 38 3 3
15 73 3 4
10 17 3 1
10 14 3 3
10 17 3 4
10 20 3 3
10 5 3 3
25 23 3 3
25 33 3 3
25 21 3 2
25 32 3 2
25 45 3 4
25 20 3 3
25 21 3 4
25 21 3 3
11 52 3 4
14 52 3 2
63 21 3 1
19 62 3 1
44 19 3 1
44 37 3 3
18 88 3 4
26 40 3 3
26 29 3 3
26 25 3 2
26 21 3 1
26 20 3 2
26 25 3 1
26 19 3 1
26 32 3 4
17 75 3 4
9 53 3 1
9 8 3 4
9 7 3 1
9 7 3 2
15 73 3 4
11 17 3 1
11 14 3 4
11 25 3 3
11 17 3 1
26 37 3 3
14 72 3 3
12 51 3 4
12 36 3 1
12 30 3 2
12 9 3 1
12 8 3 4
14 17 3 1
14 17 3 2
6 28 3 3
8 9 3 3
8 10 3 1
4 9 3 4
4 4 3 2
4 5 3 2
18 22 3 1
18 31 3 3
18 20 3 2
18 70 3 3
18 42 3 3
18 45 3 1
18 24 3 4
18 33 3 4
18 31 3 3
18 23 3 2
18 48 3 3
18 21 3 2
7 32 3 4
11 12 3 3
4 20 3 1
7 8 3 2
7 5 3 3
3 7 3 1
4 7 3 1
19 44 3 4
19 35 3 3
19 23 3 1
19 29 3 2
19 46 3 3
19 19 3 4
19 24 3 4
19 30 3 3
15 70 3 2
4 20 3 3
4 20 3 1
4 29 3 2
4 19 3 2
4 22 3 2
4 27 3 1
4 20 3 4
4 16 3 4
4 12 3 2
4 35 3 2
4 11 3 2
4 9 3 2
4 7 3 4
4 8 3 2
4 10 3 1
4 9 3 1
15 21 3 4
15 23 3 1
15 31 3 4
15 28 3 3
15 25 3 3
15 19 3 3
15 57 3 1
38 33 3 1
28 37 3 4
28 19 3 1
28 61 3 2
28 23 3 3
28 32 3 1
28 21 3 3
28 23 3 2
28 20 3 2
28 23 3 1
28 33 3 4
28 27 3 1
23 54 3 4
5 37 3 2
5 45 3 3
5 21 3 3
5 20 3 2
5 70 3 4
5 62 3 2
5 22 3 4
5 22 3 3
5 13 3 2
5 17 3 3
5 8 3 3
5 8 3 1
5 5 3 3
5 7 3 2
23 26 3 2
23 32 3 1
23 23 3 4
18 84 3 2
5 72 3 3
5 31 3 4
5 50 3 4
5 12 3 2
5 37 3 2
5 20 3 4
18 34 3 1
18 30 3 4
18 34 3 3
18 19 3 2
18 21 3 3
38 20 3 3
18 86 3 2
20 36 3 4
20 43 3 1
20 28 3 1
16 71 3 2
4 23 3 1
4 8 3 4
4 8 3 4
4 7 3 4
4 21 3 4
4 4 3 3
20 24 3 4
20 20 3 3
20 26 3 3
20 38 3 3
20 21 3 1
20 68 3 2
20 45 3 4
20 25 3 3
20 84 3 2
20 36 3 4
20 36 3 3
5 22 3 2
15 12 3 2
15 10 3 3
18 24 3 3
18 45 3 4
18 23 3 2
18 31 3 2
18 23 3 1
18 26 3 4
18 32 3 2
18 24 3 4
18 25 3 1
18 67 3 1
18 34 3 4
18 32 3 1
18 23 3 4
18 20 3 3
18 22 3 2
18 73 3 3
9 13 3 3
3 13 3 3
6 9 3 2
6 4 3 2
48 20 2 2
55 19 2 3
17 19 2 1
15 71 2 3
57 22 2 2
32 26 2 1
17 69 2 2
8 40 2 2
8 42 2 1
8 20 2 3
8 28 2 3
8 55 2 2
8 69 2 2
8 59 2 3
8 20 2 4
8 25 2 1
8 39 2 3
8 20 2 4
8 30 2 4
8 21 2 2
8 21 2 4
8 28 2 2
8 65 2 2
8 24 2 4
8 24 2 1
8 59 2 1
8 48 2 4
8 18 2 3
8 20 2 2
8 29 2 1
8 17 2 2
8 22 2 1
8 22 2 3
8 52 2 2
8 18 2 1
8 54 2 3
8 12 2 2
2 8 2 4
6 8 2 2
17 50 2 3
17 20 2 4
17 31 2 2
17 19 2 4
17 17 2 3
17 55 2 3
17 19 2 1
17 19 2 1
17 21 2 3
17 21 2 3
17 68 2 2
17 19 2 2
17 23 2 2
17 18 2 2
17 24 2 1
17 23 2 2
17 51 2 1
17 23 2 4
17 67 2 1
17 27 2 4
17 68 2 1
17 22 2 2
17 19 2 4
17 49 2 4
17 19 2 2
17 22 2 3
17 64 2 2
17 19 2 1
10 43 2 3
7 11 2 1
7 13 2 2
7 7 2 3
7 12 2 4
17 52 2 4
15 28 2 2
15 13 2 1
15 11 2 3
32 18 2 2
27 44 2 1
5 10 2 3
5 10 2 4
5 11 2 4
5 13 2 4
32 20 2 1
32 24 2 1
32 28 2 1
32 20 2 2
32 19 2 4
32 19 2 2
32 22 2 2
32 18 2 3
32 23 2 1
32 19 2 3
32 21 2 3
20 63 2 2
12 27 2 4
12 13 2 4
12 12 2 2
12 7 2 1
1 4 2 2
6 4 2 3
5 4 2 2
32 19 2 2
32 38 2 1
32 18 2 4
32 18 2 2
32 22 2 3
32 24 2 3
32 23 2 2
21 60 2 3
11 56 2 1
11 4 2 2
32 17 2 4
32 21 2 4
32 23 2 4
32 19 2 4
32 43 2 3
32 29 2 4
32 28 2 4
32 22 2 1
32 21 2 2
19 46 2 4
13 18 2 2
13 18 2 3
13 75 2 3
13 10 2 3
13 7 2 3
19 23 2 4
19 49 2 2
13 10 2 1
6 4 2 2
6 6 2 2
15 17 2 3
15 29 2 2
15 20 2 3
15 28 2 3
15 21 2 2
15 30 2 1
15 19 2 1
15 48 2 1
15 31 2 1
15 57 2 1
15 21 2 4
15 20 2 3
15 18 2 4
15 44 2 3
15 19 2 1
15 67 2 2
15 52 2 2
15 70 2 1
15 55 2 3
15 55 2 4
15 47 2 1
15 24 2 1
15 17 2 2
15 42 2 2
15 43 2 4
15 19 2 1
15 30 2 1
15 12 2 2
3 5 2 1
12 5 2 2
48 20 2 4
24 35 2 2
24 26 2 1
4 9 2 4
20 9 2 2
25 50 2 4
23 18 2 4
23 61 2 4
23 18 2 1
23 26 2 1
23 33 2 2
23 53 2 3
16 58 2 3
7 48 2 3
7 41 2 2
7 38 2 3
7 60 2 2
7 19 2 1
7 32 2 2
7 24 2 3
7 20 2 1
7 20 2 1
7 38 2 3
7 22 2 4
7 23 2 4
7 46 2 2
7 69 2 4
7 22 2 2
7 31 2 1
7 19 2 3
7 21 2 1
7 32 2 4
7 25 2 1
7 18 2 1
7 30 2 2
7 15 2 3
7 25 2 1
7 19 2 1
7 9 2 1
16 18 2 1
16 25 2 2
16 25 2 3
16 38 2 4
16 67 2 1
16 59 2 4
16 19 2 3
16 25 2 3
16 22 2 4
16 24 2 4
16 77 2 2
16 21 2 4
16 31 2 1
16 18 2 4
16 18 2 1
16 31 2 4
16 19 2 1
16 61 2 3
16 21 2 2
16 36 2 3
16 21 2 1
16 16 2 2
4 16 2 4
12 16 2 4
25 39 2 3
25 18 2 1
25 22 2 1
19 59 2 2
6 20 2 3
6 15 2 4
6 12 2 3
6 6 2 3
6 6 2 2
25 32 2 4
18 71 2 3
7 13 2 3
7 16 2 4
7 12 2 3
7 24 2 4
1 6 2 3
6 6 2 3
25 17 2 1
25 20 2 2
16 62 2 1
9 14 2 4
9 12 2 4
9 11 2 4
9 21 2 3
2 4 2 1
7 4 2 2
25 24 2 2
25 20 2 1
25 27 2 2
25 22 2 2
25 23 2 3
25 26 2 1
25 25 2 1
25 26 2 1
25 27 2 1
25 20 2 4
25 20 2 2
25 20 2 3
25 45 2 3
25 21 2 4
25 21 2 4
25 42 2 4
25 19 2 4
25 22 2 3
25 20 2 4
25 28 2 1
16 79 2 3
9 16 2 2
9 16 2 3
9 23 2 4
9 10 2 2
9 11 2 4
9 6 2 2
9 5 2 4
10 8 2 1
6 4 2 1
6 4 2 1
29 116 1 4
28 116 1 4
48 54 1 1
35 64 1 4
85 39 1 1
87 31 1 4
70 47 1 2
9 47 1 1
19 47 1 2
93 31 1 2
91 31 1 3
26 31 1 4
82 31 1 2
6 31 1 1
32 31 1 3
51 31 1 2
24 31 1 1
68 31 1 4
67 31 1 4
19 31 1 2
28 31 1 4
19 31 1 1
8 31 1 4
68 31 1 1
64 31 1 1
50 31 1 3
19 31 1 3
7 31 1 1
23 31 1 2
50 31 1 4
16 31 1 2
30 31 1 1
19 31 1 2
53 31 1 4
57 31 1 2
33 31 1 4
42 31 1 1
45 31 1 2
7 16 1 3
4 16 1 3
43 16 1 1
3 16 1 2
48 16 1 2
9 16 1 1
27 16 1 4
8 16 1 4
10 16 1 1
27 16 1 2
46 16 1 3
4 16 1 3
9 16 1 1
39 16 1 4
7 16 1 4
46 16 1 2
15 16 1 4
6 16 1 4
47 16 1 4
47 16 1 2
26 16 1 4
12 16 1 1
7 16 1 3
25 16 1 4
20 16 1 1
19 16 1 2
47 16 1 2
16 16 1 2
4 16 1 1
48 16 1 4
31 16 1 3
48 16 1 3
3 16 1 3
48 16 1 2
3 16 1 2
48 16 1 1
3 16 1 3
47 16 1 4
29 16 1 2
14 16 1 4
48 16 1 4
47 16 1 3
34 16 1 1
4 16 1 2
22 16 1 1
10 16 1 2
15 16 1 4
43 16 1 2
17 10 1 4
2 6 1 3
15 6 1 4
14 69 1 3
90 30 1 2
85 30 1 2
35 30 1 1
67 30 1 4
76 30 1 3
79 30 1 2
6 30 1 1
50 30 1 4
26 30 1 1
29 30 1 1
89 30 1 4
56 30 1 2
6 30 1 1
86 30 1 4
6 30 1 1
7 30 1 2
86 30 1 4
79 30 1 2
75 30 1 4
33 30 1 1
84 30 1 1
21 30 1 1
79 30 1 3
24 17 1 2
5 13 1 1
19 13 1 2
68 34 1 1
8 39 1 1
39 39 1 2
12 39 1 4
34 39 1 1
99 33 1 2
83 28 1 3
98 34 1 2
24 34 1 4
81 28 1 4
7 34 1 3
98 34 1 1
55 34 1 2
77 34 1 2
99 34 1 4
8 34 1 4
42 34 1 3
46 34 1 4
40 34 1 4
90 34 1 2
75 34 1 2
91 30 1 4
5 4 1 2
9 4 1 4
12 4 1 2
12 4 1 2
7 4 1 4
10 4 1 2
7 4 1 3
8 4 1 4
1 4 1 2
1 4 1 2
11 4 1 1
8 4 1 4
11 6 1 3
1 6 1 2
15 6 1 4
5 6 1 3
4 6 1 1
12 6 1 3
17 6 1 2
16 6 1 3
8 5 1 2
14 5 1 3
11 5 1 4
1 5 1 3
15 5 1 2
2 5 1 2
13 5 1 1
10 5 1 4
3 5 1 1
7 5 1 4
7 5 1 4
14 5 1 4
14 5 1 3
10 5 1 1
11 5 1 2
11 5 1 2
15 5 1 4
13 5 1 1
1 5 1 4
14 5 1 2
10 5 1 4
9 5 1 4
6 5 1 1
8 5 1 4
6 5 1 4
14 5 1 1
14 5 1 2
2 5 1 4
5 5 1 2
13 5 1 2
15 5 1 1
1 5 1 1
3 5 1 3
15 5 1 2
1 5 1 2
2 5 1 3
5 5 1 3
14 5 1 4
13 5 1 4
2 5 1 2
15 5 1 2
14 5 1 4
3 5 1 3
8 5 1 3
12 5 1 2
10 5 1 2
1 5 1 3
14 5 1 1
14 5 1 3
5 5 1 1
13 5 1 1
8 5 1 1
3 5 1 2
3 5 1 3
10 5 1 4
3 5 1 4
14 5 1 1
14 5 1 1
2 5 1 1
4 5 1 3
2 5 1 4
4 5 1 1
2 5 1 4
8 5 1 2
1 5 1 1
15 5 1 2
11 5 1 3
14 5 1 3
15 5 1 1
3 5 1 1
8 5 1 1
1 5 1 4
11 5 1 2
15 5 1 4
11 5 1 2
4 5 1 4
13 5 1 1
8 5 1 2
6 5 1 4
1 5 1 3
10 5 1 1
4 5 1 4
11 5 1 3
9 5 1 3
2 5 1 4
11 5 1 1
2 5 1 3
2 5 1 3
13 5 1 4
9 5 1 2
15 5 1 2
13 5 1 1
3 5 1 2
2 5 1 1
1 5 1 1
15 5 1 4
12 5 1 4
1 5 1 2
4 5 1 3
4 5 1 4
14 5 1 4
15 5 1 4
2 5 1 3
8 5 1 4
9 5 1 1
2 5 1 2
3 5 1 2
1 5 1 1
14 5 1 2
15 5 1 4
9 5 1 2
14 5 1 1
7 5 1 3
12 11 1 2
33 11 1 1
6 11 1 3
4 11 1 1
19 11 1 1
3 11 1 2
6 11 1 4
11 6 1 3
14 6 1 2
5 6 1 4
2 6 1 2
4 6 1 3
16 6 1 3
4 6 1 1
6 6 1 4
17 6 1 3
10 6 1 2
10 6 1 1
12 5 1 2
15 5 1 3
15 5 1 2
4 5 1 4
15 5 1 2
7 5 1 3
18 85 1 4
34 67 1 4
35 33 1 3
25 52 1 2
10 19 1 3
10 10 1 1
10 13 1 3
10 6 1 4
2 4 1 1
8 4 1 4
7 18 1 1
27 14 1 2
3 4 1 1
2 4 1 3
10 4 1 3
12 4 1 1
26 77 1 1
59 45 1 4
59 26 1 1
2 6 1 3
16 6 1 1
12 6 1 3
18 6 1 2
11 6 1 3
19 52 1 4
16 31 1 3
6 21 1 4
10 8 1 3
5 13 1 4
5 5 1 3
5 4 1 3
5 4 1 1
48 30 1 4
48 32 1 4
35 94 1 1
66 37 1 3
86 33 1 2
50 33 1 1
99 33 1 2
11 33 1 2
50 33 1 4
9 33 1 1
76 33 1 4
77 33 1 4
80 33 1 4
76 33 1 4
82 33 1 1
46 33 1 4
87 29 1 1
35 33 1 4
95 33 1 4
47 33 1 3
96 33 1 2
18 33 1 1
99 33 1 3
9 33 1 4
97 33 1 2
15 33 1 2
76 33 1 2
83 33 1 3
9 4 1 4
9 4 1 2
7 4 1 4
2 4 1 2
6 4 1 4
9 4 1 2
11 4 1 1
1 4 1 3
12 4 1 2
4 4 1 3
3 4 1 2
2 4 1 3
1 4 1 3
11 4 1 3
95 34 1 4
11 34 1 1
70 34 1 4
9 34 1 1
102 34 1 2
97 34 1 1
63 34 1 1
73 34 1 2
73 34 1 1
101 34 1 2
8 34 1 3
39 34 1 2
81 34 1 3
102 34 1 3
81 28 1 2
58 34 1 4
84 29 1 1
83 29 1 2
49 29 1 4
51 29 1 2
65 29 1 3
63 29 1 1
33 29 1 2
8 9 1 2
8 12 1 4
8 8 1 2
1 5 1 1
2 5 1 2
15 5 1 1
14 5 1 1
5 5 1 3
12 5 1 3
13 5 1 4
15 5 1 2
13 5 1 3
9 5 1 1
8 5 1 3
10 5 1 1
4 5 1 1
2 5 1 2
1 5 1 3
15 5 1 3
5 5 1 1
6 5 1 4
15 5 1 1
9 5 1 1
2 5 1 2
13 5 1 2
3 5 1 3
10 5 1 1
6 5 1 1
3 5 1 1
8 5 1 1
12 5 1 1
7 5 1 4
1 5 1 3
11 5 1 1
4 5 1 2
2 5 1 1
11 5 1 4
3 5 1 3
4 5 1 1
1 5 1 3
15 5 1 2
11 5 1 1
3 5 1 2
2 5 1 3
8 5 1 3
7 5 1 4
1 5 1 2
15 5 1 4
5 5 1 1
10 5 1 1
13 5 1 4
9 5 1 1
1 5 1 3
15 5 1 1
7 5 1 1
11 5 1 1
11 5 1 4
12 5 1 2
5 5 1 4
7 6 1 2
11 6 1 3
3 6 1 2
16 6 1 1
11 6 1 1
14 6 1 1
19 6 1 1
22 27 1 4
7 27 1 3
60 27 1 2
68 27 1 1
25 27 1 2
52 27 1 4
80 27 1 3
65 27 1 4
66 27 1 3
80 27 1 1
63 27 1 1
76 27 1 2
37 27 1 2
11 27 1 1
6 27 1 1
40 27 1 2
9 27 1 1
30 27 1 1
6 27 1 4
14 27 1 4
77 27 1 1
68 27 1 3
32 27 1 1
17 27 1 2
32 27 1 3
24 27 1 1
75 27 1 2
58 27 1 1
7 27 1 2
8 27 1 1
9 27 1 1
75 27 1 4
74 27 1 3
57 27 1 4
65 27 1 1
4 7 1 4
4 10 1 2
4 4 1 3
4 6 1 1
66 37 1 3
4 20 1 3
26 20 1 1
36 20 1 3
