2000 2000 16
7
2000 1970 4
2000 2000 3.5
2000 2080 3
4000 1220 2
800 4000 1.5
1200 3670 1
1200 4660 0.5
5119
117 39 4 2
33 39 4 1
99 39 4 2
65 39 4 1
33 39 4 3
32 39 4 3
127 39 4 3
120 104 4 1
148 104 4 1
57 104 4 3
75 104 4 1
106 47 4 3
106 57 4 3
140 76 4 2
131 44 4 3
86 76 4 2
149 50 4 2
78 26 4 1
71 26 4 2
235 70 4 1
49 92 4 3
82 92 4 2
104 92 4 1
134 59 4 1
101 59 4 1
235 68 4 2
112 49 4 1
24 49 4 2
99 49 4 3
100 46 4 1
135 53 4 2
49 90 4 1
86 64 4 1
86 66 4 3
86 95 4 1
33 64 4 3
53 34 4 3
53 30 4 3
49 122 4 3
49 47 4 2
49 30 4 2
100 148 4 1
100 148 4 2
131 57 4 2
131 43 4 2
61 73 4 3
70 73 4 3
70 43 4 2
70 39 4 1
70 114 4 3
70 58 4 1
70 40 4 2
70 67 4 3
70 109 4 2
70 69 4 1
61 41 4 1
61 67 4 3
61 90 4 2
61 75 4 2
61 39 4 3
61 89 4 3
61 72 4 3
61 66 4 1
61 73 4 3
48 92 4 2
31 45 4 3
31 47 4 2
79 65 4 2
79 74 4 1
79 70 4 1
79 105 4 1
79 82 4 2
79 57 4 3
79 61 4 3
79 45 4 1
79 29 4 2
61 148 4 3
61 57 4 3
61 58 4 1
61 62 4 1
61 62 4 1
61 68 4 3
61 55 4 2
61 97 4 1
101 46 4 3
28 46 4 2
138 46 4 1
114 46 4 1
26 46 4 3
99 46 4 1
150 51 4 2
73 51 4 1
152 51 4 3
131 51 4 3
97 54 4 3
178 65 4 3
114 40 4 1
117 40 4 3
126 79 4 2
105 79 4 3
56 109 4 3
175 66 4 1
108 43 4 3
67 43 4 1
135 48 4 1
96 48 4 1
114 39 4 1
117 43 4 1
117 60 4 3
117 62 4 1
117 66 4 2
70 119 4 3
47 142 4 2
47 45 4 1
47 41 4 1
47 67 4 3
70 44 4 2
70 132 4 2
114 106 4 2
114 53 4 3
114 39 4 1
114 84 4 1
114 70 4 3
114 88 4 1
24 47 4 1
90 47 4 2
93 89 4 1
85 51 4 3
85 38 4 2
89 67 4 3
89 67 4 2
56 112 4 3
122 50 4 3
63 103 4 3
59 61 4 1
59 42 4 3
122 66 4 2
122 46 4 2
122 96 4 2
122 71 4 1
122 82 4 2
122 67 4 3
56 73 4 3
56 81 4 1
56 47 4 2
56 104 4 2
56 58 4 1
56 57 4 2
56 49 4 2
97 73 4 2
97 112 4 1
97 51 4 2
97 134 4 2
97 64 4 1
97 127 4 3
97 83 4 1
97 58 4 1
97 46 4 1
141 92 4 3
181 61 4 2
123 42 4 2
103 103 4 1
87 79 4 2
117 39 4 1
123 79 4 1
137 44 4 2
28 35 4 3
109 35 4 3
71 40 4 2
20 40 4 1
26 21 4 1
26 19 4 2
105 123 4 1
197 67 4 2
82 157 4 2
80 51 4 3
80 64 4 1
80 42 4 2
162 42 4 1
100 110 4 2
62 71 4 3
62 82 4 2
62 50 4 3
62 34 4 2
39 20 4 2
23 12 4 2
9 8 4 1
14 8 4 2
100 147 4 1
95 119 4 1
102 50 4 1
102 81 4 3
102 56 4 1
102 74 4 3
102 128 4 1
95 53 4 3
95 64 4 2
95 45 4 1
95 108 4 1
105 58 4 2
105 134 4 1
105 64 4 2
105 77 4 2
103 40 4 2
103 51 4 3
103 112 4 2
103 47 4 1
103 182 4 2
123 151 4 1
123 77 4 2
123 82 4 3
123 57 4 1
123 73 4 2
43 53 4 2
80 53 4 1
181 80 4 2
75 150 4 2
106 95 4 2
106 55 4 3
97 46 4 3
84 46 4 1
181 89 4 3
181 62 4 3
83 47 4 2
98 47 4 1
141 52 4 2
73 59 4 2
68 37 4 2
68 22 4 3
84 142 4 1
57 66 4 3
57 45 4 1
57 128 4 1
57 93 4 2
84 114 4 2
84 76 4 1
88 137 4 1
107 48 4 1
103 68 4 2
105 68 4 1
38 68 4 1
112 43 4 1
169 68 4 1
290 68 4 1
74 25 4 3
16 25 4 1
22 16 4 2
5 9 4 3
17 9 4 3
100 111 4 3
157 62 4 1
45 62 4 3
168 62 4 1
74 62 4 1
31 62 4 3
79 62 4 1
107 62 4 1
56 38 4 3
13 24 4 1
43 24 4 1
33 49 4 3
72 49 4 3
28 49 4 3
85 49 4 2
39 49 4 3
116 49 4 3
122 49 4 1
74 49 4 1
58 49 4 2
28 49 4 3
62 32 4 1
12 17 4 3
29 17 4 3
21 11 4 1
9 6 4 1
4 6 4 1
4 6 4 2
4 6 4 1
168 66 4 1
81 66 4 3
53 66 4 2
186 66 4 1
173 66 4 1
40 66 4 2
51 66 4 3
65 38 4 2
65 28 4 2
156 54 4 2
46 54 4 2
147 54 4 2
92 54 4 3
157 54 4 2
114 54 4 3
105 54 4 1
165 56 4 3
32 56 4 1
29 56 4 3
38 56 4 2
157 56 4 1
144 56 4 1
151 56 4 1
101 56 4 3
63 72 4 3
67 92 4 1
152 92 4 2
120 43 4 3
64 92 4 2
126 92 4 3
135 56 4 1
90 92 4 2
135 36 4 2
74 49 4 2
46 27 4 1
46 22 4 2
158 54 4 2
57 54 4 1
90 54 4 3
90 54 4 2
159 54 4 2
118 54 4 1
82 54 4 3
18 35 4 2
21 35 4 2
22 35 4 2
51 35 4 1
64 35 4 1
39 35 4 1
19 35 4 2
85 35 4 3
26 35 4 2
85 35 4 1
22 35 4 1
77 35 4 2
18 35 4 3
104 35 4 2
26 35 4 3
24 35 4 1
53 35 4 2
63 54 4 3
63 35 4 1
63 20 4 3
107 147 4 1
107 74 4 1
107 72 4 2
107 69 4 2
61 77 4 1
46 77 4 2
25 49 4 1
24 49 4 1
58 49 4 2
88 58 4 1
88 75 4 1
88 158 4 1
88 56 4 2
44 52 4 2
44 52 4 1
59 97 4 1
275 97 4 1
160 97 4 3
102 70 4 3
189 70 4 2
41 70 4 1
162 70 4 2
88 54 4 3
48 54 4 1
27 54 4 1
158 54 4 2
88 54 4 1
85 54 4 3
171 63 4 2
34 63 4 1
54 63 4 3
53 63 4 1
79 63 4 3
46 63 4 1
57 63 4 3
90 49 4 2
195 66 4 2
69 138 4 3
60 121 4 1
80 49 4 1
42 72 4 1
38 31 4 3
38 24 4 1
13 17 4 2
25 17 4 1
92 70 4 3
48 138 4 3
48 71 4 2
48 137 4 2
48 118 4 2
48 58 4 3
48 53 4 2
48 91 4 2
92 77 4 2
58 116 4 1
34 69 4 1
34 47 4 3
92 54 4 3
61 75 4 3
31 28 4 3
31 28 4 1
31 19 4 3
92 51 4 1
92 42 4 3
92 62 4 1
60 119 4 2
32 69 4 3
32 26 4 1
32 24 4 2
69 56 4 1
69 93 4 3
69 64 4 1
69 54 4 2
69 58 4 2
69 68 4 1
69 76 4 2
69 68 4 1
69 112 4 1
91 121 4 1
69 66 4 3
35 106 4 3
35 66 4 1
35 51 4 2
35 94 4 3
35 115 4 2
35 43 4 1
35 44 4 1
35 46 4 3
35 56 4 2
35 100 4 1
69 155 4 1
69 47 4 3
69 98 4 3
69 140 4 1
69 63 4 2
69 59 4 3
69 40 4 1
37 53 4 3
32 24 4 2
16 29 4 2
16 29 4 1
50 88 4 3
41 88 4 3
91 60 4 2
91 39 4 3
91 77 4 2
59 89 4 3
32 97 4 2
32 50 4 1
32 61 4 2
32 128 4 3
59 116 4 2
59 42 4 1
59 89 4 2
90 39 4 2
90 113 4 2
90 72 4 3
90 63 4 1
90 52 4 1
90 43 4 3
90 53 4 3
90 57 4 2
90 111 4 2
90 70 4 2
90 43 4 2
41 22 4 3
49 22 4 3
89 146 4 3
198 66 4 2
132 57 4 3
75 57 4 3
130 53 4 2
77 41 4 3
77 52 4 2
77 59 4 2
77 62 4 3
77 70 4 3
77 79 4 3
77 61 4 3
77 43 4 1
77 42 4 1
77 104 4 1
77 55 4 2
77 101 4 1
77 66 4 3
77 107 4 2
77 43 4 1
19 29 4 1
31 29 4 2
27 18 4 2
7 11 4 1
12 11 4 2
8 6 4 1
8 5 4 3
130 67 4 3
130 93 4 2
130 82 4 1
84 60 4 3
46 82 4 1
46 44 4 3
46 93 4 3
46 62 4 1
46 44 4 1
46 49 4 1
46 61 4 2
46 90 4 1
46 68 4 1
46 45 4 2
46 43 4 3
46 38 4 1
84 87 4 2
84 92 4 2
84 43 4 1
84 100 4 3
84 123 4 1
84 214 4 2
198 76 4 1
104 58 4 2
50 58 4 3
44 29 4 1
44 29 4 2
124 99 4 2
74 41 4 3
74 38 4 3
15 20 4 2
33 20 4 1
26 20 4 1
56 79 4 1
142 66 4 3
79 149 4 2
63 138 4 2
63 52 4 2
63 72 4 2
63 43 4 1
63 122 4 3
63 146 4 1
63 64 4 3
63 42 4 2
33 27 4 1
30 17 4 2
6 10 4 1
24 10 4 2
79 65 4 3
79 58 4 3
79 157 4 2
79 62 4 1
79 130 4 2
79 85 4 1
56 89 4 1
56 161 4 2
56 116 4 1
56 45 4 2
56 87 4 2
56 55 4 1
56 43 4 3
56 40 4 2
56 57 4 3
89 84 4 2
89 43 4 2
89 110 4 2
89 65 4 2
89 94 4 3
48 97 4 3
41 43 4 1
27 54 4 1
14 18 4 2
14 36 4 2
89 54 4 2
89 122 4 3
89 63 4 3
89 69 4 3
89 57 4 2
89 67 4 2
141 48 4 2
92 88 4 2
170 60 4 1
155 73 4 1
178 67 4 1
58 113 4 3
59 85 4 2
46 85 4 1
89 50 4 3
89 35 4 2
194 53 4 3
76 129 4 1
118 74 4 2
118 83 4 2
118 62 4 2
47 92 4 1
71 41 4 2
71 51 4 3
76 106 4 3
76 76 4 3
58 127 4 1
58 78 4 2
58 85 4 2
58 46 4 2
113 38 4 1
21 38 4 3
44 38 4 3
178 82 4 1
81 148 4 3
97 64 4 3
97 51 4 1
59 33 4 2
38 20 4 1
22 13 4 1
16 13 4 3
178 64 4 1
70 50 4 1
108 50 4 3
155 68 4 2
51 100 4 3
53 100 4 2
51 53 4 3
25 47 4 3
26 21 4 1
14 26 4 2
12 26 4 1
155 53 4 2
155 40 4 1
155 68 4 1
73 47 4 2
82 47 4 3
59 115 4 3
111 85 4 2
111 155 4 3
111 59 4 1
111 52 4 1
111 38 4 1
59 71 4 2
59 203 4 3
92 126 4 2
92 48 4 2
61 73 4 2
31 41 4 1
31 18 4 1
15 14 4 3
16 14 4 1
92 60 4 1
92 54 4 1
54 82 4 2
87 82 4 2
141 39 4 2
71 140 4 2
70 128 4 1
70 58 4 2
70 94 4 2
71 45 4 1
71 63 4 1
71 32 4 2
129 91 4 2
136 50 4 1
58 50 4 3
130 50 4 1
80 50 4 2
26 50 4 2
113 50 4 2
139 50 4 1
64 50 4 3
46 50 4 3
67 33 4 2
10 17 4 3
57 17 4 3
129 49 4 1
53 91 4 3
217 91 4 3
160 58 4 3
148 91 4 2
152 60 4 3
72 31 4 1
16 31 4 2
32 31 4 3
17 31 4 1
15 14 4 1
15 11 4 1
15 6 4 2
86 33 4 1
18 33 4 1
56 33 4 1
103 118 4 3
49 90 4 1
148 89 4 2
201 89 4 1
55 89 4 3
174 54 4 2
94 35 4 1
34 35 4 2
46 23 4 3
46 12 4 1
83 53 4 3
107 95 4 3
161 71 4 3
227 71 4 2
145 90 4 3
94 49 4 1
149 56 4 2
149 59 4 2
70 34 4 1
30 34 4 1
49 34 4 3
94 45 4 3
29 55 4 1
65 55 4 2
145 59 4 1
107 48 4 3
107 77 4 1
83 84 4 2
83 83 4 3
49 72 4 3
49 69 4 1
49 78 4 1
103 53 4 2
53 81 4 3
50 51 4 1
31 30 4 1
19 30 4 2
103 57 4 1
129 70 4 3
129 49 4 1
129 47 4 2
129 43 4 3
62 78 4 2
67 58 4 1
67 43 4 2
67 41 4 3
62 64 4 2
129 77 4 1
81 162 4 1
48 91 4 3
48 48 4 2
48 143 4 3
81 78 4 2
37 42 4 3
44 42 4 2
90 70 3 2
131 44 3 3
118 42 3 3
87 42 3 2
75 42 3 1
24 28 3 2
84 28 3 3
59 28 3 3
73 28 3 1
18 28 3 1
22 16 3 1
22 12 3 1
74 26 3 1
13 26 3 1
44 26 3 1
82 88 3 1
66 96 3 2
111 114 3 2
114 55 3 2
128 55 3 3
160 59 3 3
82 39 3 3
82 20 3 2
153 81 3 2
200 61 3 3
200 66 3 1
128 75 3 1
72 48 3 3
18 27 3 2
54 27 3 3
84 68 3 3
116 46 3 3
116 69 3 2
116 83 3 2
116 68 3 3
116 73 3 1
116 44 3 3
70 88 3 2
46 47 3 2
46 41 3 3
116 55 3 1
116 103 3 2
84 69 3 3
84 61 3 2
84 103 3 1
51 92 3 2
33 35 3 2
33 34 3 3
14 23 3 3
19 12 3 1
6 11 3 2
13 7 3 2
4 4 3 1
9 4 3 3
84 53 3 1
84 67 3 1
84 65 3 2
84 51 3 3
153 47 3 3
49 93 3 1
104 71 3 3
104 73 3 3
104 51 3 1
104 61 3 3
104 95 3 3
104 47 3 2
104 111 3 2
104 62 3 3
104 132 3 1
49 87 3 2
49 126 3 3
49 141 3 3
49 51 3 3
49 61 3 3
49 44 3 1
49 39 3 3
31 61 3 3
18 20 3 1
18 21 3 1
18 11 3 1
18 9 3 3
66 70 3 1
66 42 3 1
66 145 3 2
66 131 3 2
66 52 3 2
66 71 3 2
66 79 3 3
66 46 3 2
66 83 3 1
66 41 3 3
66 89 3 1
82 123 3 1
82 113 3 2
82 49 3 2
82 64 3 2
82 45 3 1
82 60 3 1
82 63 3 3
82 78 3 2
82 107 3 2
82 57 3 3
82 98 3 1
126 92 3 2
166 80 3 3
124 80 3 3
86 80 3 3
121 84 3 1
95 47 3 1
160 47 3 3
23 37 3 3
108 37 3 2
38 37 3 1
18 37 3 1
68 37 3 2
180 73 3 3
196 73 3 2
117 39 3 2
72 103 3 1
187 103 3 3
57 111 3 2
202 72 3 2
106 39 3 1
96 39 3 3
141 67 3 1
118 67 3 2
118 67 3 3
72 73 3 1
46 124 3 1
46 115 3 2
46 39 3 3
46 101 3 3
46 51 3 2
72 83 3 1
72 100 3 1
72 174 3 1
141 67 3 1
141 74 3 3
141 46 3 1
141 67 3 2
69 87 3 3
72 87 3 3
141 57 3 1
141 99 3 3
117 72 3 1
117 66 3 2
117 57 3 2
117 43 3 3
59 94 3 1
58 68 3 2
58 48 3 2
58 44 3 3
58 110 3 3
58 110 3 2
58 41 3 2
58 80 3 1
59 79 3 1
59 128 3 2
59 200 3 1
126 96 3 2
126 66 3 1
126 102 3 3
126 56 3 3
126 39 3 3
126 86 3 1
126 59 3 1
83 156 3 1
43 111 3 3
43 117 3 1
43 96 3 2
43 95 3 3
83 81 3 2
83 182 3 3
155 52 3 1
89 52 3 1
28 52 3 3
156 52 3 2
79 52 3 3
57 52 3 3
31 52 3 3
94 52 3 2
139 52 3 2
175 52 3 1
58 87 3 3
145 51 3 1
46 51 3 3
36 51 3 3
47 51 3 3
42 51 3 2
26 51 3 2
52 51 3 1
62 51 3 3
91 51 3 3
61 51 3 2
147 51 3 1
57 51 3 1
31 51 3 2
102 51 3 3
86 36 3 1
77 36 3 2
33 36 3 3
84 36 3 1
81 36 3 1
19 36 3 3
69 36 3 2
23 36 3 2
60 36 3 1
33 36 3 2
27 36 3 3
96 36 3 1
85 36 3 2
30 36 3 1
67 36 3 2
75 36 3 2
192 64 3 2
33 64 3 3
116 39 3 1
172 64 3 2
175 64 3 1
129 64 3 2
186 64 3 2
16 25 3 3
34 25 3 2
66 25 3 1
92 50 3 2
106 50 3 1
150 50 3 3
123 50 3 2
131 50 3 3
144 50 3 3
116 50 3 1
141 50 3 3
76 113 3 2
66 131 3 3
89 70 3 1
144 70 3 1
172 70 3 2
197 70 3 1
35 70 3 2
84 70 3 2
140 70 3 1
167 61 3 1
183 61 3 2
117 61 3 3
88 61 3 1
163 61 3 2
143 61 3 2
182 67 3 2
162 67 3 2
168 67 3 1
92 67 3 1
117 39 3 2
57 39 3 2
65 39 3 2
84 39 3 2
57 28 3 3
15 28 3 2
26 28 3 3
36 28 3 1
81 28 3 1
44 28 3 1
64 28 3 2
122 41 3 1
100 41 3 2
117 41 3 3
118 41 3 3
123 41 3 1
20 41 3 1
72 41 3 1
27 41 3 3
62 41 3 3
84 41 3 2
82 41 3 3
76 40 3 2
43 86 3 1
33 86 3 1
59 82 3 3
240 82 3 1
131 82 3 2
189 82 3 3
226 82 3 1
49 82 3 2
109 52 3 1
38 30 3 1
71 30 3 1
196 68 3 2
90 50 3 2
135 46 3 1
128 48 3 2
116 42 3 1
179 75 3 2
159 75 3 1
64 105 3 2
105 93 3 2
169 93 3 1
106 43 3 2
102 58 3 2
66 72 3 3
66 43 3 3
66 57 3 3
66 71 3 3
102 58 3 1
102 58 3 1
102 69 3 2
106 51 3 2
106 90 3 1
47 59 3 1
34 59 3 3
25 39 3 2
25 20 3 1
64 51 3 1
64 88 3 1
64 40 3 2
64 52 3 2
116 40 3 3
116 154 3 2
116 175 3 2
128 69 3 1
128 94 3 1
128 78 3 2
128 122 3 1
55 83 3 1
80 50 3 3
80 77 3 1
80 41 3 2
80 49 3 3
80 74 3 2
80 45 3 2
80 29 3 3
55 85 3 1
55 53 3 1
55 50 3 3
55 94 3 1
90 64 3 1
90 53 3 3
90 65 3 3
90 42 3 1
90 45 3 2
90 47 3 3
90 45 3 3
196 79 3 3
122 46 3 3
32 46 3 3
42 46 3 1
109 104 3 3
87 104 3 2
83 114 3 2
113 55 3 1
113 59 3 3
158 71 3 1
62 71 3 2
165 71 3 1
113 71 3 1
177 66 3 2
89 146 3 2
137 61 3 2
36 61 3 3
39 61 3 3
20 61 3 3
232 85 3 2
162 78 3 1
97 78 3 1
62 40 3 3
62 38 3 2
144 82 3 2
90 56 3 3
87 158 3 2
87 65 3 2
87 55 3 2
87 59 3 1
87 59 3 3
87 49 3 1
87 133 3 1
87 64 3 3
87 48 3 2
90 102 3 3
90 126 3 2
90 94 3 3
90 146 3 1
90 86 3 3
90 49 3 1
33 31 3 2
24 31 3 2
16 31 3 1
17 15 3 3
17 16 3 3
90 70 3 3
54 40 3 3
54 30 3 1
53 86 3 1
91 59 3 3
91 98 3 1
91 85 3 2
91 44 3 1
91 61 3 3
53 91 3 2
38 34 3 1
38 57 3 3
91 61 3 1
26 39 3 3
65 39 3 1
53 80 3 3
53 44 3 1
53 91 3 2
53 67 3 2
53 73 3 3
53 51 3 1
53 46 3 3
177 76 3 2
177 46 3 2
177 89 3 3
109 115 3 1
68 49 3 1
39 66 3 3
29 25 3 1
29 41 3 2
48 96 3 1
129 51 3 1
129 64 3 1
129 56 3 1
129 59 3 3
129 73 3 3
129 59 3 3
83 160 3 2
46 49 3 3
46 111 3 2
48 70 3 1
48 81 3 2
48 161 3 2
48 58 3 3
48 34 3 1
18 22 3 2
30 22 3 1
144 76 3 3
153 76 3 1
202 76 3 3
146 91 3 2
160 65 3 2
110 41 3 1
32 65 3 1
51 65 3 2
61 24 3 3
49 24 3 3
174 61 3 1
179 61 3 2
156 57 3 3
197 82 3 1
116 41 3 1
81 65 3 1
81 96 3 3
81 67 3 2
81 40 3 1
81 63 3 1
81 63 3 2
81 99 3 2
81 104 3 1
81 55 3 1
81 49 3 1
116 120 3 2
116 102 3 1
116 112 3 2
68 69 3 2
48 69 3 2
116 117 3 2
116 69 3 1
116 40 3 3
16 31 3 1
38 31 3 2
62 31 3 2
156 58 3 3
156 69 3 3
156 68 3 2
156 49 3 1
47 94 3 2
109 76 3 3
109 53 3 3
109 108 3 1
109 46 3 3
109 62 3 2
109 57 3 2
109 46 3 2
29 34 3 3
46 34 3 1
34 34 3 3
47 51 3 2
47 82 3 2
47 80 3 3
47 82 3 1
47 39 3 1
47 54 3 2
146 72 3 2
146 53 3 2
90 145 3 1
56 145 3 3
73 144 3 3
73 140 3 2
73 66 3 1
73 61 3 1
73 49 3 3
73 86 3 3
73 41 3 1
73 105 3 1
73 151 3 2
73 108 3 1
73 54 3 2
73 91 3 3
123 42 3 1
118 42 3 1
30 42 3 3
125 42 3 3
126 42 3 1
120 42 3 1
97 42 3 1
24 42 3 3
126 42 3 2
108 42 3 2
66 114 3 1
83 159 3 3
125 42 3 1
135 83 3 3
114 40 3 3
42 83 3 2
219 83 3 2
116 53 3 2
97 41 3 3
23 42 3 2
74 42 3 1
116 30 3 3
47 43 3 3
67 43 3 2
138 81 3 2
83 81 3 2
150 51 3 2
85 81 3 1
80 81 3 1
187 81 3 1
40 30 3 1
110 30 3 1
144 50 3 1
91 91 3 3
182 62 3 3
119 108 3 2
187 47 3 3
87 61 3 3
100 61 3 3
133 64 3 2
35 64 3 2
138 64 3 1
173 69 3 2
133 69 3 3
56 60 3 2
101 60 3 1
71 60 3 1
78 60 3 2
101 77 3 2
81 60 3 2
81 54 3 3
81 46 3 2
81 51 3 2
81 28 3 3
101 94 3 2
101 43 3 3
50 25 3 2
51 25 3 3
91 43 3 3
91 167 3 3
144 41 3 3
84 56 3 3
60 34 3 1
60 22 3 3
144 154 3 3
62 89 3 3
63 61 3 3
63 104 3 3
63 86 3 1
63 64 3 2
63 56 3 3
63 52 3 1
62 110 3 2
62 224 3 3
83 70 3 1
83 67 3 1
83 69 3 2
83 100 3 1
66 82 3 1
66 60 3 1
66 51 3 1
66 158 3 1
77 60 3 3
125 70 3 3
60 84 3 1
109 42 3 2
109 74 3 2
144 74 3 2
53 74 3 3
161 74 3 2
159 74 3 1
166 56 3 3
171 66 3 2
65 66 3 2
224 66 3 3
148 66 3 2
154 53 3 1
84 53 3 2
74 53 3 2
157 63 3 1
78 56 3 2
77 56 3 1
155 44 3 3
67 103 3 3
88 43 3 2
88 81 3 3
48 91 3 1
40 49 3 3
40 42 3 2
67 63 3 1
67 49 3 3
157 44 3 2
157 39 3 1
86 169 3 3
71 57 3 1
71 46 3 2
71 66 3 2
148 51 3 2
148 64 3 2
148 66 3 3
148 68 3 2
38 53 3 3
110 53 3 3
59 118 3 2
107 67 3 3
107 51 3 3
76 60 3 2
90 60 3 3
166 61 3 3
166 139 3 2
109 112 3 2
55 83 3 3
54 39 3 2
31 44 3 3
23 44 3 3
109 118 3 1
109 55 3 3
109 56 3 1
109 42 3 2
60 39 3 3
60 102 3 1
60 53 3 1
60 101 3 2
60 49 3 3
60 46 3 3
60 34 3 1
125 60 3 2
80 138 3 1
45 55 3 3
45 139 3 1
45 42 3 2
45 41 3 3
45 101 3 3
80 47 3 3
80 68 3 1
80 56 3 3
80 69 3 2
77 70 3 1
77 52 3 1
77 101 3 2
77 91 3 1
77 81 3 3
77 53 3 1
129 55 3 3
116 60 3 1
125 60 3 3
41 60 3 3
117 60 3 2
85 152 3 3
114 55 3 3
200 70 3 1
93 109 3 1
107 77 3 3
107 54 3 3
107 61 3 3
51 96 3 1
56 114 3 2
56 75 3 1
56 133 3 3
56 46 3 1
56 88 3 3
56 46 3 2
56 67 3 2
56 56 3 1
56 50 3 1
56 113 3 3
51 68 3 1
51 132 3 1
51 63 3 3
51 39 3 1
51 129 3 3
51 52 3 1
51 80 3 1
51 62 3 3
51 43 3 2
51 24 3 3
93 53 3 2
93 48 3 1
93 87 3 1
93 97 3 3
93 76 3 3
93 52 3 1
53 89 3 2
40 89 3 3
93 51 3 3
93 91 3 1
93 57 3 1
93 170 3 2
114 89 3 3
114 84 3 3
114 52 3 3
114 144 3 1
69 117 3 2
45 61 3 1
45 139 3 2
45 42 3 1
45 72 3 1
45 45 3 3
45 44 3 1
45 94 3 2
45 44 3 2
45 45 3 1
45 26 3 1
16 14 3 3
29 14 3 3
69 72 3 1
69 103 3 2
69 141 3 2
69 193 3 3
85 98 3 2
85 163 3 3
85 70 3 2
56 86 3 1
29 99 3 1
29 83 3 1
29 53 3 2
29 48 3 2
29 52 3 1
29 48 3 2
29 42 3 1
29 66 3 3
29 76 3 3
56 59 3 1
56 147 3 1
56 42 3 2
56 69 3 3
56 47 3 3
56 54 3 1
32 63 3 1
24 23 3 1
24 26 3 1
24 14 3 3
129 65 3 1
74 83 3 3
55 63 3 2
55 104 3 1
55 113 3 2
55 79 3 3
55 69 3 1
55 63 3 2
55 52 3 2
55 143 3 1
55 79 3 3
55 126 3 1
55 40 3 1
55 39 3 3
55 20 3 2
74 99 3 3
74 74 3 2
74 140 3 1
74 95 3 1
74 53 3 2
74 85 3 3
74 69 3 3
74 129 3 1
74 163 3 1
122 52 3 3
75 52 3 1
29 52 3 1
106 52 3 2
74 52 3 2
37 52 3 3
85 52 3 2
57 88 3 3
79 139 3 2
117 39 3 3
157 55 3 2
35 55 3 2
83 55 3 3
123 101 3 1
152 61 3 2
152 65 3 2
86 162 3 3
66 103 3 3
66 59 3 1
152 40 3 3
85 160 3 3
67 160 3 1
152 73 3 2
152 85 3 1
152 125 3 2
100 124 3 2
52 68 3 2
52 60 3 1
52 104 3 1
100 108 3 3
123 90 3 2
123 94 3 1
123 74 3 1
123 52 3 1
76 72 3 3
47 72 3 2
53 87 3 3
70 87 3 1
65 130 3 3
58 157 3 2
58 48 3 1
58 119 3 1
58 49 3 2
58 36 3 2
15 24 3 3
43 24 3 2
65 40 3 2
65 94 3 2
65 53 3 1
65 63 3 1
65 53 3 1
117 67 3 1
117 52 3 3
117 56 3 1
117 74 3 2
117 101 3 1
117 98 3 3
117 55 3 3
117 53 3 3
117 73 3 3
117 129 3 3
117 68 3 3
117 62 3 3
117 83 3 3
24 48 3 3
29 48 3 1
64 48 3 3
79 59 3 3
79 157 3 1
51 91 3 1
28 65 3 2
28 42 3 2
28 80 3 2
28 85 3 2
28 120 3 1
28 55 3 1
28 80 3 1
28 56 3 1
28 34 3 1
28 33 3 2
28 22 3 3
28 31 3 3
51 98 3 2
51 64 3 3
51 89 3 3
51 57 3 1
51 52 3 1
51 106 3 1
51 92 3 3
51 31 3 3
51 23 3 3
57 51 3 2
57 116 3 2
57 116 3 3
57 72 3 3
57 96 3 1
57 97 3 2
57 42 3 1
57 117 3 2
57 52 3 1
57 51 3 1
57 53 3 2
57 107 3 2
125 45 3 2
184 67 3 2
141 49 3 3
75 49 3 1
111 49 3 1
89 49 3 1
41 49 3 1
76 49 3 1
101 49 3 2
47 49 3 3
66 49 3 2
151 68 3 1
116 85 3 3
153 52 3 1
119 85 3 2
208 85 3 2
51 33 3 2
102 33 3 1
166 65 3 3
65 71 3 2
137 69 3 2
109 107 3 2
119 41 3 1
119 66 3 2
80 135 3 2
148 45 3 1
95 51 3 2
53 90 3 2
95 39 3 3
228 68 3 2
70 41 3 3
33 41 3 1
40 41 3 2
85 41 3 1
137 67 3 3
137 67 3 2
83 148 3 3
54 52 3 1
54 47 3 2
54 30 3 2
54 19 3 2
65 96 3 2
65 44 3 1
65 140 3 1
69 78 3 2
97 77 3 2
97 70 3 1
97 57 3 3
97 82 3 3
69 70 3 1
69 46 3 1
69 49 3 3
22 43 3 1
47 28 3 2
47 15 3 3
151 67 3 3
151 69 3 3
53 98 3 2
98 91 3 2
98 76 3 1
38 65 3 3
60 65 3 3
53 66 3 1
53 42 3 2
53 26 3 2
109 85 3 1
47 85 3 2
28 54 3 3
28 17 3 1
28 14 3 3
60 94 3 1
124 54 3 3
124 40 3 1
76 153 3 2
108 41 3 2
108 112 3 2
184 54 3 1
65 32 3 3
48 32 3 2
71 32 3 3
69 111 3 3
56 43 3 3
56 68 3 2
50 99 3 3
75 99 3 3
69 131 3 1
56 64 3 1
56 67 3 1
125 41 3 3
71 58 3 3
54 33 3 2
13 25 3 1
23 25 3 3
18 14 3 3
18 11 3 1
152 75 3 2
94 49 3 1
98 75 3 3
139 75 3 3
223 75 3 3
53 75 3 1
92 75 3 2
205 75 3 3
22 26 3 1
16 26 3 3
15 26 3 1
21 26 3 1
20 26 3 2
167 65 3 1
131 65 3 1
138 65 3 2
142 65 3 3
163 65 3 1
100 65 3 1
215 65 3 1
68 69 3 3
80 157 3 2
169 77 3 1
42 77 3 1
50 77 3 1
165 77 3 3
42 77 3 3
129 44 3 2
170 77 3 3
39 77 3 1
102 77 3 2
20 33 3 2
41 33 3 3
34 33 3 1
34 20 3 3
34 13 3 3
66 80 3 3
46 80 3 2
111 80 3 2
164 80 3 2
222 80 3 1
128 45 3 1
171 80 3 2
42 35 3 2
56 35 3 1
30 35 3 2
112 60 3 2
95 60 3 2
91 60 3 2
179 60 3 3
120 60 3 3
100 60 3 2
173 60 3 1
118 60 3 1
68 128 3 2
87 128 3 1
65 128 3 3
196 128 3 2
67 128 3 1
69 128 3 2
120 73 3 1
316 73 3 2
133 55 3 1
161 55 3 3
32 55 3 2
69 55 3 2
41 33 3 3
41 22 3 1
68 62 3 2
68 75 3 3
68 52 3 1
68 49 3 1
68 38 3 1
81 98 3 3
49 98 3 3
157 64 3 3
67 64 3 2
118 64 3 3
71 34 3 3
17 34 3 3
32 34 3 2
100 34 3 1
39 34 3 3
17 34 3 1
66 34 3 3
86 87 3 2
113 87 3 1
108 48 3 2
44 87 3 3
121 57 3 2
56 30 3 3
65 30 3 1
24 39 3 1
84 39 3 2
172 62 3 1
140 62 3 2
160 62 3 1
49 95 3 1
195 95 3 3
228 62 3 3
31 33 3 3
91 33 3 2
106 33 3 2
56 113 3 3
64 116 3 3
64 128 3 1
125 128 3 1
163 63 3 3
163 65 3 3
138 74 3 3
214 74 3 3
78 64 3 2
274 64 3 2
87 82 3 2
265 68 3 1
112 76 3 1
95 97 3 1
58 42 3 3
58 55 3 3
94 49 3 3
59 40 3 3
59 157 3 1
94 67 3 2
94 81 3 1
112 41 3 2
112 79 3 1
112 57 3 1
112 41 3 3
87 82 3 2
87 55 3 2
87 50 3 3
87 93 3 3
64 66 3 3
64 95 3 3
64 97 3 1
64 67 3 2
64 41 3 3
64 44 3 1
64 40 3 2
64 62 3 2
56 51 3 3
56 98 3 3
56 46 3 2
56 68 3 2
56 76 3 2
56 78 3 1
56 55 3 3
56 43 3 2
125 45 3 3
190 72 3 3
40 72 3 2
117 72 3 3
201 68 3 2
146 68 3 3
159 80 3 2
46 80 3 3
86 80 3 2
56 53 3 1
56 27 3 2
63 115 3 2
129 61 3 3
155 63 3 2
155 52 3 3
129 54 3 3
113 73 3 2
134 46 3 2
54 73 3 2
46 73 3 2
80 27 3 2
54 27 3 1
53 103 3 2
161 68 3 3
65 68 3 3
68 68 3 1
101 47 3 3
113 43 3 3
80 82 3 3
80 76 3 3
50 96 3 2
30 72 3 2
30 86 3 2
30 93 3 2
30 34 3 3
30 23 3 3
15 28 3 1
15 13 3 2
15 15 3 2
50 126 3 2
50 114 3 3
113 42 3 1
113 91 3 1
113 86 3 1
113 49 3 3
113 97 3 2
113 50 3 2
23 36 3 2
59 36 3 3
31 36 3 3
101 69 3 2
101 84 3 1
101 65 3 1
101 108 3 2
101 61 3 2
101 60 3 3
53 43 3 1
53 75 3 3
53 110 3 1
53 51 3 3
53 73 3 2
53 55 3 3
53 52 3 3
74 73 3 3
51 35 3 1
51 38 3 1
125 101 3 1
125 59 3 2
64 127 3 2
61 86 3 1
61 68 3 3
61 61 3 3
61 58 3 2
61 69 3 1
61 49 3 1
61 115 3 2
61 50 3 1
61 66 3 1
61 70 3 1
64 96 3 3
64 39 3 1
64 62 3 1
64 102 3 3
64 40 3 3
64 65 3 3
64 84 3 3
64 42 3 1
23 35 3 1
41 22 3 1
41 13 3 1
187 73 3 2
122 112 3 2
135 97 3 1
162 54 3 2
29 54 3 1
162 54 3 3
51 54 3 1
96 54 3 2
31 43 3 1
112 43 3 3
52 43 3 2
43 43 3 3
26 43 3 1
87 43 3 1
57 43 3 3
92 43 3 1
49 94 3 1
57 94 3 1
188 94 3 1
111 48 3 1
59 48 3 1
64 48 3 1
49 48 3 3
58 48 3 3
106 46 3 2
80 46 3 1
85 46 3 3
70 46 3 1
62 103 3 3
51 92 3 2
124 68 3 2
146 85 3 2
90 139 3 3
75 68 3 1
87 39 3 3
87 29 3 3
38 71 3 1
124 47 3 1
19 24 3 3
57 24 3 2
12 24 3 3
16 24 3 2
20 15 3 3
20 9 3 2
131 103 3 1
121 66 3 1
121 57 3 3
121 40 3 1
121 62 3 1
131 65 3 1
131 57 3 3
94 53 3 1
52 83 3 1
52 82 3 2
52 64 3 3
52 50 3 3
94 63 3 2
50 94 3 1
44 37 3 3
44 34 3 3
44 23 3 1
39 69 3 3
55 36 3 2
19 33 3 3
36 33 3 2
124 54 3 1
124 50 3 2
81 109 3 3
43 50 3 3
43 41 3 2
43 44 3 1
43 57 3 2
81 48 3 3
52 35 3 3
18 35 3 1
11 13 3 3
11 22 3 1
51 40 3 1
51 67 3 1
51 42 3 3
51 123 3 3
62 67 3 1
62 60 3 2
62 64 3 3
35 70 3 3
27 25 3 1
27 21 3 1
27 24 3 3
122 125 3 3
77 151 3 3
45 74 3 1
45 78 3 3
45 41 3 3
45 125 3 1
77 40 3 3
77 43 3 3
77 46 3 3
47 38 3 2
30 23 3 1
30 15 3 1
92 95 3 3
95 45 3 3
95 50 3 1
187 90 3 2
66 126 3 2
121 43 3 2
121 100 3 3
121 79 3 3
121 75 3 3
66 110 3 2
66 61 3 1
83 160 3 1
91 160 3 3
79 63 3 3
186 63 3 2
188 63 3 2
43 63 3 2
60 63 3 3
214 63 3 2
138 97 3 1
64 97 3 3
158 59 3 1
30 59 3 3
92 59 3 3
173 59 3 2
115 59 3 2
90 38 3 3
114 38 3 2
19 38 3 1
111 38 3 2
41 38 3 1
97 38 3 3
43 38 3 3
53 38 3 2
143 80 3 3
168 83 3 1
249 83 3 3
145 83 3 1
239 83 3 2
108 94 3 1
89 94 3 2
274 94 3 2
92 94 3 2
99 54 3 1
139 54 3 1
20 40 3 1
29 40 3 1
117 40 3 3
26 40 3 2
46 40 3 2
115 47 3 2
70 47 3 3
70 47 3 2
71 47 3 3
71 47 3 3
140 47 3 1
139 47 3 1
125 47 3 3
153 90 3 3
149 171 3 2
92 51 3 1
167 82 3 1
76 79 3 1
164 86 3 1
71 85 3 3
93 85 3 1
76 92 3 2
68 89 3 1
60 89 3 2
39 59 3 1
39 30 3 3
92 120 3 1
79 81 3 1
74 53 3 2
49 28 3 2
25 28 3 1
84 123 3 3
59 123 3 3
143 61 3 3
143 60 3 3
77 71 3 1
66 45 3 3
43 26 3 3
23 15 3 2
23 11 3 2
96 162 2 2
132 122 2 3
62 122 2 2
81 72 2 2
73 122 2 2
143 53 2 2
90 53 2 2
220 53 2 3
68 69 2 1
61 69 2 3
131 44 2 3
125 69 2 3
68 40 2 3
68 29 2 1
14 25 2 3
26 25 2 1
18 25 2 1
73 25 2 2
81 50 2 2
81 150 2 1
176 60 2 2
82 93 2 2
218 74 2 2
93 150 2 3
76 150 2 3
75 150 2 2
92 76 2 2
126 76 2 3
82 57 2 2
176 58 2 2
67 32 2 2
18 32 2 1
44 32 2 3
23 32 2 3
24 32 2 1
197 72 2 3
185 82 2 2
139 82 2 2
280 82 2 2
132 75 2 3
38 75 2 3
68 75 2 3
223 75 2 3
143 75 2 2
190 82 2 1
144 48 2 1
59 48 2 1
24 48 2 1
50 48 2 1
79 48 2 3
58 48 2 1
101 34 2 2
101 34 2 3
22 34 2 1
53 34 2 3
90 34 2 1
24 34 2 2
23 17 2 3
23 17 2 1
101 59 2 1
148 59 2 1
158 59 2 3
31 59 2 3
81 59 2 2
85 59 2 1
85 33 2 1
96 33 2 3
20 33 2 2
23 33 2 2
18 33 2 3
55 33 2 3
24 33 2 2
92 33 2 2
69 33 2 3
19 33 2 1
103 33 2 3
69 85 2 2
128 54 2 2
53 31 2 1
38 31 2 1
37 20 2 1
10 11 2 3
27 11 2 3
108 63 2 3
89 63 2 3
100 111 2 3
97 111 2 2
96 64 2 3
96 121 2 3
96 84 2 2
96 74 2 2
96 56 2 1
50 42 2 1
46 42 2 3
200 77 2 1
42 77 2 2
88 77 2 1
206 77 2 3
129 44 2 1
144 77 2 3
42 77 2 1
46 38 2 1
20 39 2 2
26 23 2 1
26 16 2 3
45 33 2 1
16 33 2 1
68 33 2 3
111 135 2 1
125 121 2 3
93 74 2 3
103 121 2 1
193 80 2 1
146 80 2 1
126 44 2 2
23 36 2 1
62 36 2 2
21 36 2 3
20 17 2 3
10 19 2 1
10 8 2 2
10 6 2 3
4 5 2 3
3 5 2 1
3 5 2 1
34 41 2 1
27 41 2 3
94 41 2 1
121 41 2 1
95 41 2 1
30 41 2 2
64 41 2 1
93 47 2 2
113 130 2 1
186 64 2 1
71 134 2 2
191 84 2 2
132 49 2 1
30 49 2 1
63 49 2 3
104 35 2 2
121 35 2 3
179 68 2 3
237 68 2 1
107 118 2 1
130 118 2 2
237 73 2 1
237 62 2 2
179 52 2 1
87 102 2 1
92 77 2 3
92 124 2 3
87 43 2 3
87 56 2 2
71 90 2 1
71 111 2 2
71 70 2 1
89 82 2 1
97 75 2 3
97 150 2 1
97 116 2 3
89 66 2 1
89 47 2 2
89 146 2 2
113 57 2 1
113 103 2 3
113 63 2 2
113 52 2 3
111 73 2 1
63 88 2 2
48 63 2 1
48 119 2 2
48 136 2 1
63 108 2 1
63 122 2 3
210 77 2 3
152 55 2 2
153 73 2 1
178 70 2 3
114 70 2 2
41 70 2 2
179 70 2 2
153 70 2 3
53 70 2 1
37 70 2 1
73 70 2 1
97 70 2 2
87 70 2 3
128 43 2 2
37 70 2 2
102 70 2 1
52 27 2 1
76 27 2 3
71 129 2 1
102 81 2 2
123 62 2 1
131 85 2 2
106 85 2 1
154 55 2 1
45 85 2 3
121 47 2 1
24 47 2 1
31 47 2 2
138 47 2 3
63 47 2 2
84 47 2 3
86 47 2 2
73 38 2 3
51 38 2 1
27 38 2 1
57 38 2 1
100 38 2 2
100 38 2 3
139 38 2 1
44 30 2 3
72 30 2 3
38 30 2 2
132 44 2 2
60 44 2 2
112 44 2 2
24 44 2 1
98 44 2 1
132 44 2 1
37 44 2 3
129 44 2 2
98 44 2 3
161 44 2 2
123 67 2 2
102 48 2 3
91 69 2 1
97 109 2 3
89 62 2 1
77 109 2 3
97 60 2 3
322 109 2 2
178 109 2 2
145 51 2 1
183 109 2 1
61 58 2 1
84 58 2 2
97 49 2 3
89 47 2 1
91 40 2 3
153 51 2 1
153 96 2 1
153 56 2 2
19 32 2 2
86 32 2 1
48 32 2 1
84 65 2 2
68 95 2 3
68 64 2 3
68 94 2 3
84 75 2 2
84 113 2 1
118 50 2 2
92 50 2 2
101 71 2 3
109 71 2 1
128 69 2 3
82 110 2 2
52 41 2 3
76 41 2 2
163 66 2 2
65 86 2 3
157 88 2 1
117 49 2 3
83 88 2 2
60 88 2 1
213 88 2 3
52 88 2 1
166 88 2 1
112 55 2 3
64 55 2 2
104 55 2 3
148 55 2 3
113 55 2 2
177 55 2 2
28 33 2 3
77 33 2 2
50 33 2 1
27 33 2 2
17 33 2 1
17 33 2 2
73 33 2 2
77 33 2 1
16 33 2 2
98 33 2 3
61 33 2 1
85 33 2 3
50 33 2 2
42 33 2 1
21 39 2 1
96 39 2 1
120 133 2 1
174 62 2 1
185 62 2 3
89 62 2 3
177 62 2 2
138 62 2 1
73 62 2 2
105 62 2 2
54 62 2 2
43 62 2 3
46 62 2 1
95 62 2 3
267 62 2 1
118 47 2 1
121 159 2 3
167 57 2 2
171 57 2 2
157 57 2 2
51 57 2 1
31 57 2 1
134 57 2 1
87 57 2 2
171 57 2 3
238 57 2 3
53 102 2 2
96 64 2 3
306 102 2 1
55 102 2 2
66 102 2 1
250 102 2 2
177 59 2 1
113 48 2 1
91 102 2 2
113 54 2 3
75 43 2 3
62 43 2 3
40 43 2 1
96 38 2 2
118 43 2 1
118 69 2 2
120 56 2 2
51 32 2 3
69 32 2 3
65 102 2 3
65 54 2 3
65 67 2 2
163 45 2 2
63 112 2 2
100 55 2 2
29 57 2 1
71 57 2 2
163 86 2 3
186 63 2 2
140 63 2 1
34 63 2 1
33 63 2 3
59 63 2 2
144 63 2 2
103 63 2 3
175 63 2 2
229 63 2 1
168 76 2 3
68 76 2 1
131 44 2 2
38 76 2 1
139 76 2 2
43 76 2 3
43 76 2 1
121 76 2 1
202 76 2 1
150 76 2 2
65 32 2 2
27 32 2 3
39 21 2 3
7 11 2 2
10 11 2 2
11 11 2 3
11 7 2 2
11 4 2 1
212 71 2 3
36 71 2 1
126 71 2 3
36 71 2 1
175 71 2 3
158 71 2 1
36 71 2 3
177 71 2 1
147 71 2 2
127 43 2 3
202 68 2 2
190 72 2 3
136 71 2 3
93 71 2 1
82 71 2 1
104 71 2 3
97 71 2 3
72 71 2 3
218 73 2 3
133 121 2 3
154 103 2 2
79 154 2 1
79 76 2 2
79 66 2 2
79 40 2 1
76 92 2 1
78 52 2 1
20 40 2 2
58 40 2 2
154 49 2 3
154 92 2 1
133 79 2 2
133 67 2 3
71 69 2 1
62 38 2 3
21 31 2 2
41 31 2 1
84 144 2 1
53 106 2 3
81 174 2 1
81 50 2 3
81 39 2 2
53 53 2 3
53 104 2 3
84 47 2 3
36 72 2 3
48 72 2 2
56 111 2 1
134 46 2 2
134 112 2 1
75 88 2 3
59 81 2 3
59 96 2 2
75 89 2 2
56 87 2 2
56 55 2 3
56 82 2 3
126 45 2 2
76 149 2 2
76 49 2 1
76 46 2 2
76 57 2 1
46 38 2 1
30 20 2 3
10 18 2 3
20 18 2 2
126 51 2 3
126 73 2 1
126 74 2 2
126 57 2 1
37 39 2 2
35 39 2 2
22 39 2 2
32 39 2 3
127 67 2 2
127 134 2 3
127 49 2 3
57 114 2 1
70 114 2 2
191 83 2 2
238 83 2 3
109 83 2 3
61 83 2 2
75 83 2 3
165 83 2 1
264 83 2 1
66 120 2 3
201 79 2 2
189 63 2 2
137 61 2 3
65 116 2 1
145 73 2 3
300 70 2 1
56 110 2 2
116 57 2 3
128 110 2 3
51 53 2 3
65 34 2 2
42 19 2 3
23 19 2 3
115 55 2 3
99 55 2 3
86 55 2 1
175 79 2 3
43 79 2 1
82 45 2 2
38 34 2 1
44 22 2 3
44 12 2 2
61 119 2 2
239 75 2 2
66 81 2 3
173 145 2 3
66 64 2 2
61 48 2 3
61 35 2 3
61 18 2 3
145 75 2 1
145 72 2 2
57 108 2 2
88 108 2 3
145 62 2 3
76 144 2 3
69 50 2 3
69 94 2 3
65 164 2 2
65 76 2 2
65 68 2 2
65 72 2 1
42 38 2 2
23 38 2 3
137 44 2 1
137 74 2 3
137 61 2 2
77 121 2 1
60 150 2 2
60 144 2 2
77 67 2 1
77 49 2 3
77 57 2 3
88 130 2 3
66 130 2 2
35 61 2 1
35 69 2 2
189 110 2 2
65 85 2 3
124 85 2 3
189 146 2 3
106 79 2 3
95 84 2 3
95 92 2 2
95 62 2 2
95 67 2 1
95 98 2 3
46 52 2 2
49 32 2 3
49 20 2 3
106 63 2 3
106 58 2 2
106 110 2 2
106 145 2 1
66 78 2 3
66 43 2 1
66 60 2 1
66 102 2 3
66 80 2 3
66 51 2 3
145 60 2 2
199 69 2 3
138 46 2 1
51 46 2 2
36 46 2 2
86 46 2 2
103 46 2 3
131 46 2 2
136 46 2 1
73 46 2 3
79 46 2 1
106 46 2 1
114 46 2 1
23 46 2 3
53 46 2 3
69 46 2 2
27 46 2 3
114 46 2 1
27 46 2 2
68 46 2 2
66 46 2 1
94 46 2 1
38 46 2 3
97 46 2 3
57 46 2 3
76 46 2 2
138 255 2 2
123 63 2 3
120 63 2 3
38 63 2 3
183 63 2 2
109 63 2 1
157 63 2 1
119 63 2 1
189 63 2 3
72 63 2 2
59 63 2 3
180 63 2 1
154 63 2 3
105 63 2 3
34 63 2 3
82 63 2 1
171 57 2 3
71 57 2 1
158 57 2 3
44 57 2 3
30 57 2 2
83 57 2 2
65 57 2 3
63 57 2 3
169 57 2 3
66 57 2 2
63 57 2 1
135 57 2 1
161 57 2 2
169 57 2 3
33 57 2 3
39 57 2 2
204 57 2 3
130 70 2 2
164 55 2 1
104 60 2 3
144 135 2 1
85 135 2 1
169 135 2 1
132 135 2 1
105 135 2 3
156 81 2 1
88 135 2 2
68 135 2 1
184 135 2 2
195 135 2 2
103 54 2 1
53 31 2 3
53 23 2 1
42 75 2 1
62 75 2 3
78 80 2 1
86 80 2 2
130 65 2 1
118 232 2 1
81 110 2 3
81 47 2 1
81 75 2 1
145 115 2 3
145 51 2 2
78 75 2 2
67 43 2 1
67 32 2 1
102 103 2 1
99 81 2 2
41 81 2 1
41 81 2 1
40 81 2 2
99 81 2 1
207 81 2 1
46 81 2 2
134 81 2 3
203 81 2 2
46 81 2 3
53 81 2 2
135 47 2 2
242 81 2 1
51 81 2 3
243 81 2 1
92 81 2 1
44 81 2 2
94 81 2 2
75 81 2 3
119 52 2 3
52 29 2 1
67 29 2 3
17 34 2 1
118 34 2 3
171 87 2 1
142 56 2 2
167 56 2 2
59 56 2 2
95 56 2 3
81 56 2 3
59 56 2 1
39 56 2 1
30 56 2 1
43 56 2 3
57 56 2 2
155 56 2 2
103 56 2 2
155 56 2 3
132 56 2 1
167 56 2 2
115 56 2 3
81 56 2 3
34 56 2 3
57 56 2 3
28 56 2 1
78 56 2 1
56 36 2 1
11 20 2 2
45 20 2 1
125 103 2 2
287 103 2 3
52 103 2 1
131 103 2 3
131 103 2 3
62 103 2 3
147 103 2 3
128 58 2 1
128 58 2 1
167 58 2 2
131 58 2 2
173 58 2 2
158 58 2 3
45 58 2 2
68 58 2 1
135 45 2 1
116 45 2 3
23 45 2 3
51 45 2 1
33 45 2 3
22 45 2 2
23 45 2 1
72 45 2 1
92 45 2 3
89 45 2 3
65 45 2 3
65 45 2 1
43 45 2 2
22 45 2 1
74 45 2 1
45 45 2 3
28 45 2 3
185 62 2 1
122 62 2 3
107 62 2 1
136 62 2 3
186 62 2 1
32 62 2 3
170 62 2 3
184 62 2 3
162 62 2 1
99 62 2 3
35 62 2 3
183 62 2 1
99 62 2 3
111 62 2 2
122 62 2 2
113 134 2 2
58 71 2 1
58 63 2 2
102 88 2 3
102 72 2 1
30 39 2 3
72 39 2 1
98 55 1 1
111 55 1 3
108 50 1 2
101 60 1 3
101 45 1 3
101 60 1 1
101 52 1 2
101 72 1 2
101 61 1 1
56 70 1 1
45 57 1 2
45 88 1 1
45 59 1 1
45 49 1 3
45 79 1 2
45 136 1 3
45 43 1 2
45 146 1 3
45 46 1 2
45 127 1 3
45 93 1 1
45 136 1 3
45 43 1 1
45 44 1 2
45 78 1 2
45 74 1 3
45 58 1 2
45 44 1 1
45 50 1 3
45 36 1 1
45 36 1 3
45 29 1 2
56 113 1 2
56 60 1 2
56 97 1 1
56 39 1 2
56 53 1 3
56 65 1 3
56 124 1 1
56 87 1 1
56 39 1 1
56 136 1 3
56 125 1 3
56 86 1 2
56 57 1 2
56 35 1 2
56 117 1 2
56 50 1 1
56 41 1 2
56 39 1 2
56 56 1 2
56 35 1 2
34 27 1 2
22 14 1 1
6 13 1 3
6 13 1 2
10 7 1 2
10 6 1 3
108 59 1 1
108 50 1 1
108 101 1 3
108 39 1 2
108 49 1 3
108 62 1 3
108 53 1 2
108 42 1 3
108 73 1 1
50 87 1 2
58 96 1 2
58 50 1 2
58 84 1 1
58 61 1 1
58 76 1 1
58 58 1 1
58 61 1 1
58 66 1 1
58 69 1 3
58 87 1 1
58 85 1 3
58 100 1 2
58 35 1 1
58 131 1 1
58 82 1 1
58 52 1 3
58 130 1 1
50 50 1 3
50 64 1 2
50 84 1 2
50 71 1 3
50 106 1 1
50 56 1 3
50 76 1 1
50 47 1 2
50 53 1 2
50 60 1 3
50 49 1 2
50 52 1 1
50 72 1 2
50 51 1 3
50 53 1 1
50 72 1 2
50 59 1 2
50 51 1 3
50 54 1 2
50 32 1 3
50 24 1 1
86 75 1 3
123 48 1 2
123 76 1 1
59 113 1 2
64 36 1 1
64 77 1 1
73 70 1 2
50 37 1 2
50 33 1 1
123 118 1 2
66 53 1 2
57 39 1 3
57 125 1 3
57 80 1 3
57 51 1 1
57 120 1 3
57 58 1 2
57 38 1 3
57 55 1 3
57 49 1 2
57 72 1 2
57 53 1 1
57 76 1 3
57 84 1 3
57 69 1 1
57 139 1 3
57 108 1 2
57 88 1 1
57 111 1 2
57 52 1 1
57 36 1 1
57 28 1 1
66 80 1 3
66 50 1 2
66 68 1 3
66 42 1 1
66 50 1 3
66 80 1 2
66 54 1 2
66 60 1 1
66 70 1 3
66 51 1 2
66 56 1 1
66 106 1 1
66 51 1 3
66 115 1 3
66 107 1 3
66 55 1 2
66 58 1 3
66 81 1 1
66 49 1 2
66 53 1 2
66 142 1 3
86 133 1 2
86 134 1 3
86 86 1 3
86 47 1 1
86 76 1 2
86 63 1 2
86 74 1 2
86 55 1 1
86 35 1 1
86 85 1 2
50 74 1 2
36 31 1 2
22 43 1 2
14 14 1 2
14 29 1 1
86 70 1 1
86 85 1 1
86 55 1 1
86 35 1 1
86 49 1 3
86 60 1 3
86 61 1 3
86 59 1 1
86 101 1 3
86 146 1 1
86 87 1 1
86 49 1 3
86 65 1 1
86 52 1 3
45 45 1 1
25 45 1 3
16 25 1 2
16 11 1 3
5 9 1 3
11 9 1 1
73 61 1 2
59 63 1 2
123 63 1 3
163 63 1 1
168 64 1 3
111 64 1 1
66 35 1 2
35 29 1 3
31 19 1 3
31 10 1 2
106 56 1 3
98 107 1 1
90 43 1 1
51 28 1 2
51 15 1 1
141 70 1 1
141 35 1 2
141 60 1 2
141 70 1 2
74 110 1 2
67 54 1 1
67 72 1 2
67 95 1 1
67 48 1 2
67 59 1 1
67 59 1 1
67 45 1 3
67 63 1 3
67 122 1 1
74 41 1 1
74 70 1 2
74 56 1 1
74 61 1 1
74 103 1 2
74 80 1 2
49 96 1 1
25 28 1 3
25 24 1 1
25 27 1 3
25 17 1 3
98 59 1 3
98 83 1 3
50 97 1 3
48 97 1 1
98 53 1 2
98 106 1 1
98 67 1 3
98 50 1 3
98 57 1 1
98 64 1 2
98 63 1 2
98 43 1 3
98 46 1 3
46 83 1 3
60 51 1 1
60 62 1 3
60 77 1 3
60 91 1 1
60 49 1 3
60 66 1 1
60 65 1 3
60 71 1 1
60 56 1 1
60 63 1 1
60 95 1 2
60 93 1 2
46 83 1 2
46 59 1 1
46 122 1 2
46 86 1 1
46 63 1 3
46 67 1 2
46 48 1 3
46 69 1 3
46 54 1 3
46 105 1 2
73 69 1 3
73 131 1 3
73 73 1 3
73 59 1 2
73 94 1 2
73 133 1 3
73 44 1 2
73 91 1 1
73 35 1 2
73 48 1 1
73 92 1 2
73 37 1 1
73 35 1 3
73 20 1 2
63 115 1 2
114 89 1 1
95 107 1 1
146 59 1 2
46 48 1 3
100 48 1 3
107 41 1 1
24 41 1 1
21 41 1 2
89 41 1 3
78 67 1 3
163 51 1 1
163 44 1 1
163 57 1 2
163 59 1 2
94 106 1 1
69 52 1 1
69 54 1 2
163 54 1 2
87 42 1 3
76 42 1 1
83 129 1 3
80 77 1 1
80 62 1 1
80 137 1 1
80 78 1 1
80 41 1 1
80 66 1 3
83 42 1 2
83 71 1 2
83 50 1 3
83 63 1 2
83 49 1 1
83 57 1 1
78 113 1 1
78 97 1 2
78 61 1 1
78 123 1 1
78 51 1 1
78 89 1 3
78 58 1 1
78 40 1 3
78 58 1 2
78 43 1 3
78 46 1 3
78 28 1 3
114 63 1 1
73 140 1 2
41 70 1 2
41 61 1 2
41 77 1 3
41 89 1 3
41 79 1 3
41 57 1 2
41 78 1 3
41 42 1 2
41 42 1 2
41 106 1 2
41 74 1 1
41 95 1 1
73 68 1 3
73 93 1 2
73 54 1 1
73 46 1 2
73 95 1 3
73 92 1 3
73 79 1 1
73 83 1 2
73 57 1 3
45 63 1 1
28 39 1 2
28 24 1 1
63 91 1 2
63 92 1 1
63 81 1 2
63 85 1 1
63 61 1 1
63 43 1 3
63 122 1 2
63 76 1 1
63 60 1 2
63 81 1 2
63 57 1 2
63 58 1 3
191 50 1 3
191 67 1 2
191 60 1 3
102 55 1 2
28 55 1 2
61 55 1 3
78 128 1 2
113 50 1 3
113 45 1 1
113 33 1 1
191 83 1 1
56 64 1 1
54 69 1 1
81 37 1 2
81 32 1 3
135 70 1 3
135 66 1 1
135 78 1 2
135 48 1 3
135 56 1 2
135 59 1 2
135 52 1 1
135 52 1 1
58 112 1 3
77 64 1 3
77 48 1 1
135 35 1 2
60 84 1 2
75 58 1 1
75 64 1 2
75 38 1 3
75 62 1 3
75 81 1 3
75 38 1 2
75 64 1 1
75 44 1 2
75 64 1 1
75 68 1 1
75 75 1 3
75 98 1 3
75 61 1 2
75 55 1 2
75 34 1 2
60 67 1 3
60 72 1 3
60 91 1 3
60 45 1 3
60 49 1 2
60 50 1 1
60 64 1 3
60 61 1 1
60 45 1 3
60 63 1 3
60 130 1 3
60 83 1 1
56 38 1 3
56 44 1 2
56 78 1 2
56 60 1 1
56 39 1 1
56 62 1 3
56 81 1 3
56 42 1 2
56 50 1 2
56 94 1 1
56 94 1 2
56 51 1 1
56 46 1 1
56 91 1 2
56 101 1 3
56 102 1 2
56 46 1 2
56 51 1 1
56 68 1 2
56 97 1 1
56 101 1 2
56 35 1 1
56 36 1 3
56 30 1 2
47 75 1 1
144 75 1 1
98 54 1 2
93 65 1 3
93 68 1 1
93 86 1 1
51 100 1 2
42 90 1 3
42 51 1 3
42 61 1 3
42 123 1 3
42 144 1 2
42 92 1 2
42 38 1 3
42 62 1 3
42 51 1 3
42 129 1 3
42 53 1 2
42 57 1 3
42 55 1 3
42 109 1 2
42 51 1 1
42 50 1 2
42 37 1 1
42 77 1 1
42 83 1 1
42 74 1 3
42 69 1 1
42 44 1 1
42 41 1 1
42 72 1 1
42 37 1 3
51 60 1 3
51 70 1 3
51 80 1 2
51 77 1 2
51 36 1 2
51 60 1 2
51 53 1 2
51 107 1 1
51 100 1 3
51 88 1 2
51 66 1 1
51 58 1 2
51 45 1 2
51 64 1 1
51 66 1 3
51 53 1 1
51 109 1 3
51 60 1 2
51 67 1 1
51 63 1 2
51 69 1 3
51 47 1 2
51 71 1 2
51 81 1 3
98 85 1 3
98 53 1 3
50 79 1 2
48 53 1 1
48 45 1 1
48 39 1 2
48 61 1 1
48 36 1 2
48 82 1 2
48 54 1 2
48 73 1 3
48 106 1 1
48 61 1 1
48 73 1 2
48 86 1 2
48 117 1 3
48 55 1 2
48 44 1 2
48 52 1 1
48 113 1 1
48 63 1 3
48 74 1 3
48 80 1 3
48 74 1 2
48 69 1 2
48 70 1 3
48 121 1 3
48 36 1 2
48 40 1 3
50 109 1 2
50 125 1 2
50 66 1 3
50 50 1 1
50 143 1 3
50 111 1 1
50 62 1 3
50 64 1 3
50 96 1 2
50 68 1 3
50 40 1 2
50 114 1 2
50 60 1 3
50 49 1 3
50 64 1 2
50 50 1 3
50 36 1 3
50 60 1 2
50 65 1 3
50 76 1 3
50 55 1 3
50 78 1 3
50 31 1 1
50 26 1 3
84 48 1 1
72 70 1 2
76 122 1 3
150 59 1 1
51 63 1 2
99 63 1 2
136 49 1 2
29 49 1 1
61 49 1 1
63 58 1 1
163 70 1 1
63 57 1 1
63 106 1 2
37 35 1 1
37 39 1 3
37 20 1 3
10 12 1 3
6 12 1 1
21 12 1 3
100 47 1 2
100 39 1 1
100 41 1 3
100 109 1 1
100 53 1 2
100 85 1 2
45 86 1 3
55 57 1 3
55 29 1 3
100 95 1 3
100 41 1 1
30 35 1 3
70 35 1 1
63 129 1 2
63 35 1 1
63 65 1 3
63 73 1 1
63 98 1 2
63 63 1 3
63 97 1 2
63 120 1 1
63 44 1 3
63 82 1 2
63 93 1 3
63 78 1 3
63 80 1 1
63 62 1 2
63 48 1 2
63 36 1 2
63 36 1 3
63 97 1 3
63 93 1 2
72 63 1 1
72 100 1 1
72 82 1 2
72 43 1 3
72 86 1 2
72 80 1 1
72 78 1 2
72 43 1 3
72 115 1 3
72 75 1 2
72 51 1 1
72 42 1 1
72 50 1 3
43 83 1 3
41 107 1 2
41 76 1 3
41 70 1 3
41 61 1 3
41 56 1 2
41 57 1 1
41 75 1 2
41 68 1 2
41 82 1 1
41 119 1 1
41 42 1 3
41 117 1 3
43 102 1 3
43 57 1 1
43 40 1 3
43 73 1 2
43 36 1 2
43 50 1 1
43 58 1 2
43 84 1 1
43 63 1 1
43 139 1 1
43 45 1 3
43 55 1 1
43 45 1 2
97 56 1 1
111 37 1 3
79 71 1 2
95 68 1 3
61 60 1 1
34 65 1 2
34 64 1 1
34 126 1 1
34 85 1 1
34 59 1 3
34 112 1 1
34 46 1 1
34 72 1 3
34 86 1 2
34 104 1 2
34 39 1 2
34 24 1 3
17 28 1 1
17 14 1 1
17 9 1 3
17 5 1 3
61 59 1 3
61 50 1 1
61 35 1 2
61 51 1 1
61 50 1 2
61 60 1 1
61 98 1 2
61 130 1 2
61 50 1 3
61 61 1 3
61 43 1 1
61 54 1 1
61 49 1 3
61 35 1 2
61 25 1 1
79 139 1 3
79 37 1 1
79 44 1 1
79 76 1 1
79 37 1 3
79 64 1 3
79 67 1 2
79 97 1 3
79 52 1 3
79 64 1 2
79 59 1 3
79 68 1 3
79 35 1 1
79 36 1 1
16 32 1 3
22 32 1 3
41 32 1 3
111 112 1 2
111 93 1 2
111 71 1 1
111 44 1 1
111 48 1 3
111 73 1 1
66 61 1 3
45 70 1 2
45 69 1 3
45 82 1 3
45 75 1 3
45 82 1 1
45 67 1 1
45 55 1 3
66 64 1 1
66 83 1 2
66 63 1 2
66 46 1 1
66 46 1 2
66 71 1 3
66 66 1 2
97 59 1 3
97 58 1 3
97 45 1 2
97 142 1 3
97 130 1 3
97 47 1 1
97 72 1 3
97 55 1 3
97 49 1 3
97 58 1 2
50 77 1 1
47 35 1 1
47 42 1 2
97 65 1 1
97 65 1 2
101 50 1 3
86 50 1 2
46 50 1 2
37 26 1 1
37 24 1 2
118 44 1 3
152 44 1 1
106 93 1 3
164 84 1 3
52 95 1 1
59 87 1 1
53 69 1 1
53 133 1 1
53 54 1 2
53 146 1 1
53 73 1 2
53 76 1 3
53 102 1 1
53 49 1 1
53 63 1 1
53 166 1 3
53 65 1 1
53 147 1 1
53 52 1 1
53 68 1 1
53 74 1 2
53 66 1 3
53 90 1 1
53 68 1 2
53 62 1 2
53 51 1 2
53 56 1 2
53 61 1 2
53 29 1 2
9 16 1 3
28 16 1 1
16 16 1 1
59 70 1 3
59 41 1 2
59 59 1 2
59 103 1 1
59 99 1 3
59 110 1 1
59 59 1 2
59 103 1 3
59 54 1 3
59 171 1 3
59 68 1 2
59 59 1 3
59 61 1 2
59 114 1 1
59 138 1 2
59 71 1 2
59 48 1 1
59 125 1 2
59 119 1 2
59 41 1 1
36 36 1 1
23 17 1 3
23 19 1 1
52 80 1 2
52 81 1 3
52 46 1 3
52 74 1 2
52 168 1 3
52 93 1 3
52 94 1 2
52 163 1 3
52 66 1 3
52 49 1 3
52 94 1 2
52 48 1 1
52 80 1 3
52 70 1 1
52 74 1 3
52 72 1 2
52 55 1 2
52 68 1 2
52 53 1 1
52 67 1 1
52 82 1 3
52 33 1 3
52 31 1 3
106 55 1 2
106 103 1 2
106 71 1 1
106 84 1 3
106 71 1 1
106 69 1 3
106 66 1 3
106 82 1 1
106 130 1 3
50 99 1 3
56 57 1 2
56 70 1 2
56 107 1 2
56 41 1 2
56 164 1 2
56 91 1 3
56 46 1 3
56 77 1 1
56 85 1 2
56 81 1 2
56 104 1 2
56 85 1 3
56 88 1 3
50 158 1 3
50 87 1 1
50 54 1 2
50 45 1 1
50 99 1 2
50 97 1 2
50 57 1 1
50 41 1 2
50 120 1 3
50 59 1 1
50 72 1 3
50 108 1 2
270 68 1 3
77 66 1 1
80 86 1 1
113 103 1 2
113 80 1 2
113 66 1 3
113 72 1 3
113 69 1 1
113 51 1 3
113 41 1 2
113 119 1 2
60 104 1 3
53 61 1 3
53 115 1 2
53 78 1 1
53 73 1 2
53 141 1 1
53 97 1 2
53 71 1 2
53 68 1 3
53 42 1 3
53 80 1 2
53 136 1 3
53 85 1 3
53 162 1 1
53 54 1 3
53 40 1 3
53 42 1 2
60 41 1 3
60 168 1 2
60 41 1 1
60 96 1 1
60 160 1 3
60 161 1 3
60 65 1 1
60 67 1 3
60 64 1 1
60 158 1 2
60 74 1 1
60 48 1 1
60 49 1 1
60 49 1 3
80 52 1 1
80 113 1 1
80 72 1 2
80 61 1 1
80 96 1 3
80 68 1 3
80 45 1 3
80 49 1 3
80 99 1 1
80 50 1 1
80 109 1 3
80 98 1 1
80 137 1 1
80 72 1 1
80 126 1 2
80 77 1 3
80 82 1 2
80 141 1 3
80 92 1 1
80 110 1 2
80 46 1 2
53 65 1 1
27 27 1 3
27 38 1 2
50 99 1 1
27 44 1 1
27 112 1 3
27 144 1 1
27 52 1 2
27 104 1 2
27 80 1 1
27 76 1 1
27 91 1 3
27 93 1 3
27 89 1 2
27 108 1 2
27 71 1 2
27 63 1 1
27 84 1 1
27 143 1 1
27 91 1 3
27 47 1 1
27 77 1 3
27 51 1 1
27 104 1 1
27 55 1 3
27 65 1 3
27 36 1 2
50 133 1 2
50 73 1 3
50 52 1 1
50 65 1 3
50 49 1 1
50 67 1 1
50 48 1 2
50 64 1 1
50 83 1 1
50 64 1 3
50 43 1 1
50 154 1 3
50 125 1 3
50 87 1 3
50 61 1 1
50 67 1 3
50 74 1 1
50 71 1 1
50 46 1 3
50 136 1 1
50 65 1 1
50 85 1 1
50 69 1 2
96 105 1 2
88 105 1 3
126 61 1 1
46 61 1 1
40 61 1 1
77 61 1 1
67 37 1 3
40 24 1 3
27 24 1 1
78 44 1 2
120 44 1 3
48 44 1 1
110 44 1 2
182 67 1 2
195 76 1 2
163 41 1 1
61 35 1 1
29 35 1 1
73 35 1 2
74 70 1 1
119 43 1 1
165 70 1 3
18 27 1 2
101 27 1 2
108 113 1 2
103 137 1 2
147 70 1 2
147 67 1 1
84 164 1 1
166 42 1 1
166 52 1 3
166 70 1 2
166 82 1 2
166 49 1 1
166 73 1 2
166 72 1 3
84 75 1 3
84 201 1 2
108 51 1 3
108 134 1 3
65 89 1 1
43 103 1 1
43 45 1 1
43 60 1 1
43 35 1 2
43 36 1 3
65 62 1 1
65 71 1 2
65 57 1 3
182 56 1 2
182 41 1 2
114 127 1 1
68 48 1 1
68 48 1 3
68 31 1 1
182 68 1 2
182 71 1 2
182 62 1 3
67 116 1 2
75 139 1 2
40 95 1 2
40 68 1 1
40 33 1 2
26 35 1 1
14 13 1 1
14 12 1 3
7 10 1 2
7 10 1 3
75 47 1 3
75 45 1 2
67 115 1 3
161 73 1 1
191 73 1 3
188 73 1 3
134 103 1 3
208 70 1 3
65 76 1 3
133 46 1 3
133 52 1 1
59 94 1 1
74 94 1 3
133 80 1 2
133 75 1 1
133 154 1 2
133 65 1 3
61 80 1 1
72 88 1 2
72 49 1 3
72 52 1 1
61 50 1 2
34 59 1 3
27 27 1 1
27 32 1 3
65 49 1 3
65 75 1 1
65 130 1 1
65 54 1 3
65 79 1 2
65 63 1 2
65 90 1 3
65 48 1 2
65 41 1 1
36 50 1 1
29 25 1 3
29 25 1 1
131 66 1 2
77 74 1 1
77 56 1 3
77 86 1 3
77 99 1 3
77 65 1 2
77 68 1 3
77 49 1 2
77 52 1 3
77 136 1 3
131 59 1 2
131 87 1 3
78 67 1 1
53 42 1 2
53 71 1 1
53 55 1 3
53 140 1 2
53 80 1 1
53 45 1 2
53 40 1 3
78 56 1 1
78 50 1 2
78 41 1 2
78 89 1 3
78 104 1 2
78 42 1 2
78 24 1 3
134 46 1 3
134 46 1 1
134 154 1 1
134 71 1 3
134 79 1 1
85 137 1 1
49 104 1 3
49 76 1 3
49 37 1 1
49 39 1 3
85 54 1 2
85 65 1 1
146 58 1 2
83 163 1 3
101 67 1 3
101 62 1 3
101 48 1 2
101 159 1 3
64 125 1 1
37 41 1 3
37 38 1 2
37 46 1 2
101 71 1 2
101 67 1 3
61 113 1 2
40 113 1 1
101 119 1 3
101 108 1 1
101 59 1 3
101 71 1 3
101 74 1 2
101 79 1 2
101 136 1 1
101 64 1 1
101 77 1 3
101 57 1 2
101 54 1 1
58 46 1 1
43 26 1 3
10 20 1 3
33 20 1 1
83 112 1 2
83 65 1 3
83 110 1 2
83 43 1 1
83 57 1 1
50 99 1 2
33 47 1 1
33 24 1 1
33 18 1 3
33 10 1 2
83 71 1 2
83 79 1 2
83 68 1 2
83 74 1 1
83 92 1 2
83 51 1 2
83 74 1 2
83 121 1 3
83 67 1 2
83 77 1 3
83 95 1 3
83 57 1 2
83 81 1 1
146 74 1 1
70 117 1 3
76 117 1 2
146 71 1 2
146 76 1 3
75 137 1 2
71 48 1 3
71 56 1 1
71 81 1 3
71 45 1 1
71 103 1 2
71 67 1 2
71 105 1 3
71 65 1 3
71 71 1 1
71 75 1 2
71 50 1 3
71 71 1 1
71 65 1 1
71 51 1 1
71 154 1 3
71 69 1 1
71 53 1 2
18 31 1 1
53 31 1 3
75 44 1 1
75 61 1 2
75 57 1 3
75 58 1 1
75 69 1 2
75 127 1 2
75 56 1 1
75 74 1 3
75 97 1 1
75 64 1 2
75 72 1 3
75 68 1 3
75 81 1 3
75 58 1 1
75 69 1 1
75 45 1 1
75 23 1 3
133 64 1 1
120 64 1 2
32 64 1 3
45 64 1 2
187 73 1 3
143 52 1 1
143 66 1 1
143 69 1 2
89 93 1 1
54 51 1 2
54 70 1 1
54 73 1 3
54 109 1 1
54 53 1 2
54 69 1 2
54 41 1 2
54 90 1 1
54 117 1 2
54 164 1 1
54 74 1 2
54 57 1 3
54 68 1 3
54 108 1 1
54 43 1 3
54 52 1 3
54 87 1 2
54 39 1 1
54 40 1 2
89 79 1 2
89 66 1 1
89 51 1 2
89 73 1 1
89 81 1 1
89 114 1 2
89 72 1 2
89 70 1 1
89 45 1 3
89 85 1 3
89 47 1 2
89 148 1 2
89 133 1 1
89 46 1 3
89 66 1 3
89 84 1 2
89 52 1 1
55 98 1 2
132 112 1 2
132 84 1 2
132 71 1 3
132 123 1 1
132 146 1 3
132 85 1 1
132 79 1 3
132 63 1 3
132 74 1 3
132 109 1 2
132 54 1 3
132 60 1 2
132 60 1 2
132 84 1 3
132 45 1 3
132 81 1 2
132 43 1 2
132 51 1 2
132 60 1 3
19 35 1 3
31 35 1 2
82 35 1 1
55 121 1 2
55 58 1 3
55 128 1 1
55 63 1 2
55 43 1 3
55 69 1 1
55 77 1 3
55 59 1 2
55 107 1 2
55 63 1 2
55 65 1 2
55 87 1 2
55 85 1 2
55 61 1 3
55 51 1 2
55 161 1 2
55 52 1 2
36 71 1 3
19 71 1 2
77 154 1 2
92 57 1 3
64 57 1 2
143 57 1 2
170 57 1 2
114 57 1 1
48 97 1 2
48 97 1 3
165 97 1 1
131 50 1 1
191 50 1 2
127 47 1 2
127 47 1 1
68 47 1 1
72 69 1 2
54 69 1 3
120 40 1 3
58 40 1 3
89 40 1 3
117 40 1 3
150 40 1 1
80 29 1 2
16 29 1 3
63 29 1 1
86 29 1 3
28 29 1 1
15 29 1 2
45 29 1 1
84 29 1 1
72 29 1 2
45 29 1 3
141 103 1 2
134 103 1 1
171 58 1 3
214 57 1 2
124 46 1 1
90 46 1 1
37 45 1 1
65 45 1 2
34 45 1 1
35 23 1 1
35 22 1 3
120 42 1 3
166 57 1 1
82 57 1 3
59 57 1 2
37 57 1 3
64 57 1 1
132 57 1 1
162 55 1 1
138 89 1 1
50 99 1 1
74 99 1 1
116 99 1 3
118 42 1 2
122 42 1 3
119 118 1 3
121 43 1 2
121 61 1 2
121 68 1 3
121 134 1 3
121 177 1 1
119 96 1 3
119 66 1 3
119 124 1 3
66 79 1 1
53 79 1 1
89 162 1 2
49 42 1 2
49 44 1 3
49 76 1 2
138 75 1 2
138 124 1 1
138 64 1 3
138 70 1 2
138 40 1 1
162 54 1 3
162 103 1 2
162 45 1 3
105 52 1 2
57 117 1 2
57 46 1 1
57 45 1 1
57 104 1 3
57 55 1 2
105 47 1 2
105 59 1 1
105 56 1 2
105 80 1 1
105 73 1 1
56 104 1 1
64 104 1 3
120 71 1 1
120 49 1 1
78 145 1 3
42 76 1 1
42 79 1 1
42 91 1 1
42 42 1 1
42 81 1 2
42 46 1 3
78 48 1 3
78 87 1 2
78 49 1 3
78 86 1 1
106 48 1 3
83 108 1 3
54 108 1 3
146 61 1 3
32 61 1 1
40 61 1 3
31 61 1 3
71 61 1 1
97 61 1 2
141 47 1 1
24 47 1 1
63 47 1 1
189 47 1 2
99 139 1 2
187 65 1 1
115 65 1 2
84 65 1 3
69 39 1 3
69 26 1 2
69 119 1 1
206 70 1 2
180 62 1 1
73 57 1 3
107 57 1 2
106 49 1 3
100 49 1 1
157 67 1 3
54 105 1 1
109 121 1 1
135 128 1 1
73 141 1 1
62 122 1 3
62 44 1 3
62 70 1 2
62 63 1 1
62 109 1 2
62 62 1 3
62 117 1 1
73 42 1 3
73 93 1 2
73 100 1 2
73 79 1 1
73 132 1 1
109 116 1 2
109 167 1 1
109 67 1 3
109 65 1 2
109 70 1 2
109 62 1 3
71 47 1 2
38 47 1 2
54 153 1 2
54 45 1 1
54 97 1 1
54 163 1 2
54 152 1 3
157 68 1 3
157 75 1 1
157 87 1 2
83 121 1 2
74 75 1 2
74 81 1 2
74 74 1 2
74 85 1 3
74 57 1 1
23 46 1 2
51 29 1 1
14 17 1 3
37 17 1 2
54 92 1 1
29 92 1 1
83 70 1 2
83 80 1 3
83 55 1 1
99 72 1 2
99 117 1 2
99 70 1 3
99 45 1 2
99 99 1 1
99 68 1 2
99 71 1 2
99 218 1 3
106 84 1 3
106 61 1 1
106 117 1 3
106 80 1 2
106 78 1 3
106 120 1 3
106 64 1 3
106 170 1 3
106 48 1 2
106 137 1 2
125 123 0 2
203 79 0 1
43 44 0 2
160 44 0 1
70 115 0 2
70 115 0 1
188 115 0 1
123 115 0 1
205 54 0 2
205 77 0 1
205 67 0 3
70 108 0 1
135 48 0 3
135 60 0 1
205 54 0 1
71 87 0 1
134 97 0 2
134 180 0 2
134 161 0 1
134 73 0 1
134 83 0 2
134 90 0 1
134 47 0 2
134 138 0 2
60 121 0 3
74 167 0 2
74 114 0 3
74 91 0 3
74 104 0 2
74 170 0 1
74 62 0 3
74 52 0 2
74 61 0 2
74 62 0 3
60 98 0 3
60 86 0 2
60 63 0 3
60 109 0 2
60 142 0 1
60 150 0 1
60 71 0 3
60 43 0 1
71 108 0 3
71 77 0 1
71 57 0 1
71 165 0 2
71 142 0 2
71 55 0 1
71 84 0 1
71 144 0 3
71 115 0 3
71 78 0 3
71 84 0 3
71 111 0 2
71 79 0 1
71 80 0 3
71 48 0 3
71 68 0 1
71 57 0 2
71 113 0 3
123 103 0 3
66 95 0 2
57 159 0 3
57 89 0 1
57 79 0 1
57 159 0 1
57 74 0 2
57 73 0 1
57 106 0 3
57 82 0 2
57 135 0 3
57 109 0 1
57 62 0 2
57 159 0 2
57 146 0 1
57 69 0 2
57 48 0 2
57 98 0 3
57 145 0 3
57 48 0 3
57 54 0 3
66 90 0 1
66 54 0 3
66 92 0 3
66 46 0 1
66 114 0 1
66 85 0 2
66 118 0 3
66 53 0 2
66 52 0 3
66 111 0 2
66 50 0 2
66 55 0 2
66 73 0 1
66 85 0 1
66 124 0 3
66 67 0 1
66 75 0 1
66 137 0 3
66 52 0 1
66 118 0 3
66 49 0 3
66 46 0 2
66 53 0 2
190 80 0 3
70 141 0 3
69 59 0 1
69 82 0 2
139 71 0 3
139 104 0 3
139 63 0 2
139 116 0 1
139 92 0 2
139 55 0 1
139 77 0 3
139 86 0 3
139 111 0 2
139 92 0 1
139 64 0 3
139 91 0 1
139 57 0 2
139 49 0 3
139 69 0 1
59 115 0 1
80 54 0 3
80 61 0 2
80 83 0 2
59 55 0 3
59 125 0 3
59 64 0 3
59 92 0 3
59 96 0 2
59 83 0 3
59 59 0 3
59 101 0 3
59 115 0 3
59 67 0 1
59 40 0 3
80 139 0 3
80 69 0 2
80 62 0 1
80 85 0 2
80 87 0 2
80 90 0 3
80 103 0 1
80 68 0 1
80 72 0 3
31 39 0 2
25 39 0 1
24 23 0 1
24 16 0 1
106 165 0 3
84 55 0 3
84 162 0 2
84 49 0 1
84 82 0 3
84 88 0 2
84 53 0 3
84 80 0 1
84 53 0 2
84 184 0 1
84 68 0 1
84 125 0 1
84 73 0 3
84 57 0 3
84 143 0 2
84 86 0 3
84 143 0 1
84 49 0 3
84 155 0 1
84 139 0 2
84 100 0 2
84 154 0 3
84 84 0 2
84 50 0 2
84 38 0 2
106 71 0 2
106 159 0 3
106 129 0 3
106 47 0 2
106 79 0 2
106 89 0 1
56 112 0 3
50 61 0 1
32 51 0 1
18 17 0 3
18 15 0 3
18 19 0 1
106 59 0 1
106 64 0 2
106 84 0 2
106 87 0 1
106 108 0 1
106 174 0 1
106 48 0 1
106 80 0 1
106 64 0 3
106 89 0 1
106 93 0 2
106 122 0 1
106 73 0 1
106 135 0 2
106 139 0 3
103 117 0 3
211 87 0 3
148 50 0 2
125 50 0 2
26 50 0 1
44 50 0 1
109 37 0 2
95 37 0 3
77 37 0 2
26 37 0 2
36 37 0 3
152 52 0 2
138 74 0 1
106 145 0 2
158 56 0 2
158 53 0 1
27 36 0 3
131 36 0 1
153 118 0 2
111 77 0 2
111 46 0 1
111 72 0 2
111 81 0 2
111 145 0 3
111 55 0 3
111 52 0 1
111 78 0 2
111 80 0 2
111 120 0 2
111 60 0 1
111 57 0 3
153 123 0 2
62 112 0 2
91 168 0 2
91 138 0 3
91 97 0 1
91 104 0 3
91 73 0 2
91 102 0 1
62 177 0 2
62 79 0 1
62 66 0 3
62 68 0 1
62 49 0 1
62 86 0 1
27 45 0 3
35 45 0 1
138 125 0 3
64 98 0 3
74 97 0 1
74 72 0 3
74 75 0 3
74 140 0 2
74 149 0 3
74 48 0 2
74 106 0 1
74 89 0 1
46 93 0 1
28 93 0 1
64 146 0 2
64 172 0 2
64 63 0 3
64 151 0 1
64 101 0 1
64 138 0 2
152 62 0 1
152 167 0 2
152 59 0 1
73 111 0 2
79 111 0 1
152 123 0 2
97 113 0 1
55 51 0 3
55 62 0 3
96 172 0 2
56 46 0 2
56 126 0 1
152 81 0 2
152 128 0 1
103 143 0 1
103 87 0 1
103 78 0 1
103 52 0 2
103 63 0 2
57 111 0 1
46 67 0 3
46 86 0 3
46 185 0 1
46 86 0 1
46 114 0 1
46 77 0 1
57 62 0 3
57 62 0 1
57 79 0 2
57 118 0 1
57 48 0 2
57 135 0 3
233 78 0 3
127 78 0 3
128 78 0 3
169 78 0 1
75 112 0 1
146 53 0 2
61 53 0 1
105 53 0 2
94 53 0 3
29 53 0 1
42 53 0 2
105 53 0 1
152 59 0 3
110 59 0 1
151 59 0 3
169 59 0 2
120 87 0 1
95 101 0 2
167 75 0 1
275 71 0 1
105 66 0 2
69 103 0 3
101 51 0 3
101 101 0 2
101 66 0 3
101 163 0 1
101 49 0 1
60 105 0 3
41 55 0 2
26 50 0 1
15 16 0 3
15 20 0 3
15 14 0 1
101 74 0 1
101 81 0 3
101 95 0 2
101 53 0 2
101 56 0 1
69 123 0 2
69 85 0 1
69 110 0 3
69 57 0 2
69 60 0 2
69 164 0 1
69 62 0 1
69 130 0 1
105 160 0 2
105 106 0 2
105 52 0 2
105 145 0 3
105 94 0 1
105 52 0 1
105 76 0 1
105 64 0 3
62 79 0 3
43 34 0 2
22 45 0 3
21 20 0 1
21 14 0 3
6 11 0 3
7 11 0 1
8 5 0 2
8 6 0 1
167 52 0 1
66 101 0 2
101 78 0 3
101 143 0 2
101 87 0 2
101 50 0 2
101 111 0 1
101 76 0 3
101 58 0 1
101 149 0 3
43 86 0 2
58 86 0 1
66 64 0 1
66 115 0 1
66 78 0 3
66 117 0 1
66 72 0 1
66 119 0 3
66 96 0 2
66 49 0 2
42 27 0 1
24 27 0 3
95 84 0 1
95 117 0 1
95 102 0 2
95 107 0 3
95 116 0 2
95 102 0 2
95 97 0 3
95 85 0 2
95 54 0 2
120 56 0 3
120 59 0 3
120 49 0 3
120 73 0 3
76 128 0 3
44 50 0 2
44 78 0 2
120 74 0 1
120 85 0 2
120 46 0 3
120 191 0 2
120 62 0 1
120 55 0 1
153 99 0 2
118 59 0 1
52 40 0 3
23 40 0 1
43 25 0 1
43 15 0 2
169 58 0 2
32 58 0 1
37 58 0 2
33 58 0 3
116 152 0 2
155 96 0 1
96 84 0 2
59 78 0 2
59 61 0 3
59 49 0 1
59 108 0 2
59 79 0 2
59 120 0 2
59 88 0 3
59 74 0 3
59 58 0 2
59 79 0 3
59 90 0 3
59 78 0 3
59 80 0 3
59 75 0 1
59 47 0 3
59 67 0 3
59 79 0 3
59 60 0 2
59 59 0 1
59 122 0 2
59 71 0 1
59 76 0 3
59 75 0 2
59 111 0 2
59 66 0 1
59 46 0 1
59 61 0 1
96 80 0 3
60 117 0 1
36 40 0 1
36 32 0 2
36 29 0 2
36 16 0 3
59 114 0 1
37 123 0 3
37 54 0 3
37 83 0 1
37 65 0 2
37 66 0 3
37 136 0 1
37 133 0 1
37 69 0 2
37 55 0 1
37 154 0 2
37 52 0 1
37 53 0 2
37 88 0 1
37 55 0 2
37 112 0 1
37 71 0 1
37 49 0 2
37 65 0 2
37 54 0 3
37 99 0 3
37 42 0 2
37 36 0 2
37 33 0 2
37 29 0 3
59 171 0 1
59 61 0 3
59 82 0 2
59 93 0 1
59 54 0 3
59 64 0 1
59 144 0 1
59 72 0 1
59 62 0 2
59 52 0 3
59 170 0 3
59 54 0 1
59 64 0 3
59 141 0 1
59 124 0 3
59 59 0 2
59 124 0 2
59 43 0 3
59 28 0 3
116 124 0 3
116 70 0 1
116 78 0 2
116 104 0 2
116 101 0 3
116 130 0 2
116 155 0 1
116 70 0 2
116 51 0 1
116 155 0 2
116 76 0 2
116 81 0 2
116 73 0 2
116 153 0 2
116 193 0 3
116 70 0 3
116 116 0 1
116 132 0 1
34 69 0 2
34 69 0 1
48 38 0 3
48 31 0 3
137 46 0 3
135 169 0 2
135 53 0 2
135 191 0 1
135 91 0 3
135 71 0 3
135 66 0 3
135 76 0 3
135 117 0 3
135 62 0 3
135 77 0 1
135 55 0 2
85 151 0 3
50 54 0 3
50 54 0 1
50 43 0 2
135 92 0 1
135 60 0 2
135 75 0 2
66 130 0 2
69 77 0 1
69 71 0 3
69 57 0 3
69 115 0 3
69 71 0 1
69 75 0 3
69 99 0 3
69 84 0 1
69 49 0 2
69 86 0 3
69 51 0 1
69 45 0 3
69 24 0 2
66 69 0 2
66 144 0 1
66 124 0 3
66 149 0 3
66 148 0 3
66 50 0 2
66 47 0 1
22 43 0 2
22 43 0 3
22 43 0 2
137 185 0 2
137 108 0 3
137 59 0 2
137 81 0 3
137 83 0 3
137 72 0 2
137 81 0 1
137 93 0 1
137 53 0 2
137 81 0 2
137 79 0 2
77 87 0 1
60 43 0 1
60 44 0 1
137 88 0 1
137 118 0 1
137 57 0 3
84 167 0 1
53 73 0 3
53 42 0 3
27 52 0 1
26 52 0 3
137 66 0 3
137 91 0 1
137 78 0 3
137 88 0 1
137 103 0 1
137 76 0 2
81 79 0 1
56 44 0 3
56 35 0 2
137 79 0 3
137 112 0 2
79 155 0 2
81 155 0 3
144 95 0 1
144 49 0 2
95 55 0 3
95 40 0 2
58 46 0 3
86 46 0 3
116 60 0 2
68 60 0 3
199 60 0 1
195 66 0 1
146 100 0 1
202 79 0 2
202 68 0 1
134 80 0 1
68 48 0 3
68 75 0 1
68 135 0 2
68 76 0 2
68 82 0 1
68 110 0 2
68 85 0 3
68 114 0 1
68 52 0 3
68 96 0 1
134 122 0 2
134 47 0 2
134 50 0 3
70 132 0 1
64 125 0 3
64 61 0 2
64 53 0 3
64 106 0 1
64 70 0 2
64 70 0 3
64 89 0 2
70 82 0 2
70 75 0 2
70 64 0 1
70 126 0 3
70 53 0 3
22 42 0 1
24 42 0 3
24 42 0 1
146 101 0 2
146 59 0 3
146 55 0 1
146 83 0 2
146 142 0 1
146 75 0 2
64 98 0 1
82 56 0 1
43 42 0 1
39 42 0 3
146 79 0 3
146 52 0 1
146 70 0 3
146 106 0 2
83 159 0 2
67 96 0 3
45 47 0 2
45 64 0 2
45 28 0 1
14 20 0 3
31 20 0 2
67 38 0 2
67 25 0 1
195 80 0 1
66 95 0 1
129 71 0 1
129 153 0 3
129 72 0 3
129 46 0 1
74 143 0 3
55 49 0 3
55 57 0 1
55 37 0 1
58 117 0 3
71 52 0 2
71 65 0 3
73 113 0 3
56 113 0 3
66 68 0 2
66 46 0 2
66 149 0 1
66 76 0 3
66 102 0 1
66 96 0 3
66 83 0 1
92 183 0 3
229 78 0 1
222 67 0 3
94 116 0 3
128 66 0 1
128 50 0 3
229 105 0 2
134 47 0 1
25 47 0 1
103 47 0 1
94 47 0 1
107 47 0 3
24 47 0 2
56 47 0 1
103 105 0 2
83 126 0 3
99 173 0 1
104 101 0 3
154 101 0 1
258 82 0 3
114 110 0 3
144 110 0 1
150 95 0 1
66 95 0 3
42 95 0 2
133 49 0 1
125 128 0 2
125 61 0 2
125 58 0 3
125 70 0 1
125 103 0 1
125 75 0 1
68 62 0 1
57 39 0 3
26 23 0 3
15 23 0 2
16 12 0 3
16 11 0 3
79 107 0 3
54 56 0 3
54 51 0 3
133 74 0 2
133 79 0 1
133 154 0 3
133 94 0 3
99 49 0 1
99 192 0 2
99 81 0 2
99 85 0 1
99 50 0 1
99 129 0 2
99 71 0 1
99 61 0 2
99 54 0 1
83 88 0 1
83 138 0 3
83 51 0 3
83 62 0 2
83 47 0 1
83 75 0 3
83 156 0 3
83 67 0 2
83 70 0 1
83 65 0 1
103 46 0 2
103 51 0 2
103 46 0 2
103 83 0 1
103 81 0 1
103 149 0 2
103 50 0 1
103 140 0 2
103 82 0 1
103 112 0 2
