500 500 10
4
500 650 4
500 330 3
240 705 2
780 470 1
1502
38 82 4 2
17 82 4 4
20 82 4 3
27 82 4 1
94 33 4 2
10 33 4 3
85 33 4 5
97 33 4 3
20 33 4 3
92 33 4 3
31 49 4 1
74 49 4 4
93 35 4 2
24 35 4 5
57 35 4 5
62 35 4 5
57 28 4 5
2 7 4 5
5 7 4 2
5 7 4 5
19 7 4 1
20 7 4 2
6 7 4 3
3 14 4 5
4 14 4 5
33 14 4 2
38 14 4 2
40 14 4 2
6 14 4 1
40 14 4 2
15 14 4 2
32 14 4 5
30 14 4 3
22 14 4 5
30 14 4 5
92 33 4 5
69 45 4 5
75 45 4 1
83 39 4 5
8 39 4 4
82 39 4 3
59 39 4 1
32 21 4 5
8 18 4 5
24 12 4 1
2 6 4 4
18 6 4 5
4 6 4 5
1 6 4 3
6 6 4 5
1 6 4 1
4 6 4 5
4 6 4 1
17 6 4 1
10 6 4 4
10 6 4 5
16 6 4 5
6 6 4 1
2 6 4 3
3 6 4 4
10 6 4 1
17 6 4 5
1 6 4 5
3 6 4 4
5 6 4 2
18 6 4 5
14 6 4 2
14 6 4 5
1 6 4 3
13 6 4 3
18 6 4 3
18 6 4 2
1 6 4 4
10 6 4 1
18 6 4 5
3 6 4 3
8 6 4 5
5 6 4 5
7 6 4 1
36 80 4 3
35 87 4 5
93 33 4 3
99 33 4 4
48 33 4 1
84 33 4 5
7 33 4 1
6 11 4 3
6 22 4 5
22 54 4 4
11 54 4 5
68 54 4 2
21 54 4 1
79 36 4 5
90 36 4 1
13 36 4 4
14 36 4 2
19 15 4 5
19 12 4 2
9 9 4 4
2 9 4 4
8 9 4 1
48 18 4 5
9 18 4 3
17 18 4 3
34 18 4 1
34 18 4 3
40 18 4 4
33 18 4 1
26 116 4 3
29 105 4 4
57 56 4 2
39 79 4 5
86 37 4 4
96 32 4 5
39 24 4 1
21 8 4 5
18 8 4 1
3 5 4 5
4 5 4 1
15 5 4 5
3 5 4 1
1 5 4 2
15 5 4 5
2 5 4 1
1 5 4 3
7 5 4 1
10 5 4 5
12 5 4 3
13 5 4 2
9 5 4 2
8 5 4 1
2 5 4 1
4 5 4 5
13 5 4 5
13 5 4 3
25 126 4 2
86 36 4 4
82 37 4 3
28 96 4 4
28 56 4 2
28 112 4 5
28 85 4 4
28 22 4 1
28 16 4 3
21 12 4 4
7 6 4 4
7 6 4 1
27 109 4 4
55 40 4 5
55 33 4 1
9 36 4 4
14 36 4 5
32 20 4 5
32 16 4 3
34 92 4 5
48 31 4 1
48 59 4 2
48 48 4 5
48 33 4 5
16 82 4 3
32 32 4 2
32 24 4 2
32 18 4 4
6 8 4 2
10 8 4 4
6 8 4 5
3 8 4 1
7 8 4 2
34 85 4 4
34 29 4 4
34 27 4 5
34 20 4 4
74 43 4 3
12 44 4 2
12 48 4 2
12 67 4 5
12 30 4 5
12 32 4 3
12 24 4 2
12 78 4 4
12 13 4 3
12 11 4 5
12 10 4 4
12 6 4 2
54 49 4 3
20 18 4 1
20 14 4 2
5 17 4 2
15 9 4 1
5 8 4 5
2 8 4 4
8 8 4 2
74 33 4 4
74 35 4 1
42 64 4 4
32 28 4 1
32 20 4 3
6 16 4 2
26 12 4 1
1 4 4 1
1 4 4 2
1 4 4 3
2 4 4 4
10 4 4 1
11 4 4 5
74 34 4 2
74 31 4 4
15 74 4 2
59 38 4 3
59 27 4 5
2 9 4 4
6 9 4 2
23 9 4 1
20 9 4 2
8 9 4 3
25 44 4 4
25 34 4 3
25 32 4 2
25 37 4 4
25 33 4 1
25 33 4 2
25 23 4 1
25 24 4 3
25 13 4 5
39 40 4 5
39 37 4 1
39 46 4 3
39 69 4 1
39 72 4 3
39 42 4 1
39 29 4 5
22 22 4 5
17 16 4 5
5 6 4 2
7 6 4 1
5 6 4 3
57 33 4 5
57 40 4 2
45 72 4 3
12 89 4 5
12 102 4 5
12 22 4 5
12 20 4 2
12 18 4 1
12 56 4 1
45 34 4 1
45 31 4 1
45 32 4 2
45 33 4 5
22 105 4 4
23 105 4 1
29 75 4 5
25 126 4 4
4 14 4 4
4 46 4 5
4 11 4 5
4 10 4 5
4 12 4 5
4 21 4 2
4 5 4 5
4 3 4 4
4 4 4 1
29 67 4 3
29 31 4 1
29 18 4 4
29 14 4 2
26 114 4 1
26 35 4 2
26 49 4 1
26 44 4 3
26 78 4 3
36 32 4 4
36 40 4 1
36 39 4 1
36 45 4 4
36 50 4 4
36 47 4 3
36 32 4 5
36 37 4 2
36 72 4 1
36 26 4 4
26 23 4 1
10 9 4 4
10 7 4 5
10 7 4 4
92 35 4 5
31 95 4 1
25 95 4 3
36 41 4 2
11 54 4 3
18 54 4 5
7 16 4 2
7 28 4 4
7 10 4 2
72 44 4 3
20 69 4 1
20 121 4 1
20 54 4 4
20 37 4 1
20 67 4 2
13 57 4 5
7 13 4 2
7 10 4 2
7 9 4 1
7 8 4 4
7 8 4 3
7 5 4 5
7 4 4 1
31 100 4 2
41 36 4 5
37 82 4 2
4 11 4 2
4 11 4 3
4 9 4 4
4 14 4 2
4 10 4 4
4 22 4 1
4 5 4 2
41 38 4 1
41 41 4 4
41 33 4 4
41 55 4 2
41 51 4 5
41 20 4 2
6 5 4 5
4 5 4 3
15 5 4 2
11 5 4 3
5 5 4 4
31 55 4 3
31 37 4 5
27 119 4 4
4 18 4 2
4 14 4 5
4 15 4 1
4 13 4 5
4 21 4 1
4 14 4 5
4 10 4 1
4 11 4 1
4 20 4 5
4 26 4 4
4 3 4 4
4 4 4 5
10 50 4 2
17 17 4 5
17 16 4 1
17 10 4 1
9 7 4 1
8 7 4 5
66 22 3 5
65 22 3 1
10 22 3 2
9 22 3 4
50 22 3 5
8 22 3 3
42 22 3 5
39 22 3 1
66 22 3 3
37 22 3 5
66 22 3 4
13 22 3 4
29 22 3 2
23 71 3 5
50 30 3 1
69 23 3 5
42 30 3 5
17 30 3 1
47 30 3 2
64 25 3 1
55 25 3 4
72 25 3 1
29 25 3 5
23 25 3 2
9 25 3 1
1 5 3 4
9 5 3 4
14 5 3 4
2 5 3 5
15 5 3 3
2 5 3 5
15 5 3 1
2 5 3 1
2 5 3 5
13 5 3 3
11 5 3 2
1 5 3 4
14 5 3 4
1 5 3 4
15 5 3 5
4 5 3 1
7 5 3 4
4 5 3 2
3 5 3 4
2 5 3 5
1 5 3 2
5 5 3 4
1 5 3 1
8 5 3 1
12 5 3 5
14 5 3 2
6 5 3 1
2 5 3 5
9 5 3 5
4 5 3 2
5 5 3 3
5 5 3 5
1 5 3 5
13 5 3 3
8 5 3 2
9 5 3 4
5 5 3 2
7 5 3 5
21 7 3 5
21 7 3 2
15 7 3 4
8 7 3 4
4 7 3 5
66 22 3 5
59 25 3 1
55 25 3 2
47 25 3 4
72 25 3 3
64 25 3 4
17 25 3 3
21 25 3 3
16 25 3 5
60 25 3 1
20 73 3 2
51 30 3 4
55 30 3 1
64 22 3 5
10 30 3 2
29 30 3 2
66 24 3 3
12 30 3 2
67 23 3 5
37 30 3 1
20 7 3 4
17 7 3 2
20 7 3 4
10 7 3 2
3 6 3 3
8 6 3 5
10 6 3 3
8 6 3 5
17 6 3 3
20 6 3 5
2 8 3 1
8 8 3 4
11 8 3 1
6 8 3 5
18 8 3 4
19 8 3 4
51 31 3 4
6 31 3 5
13 31 3 5
65 25 3 4
16 31 3 5
51 31 3 4
62 27 3 1
64 25 3 4
20 25 3 1
20 25 3 2
5 25 3 4
5 25 3 1
8 25 3 2
5 25 3 2
2 6 3 3
5 6 3 5
5 6 3 4
3 6 3 4
13 6 3 2
5 6 3 4
1 6 3 1
16 6 3 4
7 6 3 4
9 6 3 4
14 6 3 1
18 6 3 3
3 6 3 5
12 6 3 3
14 6 3 5
2 4 3 4
7 4 3 4
4 4 3 4
3 4 3 2
8 4 3 2
10 4 3 4
2 4 3 4
4 4 3 5
1 4 3 5
12 4 3 4
1 4 3 3
8 4 3 5
18 6 3 1
1 6 3 4
14 6 3 5
2 6 3 3
10 6 3 4
1 6 3 4
1 6 3 3
5 6 3 3
13 6 3 4
27 61 3 1
50 33 3 4
63 26 3 2
7 33 3 2
8 33 3 1
61 26 3 1
46 26 3 2
39 26 3 1
76 26 3 2
14 17 3 1
14 9 3 5
5 7 3 1
15 7 3 1
18 7 3 2
14 7 3 1
2 7 3 1
21 7 3 5
7 7 3 1
17 7 3 5
17 7 3 5
2 7 3 3
11 7 3 5
2 7 3 3
20 7 3 5
21 7 3 2
20 7 3 3
21 7 3 2
3 7 3 2
3 7 3 3
8 7 3 2
9 7 3 1
14 7 3 4
3 7 3 5
6 7 3 4
20 7 3 1
4 7 3 5
11 7 3 5
5 7 3 5
11 28 3 1
36 28 3 5
64 24 3 4
36 24 3 3
57 24 3 5
31 24 3 2
52 24 3 1
23 24 3 1
43 24 3 3
11 15 3 1
11 9 3 5
4 4 3 1
2 4 3 1
12 4 3 1
8 4 3 2
2 4 3 5
3 4 3 2
7 4 3 3
11 4 3 1
4 4 3 4
11 4 3 3
3 4 3 5
3 4 3 1
5 4 3 5
10 4 3 1
2 4 3 1
5 4 3 2
5 4 3 3
8 4 3 5
2 4 3 1
11 4 3 1
12 4 3 4
11 4 3 3
7 4 3 4
7 4 3 5
7 4 3 1
6 4 3 4
12 4 3 2
3 4 3 3
10 4 3 3
10 4 3 3
3 4 3 5
12 4 3 1
12 4 3 4
12 4 3 5
12 4 3 3
9 4 3 2
3 4 3 5
7 4 3 2
1 4 3 1
1 4 3 5
2 4 3 4
2 4 3 1
10 4 3 2
6 4 3 4
3 4 3 5
12 4 3 1
7 4 3 1
71 24 3 3
33 47 3 2
10 47 3 2
57 28 3 4
39 47 3 5
54 28 3 5
64 28 3 5
6 28 3 5
12 28 3 5
26 28 3 1
19 21 3 1
4 7 3 4
15 7 3 2
21 19 3 1
48 19 3 2
8 19 3 3
50 19 3 5
18 19 3 3
32 19 3 5
4 19 3 2
31 19 3 4
26 19 3 3
63 21 3 1
17 84 3 5
28 60 3 5
44 35 3 4
42 40 3 5
60 26 3 3
12 26 3 1
6 26 3 1
32 26 3 3
16 16 3 4
16 10 3 1
44 36 3 1
30 36 3 3
52 23 3 3
39 13 3 1
4 13 3 4
9 7 3 2
1 6 3 1
8 6 3 5
4 22 3 4
8 22 3 5
47 22 3 1
11 22 3 5
56 22 3 1
42 25 3 2
10 19 3 2
28 19 3 4
4 7 3 4
4 4 3 3
4 3 3 3
4 5 3 5
44 41 3 4
6 8 3 2
24 8 3 4
14 8 3 1
28 15 3 4
21 9 3 1
7 5 3 5
2 4 3 1
5 4 3 4
14 63 3 2
49 24 3 4
49 26 3 5
37 13 3 1
12 7 3 5
12 6 3 2
25 65 3 1
35 47 3 4
11 44 3 2
11 16 3 2
11 17 3 3
11 30 3 5
13 60 3 3
22 25 3 3
22 22 3 5
22 13 3 2
25 37 3 1
15 5 3 2
1 5 3 4
9 5 3 5
20 23 3 3
20 24 3 4
20 23 3 5
20 86 3 1
20 14 3 1
9 10 3 5
11 10 3 1
61 27 3 4
5 12 3 2
5 6 3 3
5 5 3 5
5 4 3 3
31 52 3 1
35 29 3 5
35 23 3 5
18 90 3 5
17 22 3 5
17 25 3 1
17 17 3 4
5 26 3 1
12 17 3 3
12 9 3 1
35 26 3 1
30 55 3 5
5 10 3 5
5 10 3 3
5 15 3 2
5 11 3 3
5 15 3 1
4 6 3 2
15 6 3 4
11 6 3 4
24 66 3 5
7 45 3 5
7 21 3 5
7 55 3 3
7 13 3 3
7 10 3 3
7 10 3 3
7 23 3 1
17 86 3 3
7 14 3 1
7 39 3 5
7 24 3 4
7 9 3 1
24 16 3 3
17 9 3 5
7 5 3 2
7 4 3 2
23 26 3 2
23 23 3 5
23 26 3 3
23 29 3 4
18 79 3 5
5 31 3 5
5 14 3 1
5 26 3 5
5 4 3 1
5 4 3 1
23 35 3 3
15 19 3 3
8 8 3 5
8 7 3 5
8 4 3 2
20 81 2 1
69 24 2 1
67 24 2 2
6 24 2 5
37 24 2 2
28 24 2 5
13 11 2 1
13 9 2 3
4 4 2 3
1 4 2 1
8 4 2 5
36 46 2 4
69 23 2 3
10 23 2 4
69 23 2 3
36 17 2 4
17 6 2 3
5 6 2 5
14 6 2 3
36 23 2 5
5 23 2 5
5 23 2 3
16 23 2 1
69 23 2 2
53 23 2 4
66 23 2 5
10 23 2 5
69 23 2 4
18 23 2 4
26 23 2 1
31 23 2 5
57 27 2 4
53 29 2 5
29 29 2 1
38 29 2 5
39 29 2 1
4 10 2 4
4 15 2 1
4 4 2 2
25 66 2 2
69 23 2 5
5 23 2 2
24 23 2 1
40 23 2 1
20 43 2 5
10 43 2 4
49 35 2 2
34 43 2 3
25 20 2 1
25 15 2 5
11 8 2 3
14 8 2 5
22 8 2 1
15 8 2 2
12 8 2 2
69 24 2 1
29 56 2 4
60 28 2 4
5 7 2 4
5 13 2 2
5 8 2 2
32 28 2 3
33 18 2 4
4 10 2 5
5 10 2 3
24 10 2 2
28 59 2 2
17 59 2 4
41 38 2 1
8 13 2 4
8 17 2 2
8 9 2 1
8 9 2 4
8 11 2 4
41 21 2 1
30 53 2 2
60 23 2 1
4 8 2 2
4 11 2 1
4 21 2 3
4 13 2 1
10 30 2 1
50 30 2 2
43 36 2 1
51 29 2 1
27 59 2 3
24 26 2 4
24 16 2 2
24 12 2 5
4 5 2 3
11 5 2 1
5 5 2 4
4 5 2 5
51 32 2 5
51 26 2 2
22 71 2 5
29 26 2 4
16 45 2 3
13 41 2 3
5 4 2 2
1 4 2 5
7 4 2 1
24 68 2 4
27 45 2 3
21 23 2 3
6 11 2 1
6 12 2 2
51 25 2 1
51 39 2 5
43 34 2 5
43 38 2 5
43 35 2 2
31 51 2 3
12 23 2 4
12 11 2 2
12 10 2 3
12 7 2 4
43 24 2 1
43 22 2 4
43 26 2 1
22 68 2 4
21 54 2 1
21 15 2 2
4 14 2 5
17 9 2 1
17 5 2 4
3 15 2 5
19 10 2 3
4 5 2 2
1 5 2 3
8 5 2 4
6 5 2 4
59 29 2 4
10 11 2 3
10 8 2 1
10 6 2 4
6 4 2 5
4 4 2 5
40 40 2 5
29 24 2 5
29 57 2 1
29 54 2 2
29 57 2 5
29 25 2 4
29 34 2 5
23 70 2 5
6 31 2 3
6 12 2 3
6 10 2 4
6 17 2 3
29 24 2 5
29 24 2 1
29 46 2 4
29 39 2 3
23 10 2 2
6 4 2 2
6 6 2 4
40 25 2 5
40 40 2 4
40 41 2 4
40 25 2 1
40 32 2 4
40 30 2 4
35 46 2 2
5 20 2 5
5 61 2 2
5 47 2 4
5 13 2 1
5 12 2 2
5 15 2 4
5 40 2 4
5 6 2 3
5 17 2 3
35 23 2 5
35 23 2 4
35 24 2 1
35 36 2 3
35 24 2 2
12 55 2 3
15 55 2 2
8 37 2 3
8 18 2 1
57 24 2 2
57 27 2 2
57 30 2 1
57 27 2 2
27 59 2 4
30 23 2 3
30 36 2 5
50 31 2 4
7 10 2 5
7 17 2 5
7 4 2 2
28 56 2 3
29 22 2 3
29 28 2 5
9 6 2 5
20 6 2 3
57 25 2 5
57 25 2 1
45 34 2 5
12 65 2 5
12 23 2 3
12 77 2 1
12 22 2 4
12 21 2 4
12 33 2 2
12 33 2 4
8 7 2 3
4 7 2 1
28 60 2 2
17 33 2 4
17 27 2 4
36 46 2 1
9 30 2 5
9 21 2 3
9 20 2 5
9 32 2 1
9 57 2 5
9 15 2 5
9 12 2 1
36 25 2 1
20 71 2 3
16 20 2 2
16 31 2 3
16 11 2 5
16 9 2 4
36 24 2 4
36 21 2 1
20 24 2 3
20 47 2 1
20 61 2 4
20 24 2 1
20 22 2 5
20 50 2 3
20 43 2 5
20 30 2 2
20 28 2 4
20 46 2 5
20 47 2 3
20 32 2 2
20 39 2 5
20 35 2 3
20 50 2 4
20 21 2 5
20 13 2 4
20 12 2 5
43 82 1 3
97 37 1 5
80 43 1 2
72 47 1 1
102 35 1 1
28 47 1 2
83 47 1 5
31 47 1 1
97 36 1 5
100 36 1 4
47 24 1 2
35 12 1 3
8 12 1 5
4 5 1 5
4 7 1 1
5 11 1 5
28 11 1 2
30 11 1 3
14 11 1 4
3 11 1 1
28 11 1 5
2 11 1 3
14 11 1 5
27 11 1 4
4 11 1 1
27 11 1 4
10 11 1 3
4 11 1 5
11 11 1 4
18 11 1 3
19 11 1 4
34 12 1 2
29 12 1 1
4 12 1 5
11 12 1 5
20 12 1 4
4 4 1 1
4 4 1 1
4 4 1 5
10 35 1 5
92 31 1 5
22 31 1 1
35 31 1 1
34 31 1 3
38 31 1 2
34 31 1 4
50 31 1 1
27 31 1 2
64 31 1 2
93 31 1 5
61 25 1 3
1 6 1 2
10 6 1 2
18 6 1 2
1 6 1 2
2 6 1 2
2 6 1 4
10 6 1 5
6 6 1 4
1 6 1 2
1 6 1 2
9 6 1 5
4 4 1 1
1 4 1 2
7 4 1 5
1 4 1 4
12 4 1 5
12 4 1 5
4 4 1 4
1 4 1 2
7 4 1 3
4 4 1 5
11 4 1 4
11 4 1 5
1 4 1 5
11 4 1 1
5 4 1 1
1 4 1 4
1 4 1 5
5 4 1 3
5 4 1 5
3 4 1 3
8 4 1 1
5 4 1 4
4 4 1 2
3 4 1 2
6 4 1 1
4 4 1 3
4 4 1 4
12 4 1 5
6 4 1 4
1 4 1 3
1 4 1 3
5 4 1 3
5 4 1 2
9 4 1 2
11 4 1 1
1 4 1 1
4 4 1 3
2 4 1 2
9 4 1 2
3 4 1 5
1 4 1 4
11 4 1 3
9 4 1 2
1 4 1 4
3 4 1 4
7 4 1 5
12 4 1 1
2 4 1 2
8 4 1 4
1 4 1 2
11 4 1 5
12 4 1 5
12 4 1 5
3 4 1 1
12 4 1 3
2 4 1 2
2 4 1 5
1 4 1 3
7 4 1 1
1 4 1 4
11 4 1 5
1 4 1 4
8 4 1 2
3 4 1 3
3 4 1 2
6 4 1 4
2 4 1 3
1 4 1 2
5 4 1 1
5 4 1 5
10 4 1 2
4 4 1 3
1 4 1 4
4 4 1 1
2 4 1 1
7 4 1 1
2 4 1 4
9 4 1 4
1 4 1 1
11 4 1 1
2 4 1 5
7 4 1 3
8 4 1 5
12 4 1 4
8 4 1 2
3 4 1 5
11 4 1 1
5 4 1 1
3 4 1 5
6 4 1 2
9 4 1 5
1 4 1 2
2 4 1 1
4 4 1 3
9 4 1 2
9 4 1 5
6 4 1 5
2 4 1 1
1 4 1 2
12 4 1 1
6 4 1 1
13 39 1 5
15 39 1 5
9 39 1 3
43 24 1 5
3 15 1 3
4 15 1 4
36 15 1 4
90 39 1 5
7 12 1 1
7 16 1 2
7 6 1 5
7 5 1 2
7 6 1 4
3 6 1 4
16 6 1 4
8 6 1 2
11 6 1 4
1 6 1 1
4 6 1 2
7 6 1 5
2 6 1 2
18 6 1 2
11 6 1 1
9 6 1 5
33 108 1 5
25 108 1 3
67 55 1 5
98 34 1 1
10 34 1 2
102 34 1 1
40 34 1 5
71 34 1 2
71 34 1 5
64 34 1 2
16 34 1 3
13 34 1 4
72 34 1 2
91 34 1 5
7 10 1 5
7 8 1 5
7 8 1 1
7 4 1 1
7 4 1 3
88 40 1 3
105 35 1 3
96 35 1 5
42 35 1 1
61 35 1 1
55 35 1 5
83 35 1 3
100 35 1 4
25 18 1 2
25 13 1 3
1 4 1 5
11 4 1 4
13 4 1 5
40 39 1 2
21 39 1 3
27 39 1 5
110 39 1 5
49 39 1 3
47 39 1 5
83 39 1 2
101 34 1 4
89 34 1 5
10 5 1 3
3 5 1 1
4 5 1 2
8 5 1 5
13 5 1 3
8 5 1 4
1 5 1 5
7 5 1 1
1 5 1 1
9 5 1 5
1 5 1 2
8 5 1 3
2 5 1 2
1 5 1 1
10 5 1 5
15 5 1 3
12 5 1 4
6 5 1 2
12 5 1 3
10 5 1 4
5 5 1 5
14 5 1 2
2 5 1 3
3 5 1 3
10 5 1 2
15 5 1 5
88 34 1 2
67 35 1 5
6 18 1 2
48 18 1 4
5 18 1 5
8 7 1 4
8 6 1 5
2 5 1 2
6 5 1 1
59 51 1 1
90 40 1 1
96 32 1 3
72 32 1 1
46 32 1 1
7 32 1 5
70 32 1 3
58 32 1 5
54 32 1 4
60 32 1 3
30 32 1 4
71 32 1 1
67 32 1 4
76 47 1 2
86 40 1 4
61 40 1 5
18 40 1 1
76 40 1 2
104 40 1 2
12 40 1 4
70 40 1 1
10 40 1 4
102 35 1 1
8 35 1 1
8 18 1 4
8 10 1 1
8 7 1 4
1 5 1 4
1 5 1 1
11 5 1 1
2 5 1 1
1 5 1 1
7 5 1 1
2 5 1 5
14 5 1 2
3 5 1 5
9 5 1 3
14 5 1 4
6 5 1 2
14 5 1 5
14 5 1 3
2 5 1 5
1 5 1 3
1 5 1 2
3 5 1 5
2 5 1 2
10 5 1 1
90 37 1 5
62 37 1 3
108 37 1 3
16 37 1 5
30 37 1 1
105 37 1 4
109 37 1 3
29 37 1 3
6 9 1 3
6 7 1 5
6 21 1 3
73 44 1 2
102 34 1 4
56 61 1 3
51 61 1 4
77 44 1 1
49 44 1 4
92 38 1 1
22 38 1 2
33 23 1 1
15 15 1 4
18 9 1 1
6 6 1 4
2 6 1 3
6 6 1 5
4 6 1 1
10 6 1 5
18 6 1 1
2 6 1 2
18 6 1 4
7 6 1 2
5 6 1 1
16 6 1 5
16 6 1 4
3 6 1 4
4 6 1 5
15 6 1 4
18 6 1 5
2 6 1 5
13 6 1 5
28 17 1 2
4 17 1 3
48 17 1 1
5 17 1 5
21 17 1 1
34 17 1 4
3 17 1 1
26 17 1 5
34 17 1 4
28 17 1 3
30 17 1 2
12 10 1 3
12 7 1 4
47 75 1 2
37 75 1 4
63 56 1 1
30 56 1 3
68 51 1 1
81 43 1 4
19 43 1 4
22 43 1 1
13 22 1 1
13 10 1 3
7 11 1 2
6 5 1 1
6 6 1 2
8 8 1 3
10 8 1 2
15 8 1 4
22 8 1 4
23 8 1 1
10 8 1 4
18 8 1 1
18 8 1 3
11 8 1 3
4 5 1 2
2 5 1 5
2 5 1 1
2 5 1 3
5 5 1 1
13 5 1 5
4 5 1 4
4 5 1 4
7 5 1 5
14 5 1 3
15 5 1 1
9 5 1 3
3 5 1 4
3 5 1 1
15 5 1 3
6 5 1 5
14 5 1 1
15 5 1 3
6 5 1 4
15 5 1 3
10 5 1 5
14 5 1 2
15 5 1 1
6 5 1 5
4 19 1 2
49 19 1 1
57 19 1 5
45 19 1 1
4 19 1 5
11 19 1 4
13 19 1 4
8 19 1 3
56 19 1 3
39 19 1 3
10 9 1 3
4 10 1 3
6 10 1 4
100 35 1 3
68 35 1 4
43 35 1 5
74 35 1 2
9 35 1 2
68 35 1 4
18 16 1 2
4 19 1 5
5 19 1 4
4 19 1 1
5 14 1 5
5 5 1 4
95 38 1 5
7 38 1 3
79 46 1 1
23 95 1 3
4 4 1 5
1 4 1 5
4 4 1 1
9 4 1 5
5 4 1 2
19 53 1 5
60 31 1 1
27 22 1 1
33 17 1 4
1 5 1 5
13 5 1 1
10 5 1 4
9 5 1 5
73 37 1 5
50 73 1 5
23 40 1 5
23 18 1 1
11 15 1 2
12 9 1 5
2 6 1 1
10 6 1 5
7 17 1 4
42 17 1 4
24 13 1 2
10 4 1 5
5 4 1 3
9 4 1 5
68 51 1 5
8 50 1 2
8 20 1 3
8 19 1 5
8 44 1 5
8 15 1 3
8 12 1 1
8 35 1 1
8 6 1 1
68 47 1 5
68 46 1 1
68 35 1 4
68 22 1 5
76 45 1 2
14 38 1 1
14 42 1 5
14 95 1 2
14 33 1 3
14 19 1 2
3 13 1 4
11 9 1 1
11 4 1 1
52 68 1 3
24 41 1 1
24 43 1 3
24 43 1 3
24 25 1 2
24 34 1 3
8 9 1 1
16 9 1 1
52 34 1 2
52 35 1 2
52 58 1 4
59 35 1 5
59 35 1 1
59 34 1 5
59 42 1 3
59 34 1 2
59 31 1 5
52 18 1 1
7 8 1 5
7 5 1 4
3 5 1 2
4 5 1 5
