200 300 16
2
200 320 3.5
200 1472 2.5
163
67 52 3
81 47 3
52 22 3
39 25 3
13 17 3
13 8 3
5 5 3
19 5 3
10 5 3
6 5 3
15 5 3
14 5 3
15 5 3
12 5 3
7 5 3
20 5 3
3 5 3
7 5 3
80 24 3
30 24 3
79 20 3
11 10 3
11 10 3
3 4 3
15 4 3
12 4 3
2 4 3
15 4 3
14 4 3
3 4 3
3 4 3
6 4 3
5 4 3
4 4 3
8 4 3
113 33 3
60 93 3
27 23 3
27 30 3
27 16 3
27 13 3
27 11 3
74 25 3
13 10 3
13 15 3
87 40 3
87 40 3
64 46 3
23 30 3
23 16 3
57 46 3
48 38 3
8 11 3
8 16 3
8 7 3
8 12 3
26 8 3
22 8 3
40 60 3
73 43 3
73 24 3
49 98 3
24 22 3
24 24 3
24 22 3
24 14 3
24 11 3
19 5 3
5 5 3
40 24 3
40 60 3
29 21 3
11 9 3
11 12 3
200 112 2
200 73 2
132 131 2
68 126 2
68 45 2
68 63 2
68 213 2
68 106 2
68 52 2
68 78 2
68 48 2
68 57 2
68 220 2
68 191 2
68 88 2
132 48 2
132 104 2
132 44 2
115 177 2
17 74 2
17 51 2
17 47 2
17 51 2
17 111 2
17 50 2
17 96 2
17 58 2
17 92 2
17 73 2
17 38 2
17 54 2
17 30 2
17 37 2
17 47 2
17 31 2
17 9 2
6 11 2
11 6 2
11 5 2
115 77 2
109 131 2
6 46 2
6 38 2
6 59 2
6 30 2
6 29 2
6 28 2
6 31 2
6 26 2
6 25 2
6 25 2
6 24 2
6 25 2
6 27 2
6 23 2
6 27 2
6 32 2
6 27 2
6 37 2
6 19 2
6 24 2
6 27 2
6 18 2
6 10 2
6 12 2
6 9 2
6 12 2
6 12 2
6 4 2
82 128 2
27 172 2
27 54 2
27 45 2
27 63 2
27 99 2
27 32 2
27 31 2
27 46 2
27 33 2
82 53 2
82 98 2
82 168 2
82 48 2
73 80 2
9 24 2
9 11 2
9 11 2
9 25 2
9 9 2
