300 200 5
7
90 250 4
70 250 3
180 250 1.5
180 130 2
120 120 1.5
120 110 1
120 140 0.5
77
83 86 4 4
7 26 4 3
7 16 4 2
7 12 4 4
7 14 4 4
7 12 4 5
7 6 4 4
90 76 4 5
90 56 4 4
78 32 4 4
12 14 4 4
12 13 4 4
12 5 4 5
70 65 3 5
70 62 3 5
70 68 3 3
70 43 3 5
33 12 3 4
9 12 3 4
20 12 3 4
8 7 3 5
8 5 3 5
112 187 1 3
68 100 1 2
68 70 1 4
68 80 1 4
112 57 1 3
9 6 1 3
11 6 1 3
7 6 1 5
16 6 1 2
13 6 1 4
13 6 1 5
15 6 1 4
10 6 1 3
7 6 1 3
7 6 1 2
4 6 1 5
154 74 2 4
26 39 2 5
26 51 2 5
26 20 2 4
26 15 2 4
9 5 2 4
6 5 2 4
11 5 2 5
118 56 2 2
36 32 2 4
19 24 2 4
17 16 2 4
9 8 2 5
8 8 2 3
75 92 1 5
45 67 1 5
45 53 1 4
60 28 1 4
15 20 1 4
15 8 1 4
61 75 1 3
59 48 1 3
55 62 1 5
4 14 1 3
4 10 1 4
4 10 1 4
4 13 1 4
4 5 1 5
4 6 1 4
4 4 1 4
50 35 1 4
11 13 1 5
11 10 1 5
11 12 1 4
45 140 0 4
75 67 0 3
75 47 0 5
43 26 0 4
32 26 0 4
