600 400 8
5
600 170 4
800 300 3
310 660 2
650 330 1
1020 330 0.5
521
146 38 4 3
32 170 4 1
116 85 4 1
77 52 4 2
87 37 4 1
93 32 4 2
49 28 4 1
5 4 4 1
1 4 4 2
16 4 4 2
2 4 4 2
8 4 4 1
1 4 4 2
4 4 4 2
12 4 4 1
16 5 4 1
9 5 4 1
13 5 4 1
14 5 4 1
10 5 4 1
1 5 4 1
13 5 4 2
7 5 4 1
2 5 4 2
14 5 4 3
20 5 4 1
2 5 4 1
2 5 4 1
19 5 4 2
56 15 4 1
60 15 4 3
28 15 4 2
21 15 4 2
56 15 4 2
8 10 4 2
2 5 4 1
6 5 4 1
144 40 4 1
123 41 4 2
39 22 4 1
17 19 4 2
22 13 4 2
1 6 4 2
14 6 4 3
7 6 4 1
94 29 4 2
8 29 4 1
60 23 4 1
12 6 4 2
4 6 4 2
8 6 4 2
1 6 4 1
23 6 4 1
1 6 4 1
11 6 4 1
46 48 4 1
116 35 4 1
29 13 4 3
27 13 4 2
7 13 4 1
41 13 4 2
12 7 4 2
12 6 4 1
144 72 4 1
3 6 4 3
16 6 4 1
7 6 4 1
24 6 4 1
17 6 4 2
23 6 4 2
23 6 4 1
1 6 4 3
8 6 4 1
16 6 4 3
6 6 4 1
116 47 4 1
65 38 4 1
51 24 4 2
31 14 4 3
20 9 4 2
20 5 4 3
66 57 4 1
35 102 4 2
45 35 4 1
45 26 4 1
45 29 4 1
5 12 4 2
40 12 4 2
80 30 4 2
66 28 4 2
66 28 4 2
31 19 4 1
35 13 4 2
14 6 4 1
21 6 4 2
42 300 3 2
64 183 3 1
212 54 3 1
165 54 3 2
5 54 3 2
21 54 3 4
176 54 3 1
115 44 3 1
28 10 3 2
26 10 3 1
10 10 3 3
30 10 3 1
21 10 3 1
173 98 3 2
249 80 3 1
38 80 3 2
97 73 3 3
73 73 3 1
16 73 3 2
48 38 3 1
10 35 3 3
38 21 3 2
38 14 3 1
27 7 3 1
28 7 3 4
6 7 3 1
19 7 3 2
25 7 3 1
19 7 3 2
19 7 3 2
23 7 3 3
8 7 3 2
28 7 3 2
7 7 3 3
21 7 3 2
4 3 3 2
4 4 3 3
63 49 3 1
56 49 3 1
153 41 3 1
27 41 3 3
8 41 3 2
9 41 3 2
11 41 3 3
133 41 3 1
61 27 3 3
24 14 3 2
37 14 3 1
25 8 3 2
16 8 3 1
4 8 3 1
12 8 3 2
29 8 3 3
21 8 3 1
7 8 3 1
30 8 3 2
16 8 3 1
28 8 3 1
5 8 3 1
1 8 3 1
22 8 3 1
6 8 3 1
16 8 3 1
28 8 3 1
8 8 3 2
32 8 3 2
27 8 3 1
1 8 3 1
6 8 3 2
12 8 3 3
2 8 3 2
2 8 3 1
31 8 3 3
15 8 3 2
124 31 3 2
20 31 3 1
21 31 3 2
8 8 3 2
8 7 3 2
8 6 3 1
2 10 3 2
6 6 3 1
6 4 3 2
12 117 3 2
13 117 3 1
238 65 3 1
18 117 3 1
21 117 3 1
173 44 3 2
195 49 3 1
88 38 3 1
28 11 3 1
2 11 3 1
44 11 3 1
8 11 3 1
6 11 3 1
119 51 3 2
12 51 3 1
152 45 3 4
17 6 3 1
24 6 3 2
15 6 3 2
2 6 3 2
1 6 3 1
11 6 3 1
12 6 3 1
14 6 3 1
20 6 3 1
23 6 3 2
13 6 3 2
67 17 3 2
33 17 3 2
68 17 3 1
5 17 3 2
2 17 3 1
2 17 3 2
7 17 3 2
38 17 3 1
39 17 3 1
4 17 3 2
18 11 3 2
8 6 3 1
3 6 3 2
7 6 3 2
28 73 3 2
145 47 3 3
95 26 3 1
36 26 3 2
14 12 3 2
5 14 3 2
1 14 3 1
8 14 3 2
16 52 3 2
131 52 3 1
91 36 3 1
38 16 3 1
43 16 3 1
10 12 3 3
5 4 3 1
5 4 3 2
37 162 2 1
138 94 2 1
39 94 2 2
96 40 2 2
96 45 2 2
3 9 2 1
2 9 2 1
17 9 2 1
33 9 2 2
24 9 2 2
1 9 2 1
11 9 2 1
5 4 2 1
5 5 2 1
98 52 2 3
7 68 2 3
100 53 2 1
33 53 2 1
35 29 2 1
35 15 2 3
35 9 2 1
15 15 2 2
59 15 2 2
12 15 2 2
59 15 2 2
2 15 2 4
21 10 2 1
2 5 2 1
8 5 2 1
11 5 2 1
9 16 2 1
17 16 2 3
4 16 2 1
45 16 2 1
5 16 2 2
18 8 2 2
18 8 2 1
46 240 2 1
142 92 2 1
75 69 2 2
47 31 2 1
47 24 2 2
10 14 2 2
7 14 2 2
2 14 2 1
22 14 2 1
6 14 2 1
122 71 2 3
15 100 2 3
50 100 2 2
57 37 2 1
57 38 2 1
2 25 2 1
7 25 2 2
48 25 2 2
142 140 2 1
18 8 2 1
5 8 2 2
1 8 2 2
7 8 2 2
14 8 2 2
23 8 2 1
8 8 2 4
24 8 2 2
1 8 2 1
7 8 2 1
27 8 2 3
7 8 2 1
230 88 2 2
80 37 2 1
80 44 2 1
1 7 2 2
19 7 2 2
28 7 2 1
28 7 2 1
4 3 2 1
4 4 2 1
148 70 2 2
162 85 2 1
104 76 2 1
58 50 2 1
58 25 2 1
12 10 2 2
38 10 2 2
8 5 2 2
2 5 2 2
6 5 2 2
18 9 2 1
27 9 2 3
23 9 2 2
31 9 2 1
5 9 2 3
123 100 2 2
25 32 2 1
25 39 2 2
25 15 2 1
3 14 2 2
22 10 2 1
2 4 2 2
1 4 2 2
15 4 2 3
4 4 2 1
104 81 1 1
194 81 1 2
157 47 1 3
176 47 1 2
19 47 1 1
136 34 1 3
134 34 1 1
82 34 1 4
155 90 1 2
271 73 1 1
32 73 1 1
127 43 1 2
9 43 1 3
56 39 1 2
16 4 1 2
1 4 1 2
15 4 1 2
6 4 1 1
1 4 1 1
5 4 1 2
5 4 1 3
7 4 1 2
28 30 1 2
118 30 1 1
3 30 1 2
43 22 1 3
6 8 1 1
5 8 1 2
32 8 1 1
18 176 1 2
172 88 1 1
92 88 1 1
181 88 1 1
32 27 1 1
32 61 1 1
9 88 1 1
126 61 1 1
104 78 1 1
238 69 1 1
13 9 1 2
35 9 1 1
9 9 1 2
19 9 1 1
21 9 1 2
13 9 1 1
21 9 1 1
20 9 1 2
34 9 1 2
26 9 1 1
27 9 1 1
4 10 1 2
23 10 1 2
1 10 1 2
8 10 1 2
35 10 1 2
39 10 1 1
7 10 1 2
35 10 1 1
14 10 1 2
13 10 1 1
2 10 1 2
33 10 1 2
11 10 1 1
22 10 1 1
27 10 1 1
34 10 1 2
2 10 1 1
32 10 1 1
94 27 1 2
32 15 1 1
20 12 1 1
12 7 1 1
3 5 1 2
5 5 1 1
4 5 1 1
155 41 1 2
79 105 1 1
40 105 1 3
36 33 1 1
36 41 1 2
36 26 1 2
19 5 1 1
17 5 1 2
46 13 1 3
20 13 1 2
2 13 1 1
51 13 1 2
3 13 1 3
33 13 1 1
53 160 0 2
237 83 0 3
60 140 0 2
33 330 0 3
233 141 0 2
21 141 0 1
14 141 0 2
126 90 0 2
49 141 0 2
194 89 0 2
181 48 0 2
13 48 0 2
3 4 0 2
5 4 0 3
3 4 0 1
14 4 0 2
16 4 0 3
14 4 0 1
4 4 0 1
1 4 0 1
2 4 0 1
9 4 0 3
9 4 0 1
13 4 0 2
5 4 0 3
10 4 0 2
16 4 0 2
13 4 0 2
4 4 0 1
8 4 0 1
0 4 0 1
10 4 0 1
14 4 0 2
1 4 0 1
16 4 0 1
4 4 0 1
59 51 0 1
67 45 0 2
20 6 0 1
1 6 0 2
23 6 0 1
23 6 0 1
332 96 0 2
305 88 0 2
46 101 0 3
63 101 0 1
180 48 0 1
16 28 0 2
16 32 0 3
16 23 0 1
16 18 0 2
114 53 0 2
6 53 0 2
5 53 0 2
55 28 0 1
55 25 0 1
196 49 0 1
97 49 0 1
39 49 0 1
84 44 0 2
139 44 0 2
109 38 0 2
21 6 0 2
22 6 0 2
24 6 0 1
16 6 0 1
26 6 0 2
60 51 0 3
60 49 0 3
60 40 0 1
60 31 0 3
20 19 0 3
11 19 0 1
29 13 0 1
20 6 0 2
9 6 0 2
75 117 0 3
52 247 0 2
27 247 0 2
83 53 0 3
83 48 0 2
83 105 0 3
34 41 0 2
18 41 0 3
31 19 0 1
31 15 0 2
13 7 0 2
18 7 0 1
75 75 0 1
75 33 0 2
19 22 0 2
35 22 0 2
21 22 0 1
53 53 0 1
53 117 0 2
