400 500 15
8
1200 180 5
190 1200 4
900 200 3.5
210 270 3
210 405 2
130 120 1.5
160 40 1
80 200 0.5
2381
47 50 5 1
44 50 5 2
57 41 5 1
51 48 5 1
43 44 5 1
37 72 5 2
40 59 5 1
44 45 5 1
45 53 5 1
28 53 5 1
58 45 5 2
40 45 5 1
44 45 5 2
51 45 5 2
45 45 5 1
32 45 5 2
60 41 5 1
52 41 5 1
21 41 5 1
62 41 5 3
41 41 5 2
27 41 5 1
25 41 5 2
50 41 5 2
45 41 5 3
56 37 5 1
47 37 5 2
8 14 5 3
8 12 5 3
8 11 5 1
4 4 5 1
6 4 5 2
3 4 5 1
6 4 5 1
2 4 5 2
2 4 5 3
3 4 5 1
4 4 5 1
2 4 5 1
2 4 5 3
6 4 5 2
6 4 5 2
3 4 5 2
6 4 5 1
6 4 5 2
3 4 5 2
2 4 5 1
6 4 5 1
6 4 5 2
3 4 5 2
3 4 5 3
4 4 5 3
6 4 5 1
3 4 5 1
3 4 5 1
2 4 5 2
4 4 5 3
5 4 5 2
6 4 5 1
2 4 5 2
2 4 5 1
3 4 5 1
5 4 5 1
3 4 5 2
6 4 5 2
2 4 5 1
4 4 5 2
6 4 5 1
2 4 5 1
6 4 5 1
3 4 5 1
5 4 5 2
5 4 5 1
2 4 5 2
6 4 5 2
6 4 5 2
6 4 5 2
5 4 5 1
6 4 5 2
3 4 5 2
4 4 5 1
2 4 5 1
2 4 5 3
4 4 5 3
4 4 5 1
6 4 5 1
6 4 5 2
4 4 5 1
3 4 5 2
5 4 5 2
6 4 5 1
3 4 5 2
2 4 5 1
4 4 5 2
6 4 5 1
2 4 5 1
5 4 5 1
4 4 5 1
6 4 5 1
4 4 5 2
5 4 5 2
6 4 5 2
3 4 5 1
2 4 5 2
3 4 5 1
4 4 5 1
6 4 5 2
4 4 5 1
2 4 5 1
5 4 5 1
2 4 5 2
4 4 5 2
6 4 5 1
6 4 5 1
6 4 5 1
6 4 5 1
6 4 5 1
5 4 5 2
4 4 5 1
2 4 5 1
2 4 5 1
6 4 5 1
4 4 5 3
3 4 5 1
3 4 5 2
5 4 5 1
5 4 5 2
5 4 5 3
5 4 5 1
2 4 5 2
6 4 5 1
2 4 5 2
6 4 5 2
6 4 5 1
3 4 5 1
5 4 5 1
3 4 5 1
6 4 5 1
6 4 5 2
4 4 5 2
2 4 5 1
2 4 5 1
5 4 5 2
6 4 5 2
4 4 5 1
2 4 5 1
4 4 5 2
6 4 5 1
3 4 5 2
2 4 5 1
3 4 5 1
6 4 5 1
2 4 5 2
6 4 5 3
4 4 5 1
5 4 5 2
4 4 5 1
5 4 5 2
4 4 5 1
4 4 5 2
5 4 5 2
2 4 5 2
2 4 5 1
4 4 5 1
2 4 5 1
2 4 5 2
6 4 5 3
5 4 5 2
6 4 5 2
6 4 5 2
4 4 5 1
4 4 5 2
4 4 5 1
3 4 5 1
6 4 5 1
4 4 5 2
4 8 5 1
12 8 5 2
9 8 5 3
4 8 5 2
11 8 5 3
12 8 5 2
4 8 5 1
12 8 5 1
6 8 5 1
4 8 5 1
6 8 5 2
9 8 5 2
5 8 5 2
12 8 5 1
12 8 5 2
12 8 5 2
9 8 5 1
8 8 5 2
8 8 5 2
6 8 5 1
9 8 5 1
10 8 5 2
12 8 5 1
4 8 5 1
8 8 5 1
8 8 5 1
9 8 5 2
10 8 5 1
4 8 5 1
4 8 5 2
10 8 5 1
8 8 5 2
5 8 5 2
6 8 5 2
8 8 5 1
11 8 5 1
12 8 5 1
8 8 5 2
5 8 5 4
7 8 5 1
8 8 5 2
5 8 5 1
4 8 5 2
11 8 5 1
12 8 5 2
8 8 5 1
12 8 5 1
12 8 5 2
12 8 5 2
8 8 5 1
4 8 5 1
4 8 5 2
11 8 5 2
8 8 5 1
5 8 5 1
12 8 5 1
12 8 5 1
9 8 5 1
5 8 5 2
7 8 5 2
12 8 5 1
6 8 5 3
12 8 5 1
11 8 5 2
4 8 5 1
11 8 5 2
8 8 5 2
11 8 5 1
11 8 5 3
12 8 5 2
9 8 5 2
5 8 5 1
12 8 5 1
12 8 5 2
7 8 5 1
10 8 5 2
4 8 5 1
5 8 5 1
12 8 5 2
4 8 5 2
12 8 5 1
11 8 5 1
4 8 5 2
11 8 5 2
4 8 5 1
4 8 5 1
8 8 5 1
12 8 5 2
4 8 5 1
10 8 5 1
14 8 5 2
5 6 5 2
9 6 5 1
9 6 5 1
9 6 5 1
3 6 5 2
3 6 5 1
6 6 5 2
6 6 5 1
6 6 5 1
9 6 5 2
5 6 5 1
9 6 5 1
4 6 5 1
6 6 5 3
4 6 5 1
3 6 5 1
9 6 5 1
5 6 5 2
3 6 5 3
3 6 5 2
7 6 5 4
4 6 5 2
8 6 5 2
3 6 5 2
9 6 5 2
3 6 5 2
9 6 5 1
9 6 5 2
9 6 5 1
7 6 5 3
5 6 5 2
5 6 5 1
8 6 5 3
9 6 5 1
5 6 5 1
7 6 5 2
4 6 5 2
5 6 5 2
9 6 5 3
3 6 5 1
7 6 5 1
8 6 5 2
4 6 5 2
9 6 5 1
4 6 5 1
8 6 5 1
9 6 5 2
4 6 5 2
8 6 5 1
9 6 5 1
7 6 5 2
7 6 5 3
8 6 5 3
7 6 5 1
3 6 5 2
4 6 5 1
5 6 5 1
7 6 5 2
9 6 5 1
5 6 5 1
3 6 5 1
8 6 5 3
6 6 5 2
9 6 5 1
3 6 5 2
9 6 5 2
3 6 5 1
8 6 5 3
8 6 5 2
5 6 5 2
3 6 5 2
9 6 5 1
7 6 5 1
9 6 5 2
7 6 5 2
9 6 5 2
6 6 5 3
3 6 5 2
6 6 5 1
8 6 5 2
6 6 5 1
3 6 5 1
7 6 5 2
9 6 5 3
5 6 5 2
4 6 5 1
7 6 5 1
8 6 5 2
5 6 5 2
4 6 5 1
6 6 5 2
3 6 5 2
5 6 5 1
4 6 5 1
9 6 5 1
4 6 5 1
6 6 5 2
4 6 5 1
3 6 5 2
8 6 5 1
3 6 5 1
7 6 5 1
6 6 5 2
6 6 5 1
9 6 5 2
8 6 5 1
9 6 5 2
5 6 5 2
3 6 5 1
9 6 5 1
5 6 5 1
3 6 5 1
3 6 5 2
6 6 5 1
8 6 5 2
9 6 5 1
9 6 5 1
3 6 5 2
4 6 5 2
7 6 5 2
3 6 5 1
4 6 5 1
3 6 5 1
8 6 5 1
8 6 5 2
9 6 5 2
5 6 5 2
9 6 5 1
5 6 5 1
9 6 5 2
9 6 5 1
3 6 5 1
6 6 5 2
8 6 5 1
6 6 5 1
5 6 5 1
15 14 5 1
7 14 5 1
13 14 5 2
9 10 5 1
9 4 5 1
18 13 5 3
20 13 5 1
7 13 5 2
18 13 5 1
11 13 5 1
6 13 5 2
10 13 5 2
14 13 5 1
13 13 5 2
15 13 5 1
9 13 5 1
7 13 5 1
10 13 5 3
8 13 5 1
11 13 5 1
18 13 5 3
9 13 5 1
11 13 5 1
7 13 5 1
18 13 5 2
17 13 5 1
11 13 5 1
19 13 5 1
6 13 5 1
16 13 5 1
7 13 5 1
8 13 5 1
7 13 5 1
7 13 5 1
17 13 5 3
15 13 5 1
16 13 5 2
8 13 5 1
7 13 5 2
9 13 5 1
19 13 5 3
12 13 5 1
15 13 5 3
12 13 5 1
18 13 5 2
10 13 5 1
7 13 5 1
9 13 5 2
13 13 5 2
13 13 5 1
7 13 5 2
7 13 5 2
11 13 5 2
20 13 5 1
9 13 5 1
9 13 5 2
11 13 5 1
17 13 5 1
7 13 5 1
10 13 5 1
17 13 5 2
18 13 5 1
7 13 5 2
11 13 5 1
7 13 5 2
19 13 5 1
9 13 5 2
11 13 5 3
18 13 5 3
13 13 5 1
8 13 5 2
8 13 5 2
18 13 5 1
15 13 5 2
16 13 5 1
18 13 5 2
14 13 5 1
20 13 5 2
11 13 5 1
7 13 5 3
10 13 5 2
38 50 5 1
50 38 5 2
57 39 5 2
59 41 5 2
58 40 5 2
50 41 5 2
34 41 5 1
56 41 5 2
20 41 5 1
23 41 5 1
22 41 5 2
27 41 5 1
32 41 5 2
52 41 5 1
23 41 5 1
61 41 5 3
21 41 5 2
25 41 5 1
62 41 5 1
20 41 5 1
57 41 5 3
22 41 5 2
61 41 5 2
24 41 5 1
4 11 5 2
4 9 5 2
4 11 5 3
4 5 5 1
4 5 5 2
39 61 5 1
40 61 5 1
58 41 5 2
47 43 5 2
22 43 5 1
45 43 5 2
23 43 5 2
60 43 5 2
64 43 5 1
51 43 5 2
25 43 5 2
22 43 5 1
30 43 5 2
56 37 5 1
25 37 5 1
55 37 5 1
34 30 5 3
4 7 5 2
4 7 5 1
4 7 5 2
4 7 5 2
4 7 5 2
10 7 5 1
4 7 5 1
7 6 5 2
8 6 5 1
7 6 5 1
7 6 5 2
4 6 5 2
8 6 5 2
6 6 5 2
7 6 5 2
8 6 5 2
3 6 5 1
7 6 5 2
8 6 5 1
3 6 5 2
7 6 5 1
4 6 5 2
9 6 5 1
8 6 5 2
7 6 5 1
9 6 5 2
9 6 5 1
5 6 5 1
9 6 5 2
8 6 5 2
4 6 5 2
8 6 5 1
9 18 5 2
14 18 5 1
23 18 5 1
24 18 5 2
11 18 5 1
16 18 5 1
12 18 5 2
25 18 5 2
21 18 5 1
18 18 5 2
26 18 5 1
26 18 5 2
15 18 5 2
27 18 5 2
26 18 5 1
26 18 5 1
10 18 5 2
17 18 5 1
13 18 5 3
11 18 5 2
22 18 5 1
25 18 5 2
12 18 5 2
13 18 5 1
11 18 5 1
14 18 5 1
9 18 5 2
13 18 5 1
11 18 5 1
12 18 5 2
25 18 5 2
22 18 5 1
23 20 5 3
22 20 5 1
13 20 5 1
9 6 5 2
4 6 5 1
5 6 5 3
8 6 5 1
3 6 5 1
3 6 5 2
8 6 5 1
7 6 5 2
3 6 5 2
7 6 5 2
3 6 5 2
9 6 5 2
8 6 5 1
6 6 5 3
8 6 5 2
3 6 5 1
4 6 5 1
7 6 5 1
8 6 5 2
8 6 5 1
4 6 5 1
5 6 5 1
4 6 5 1
6 6 5 1
8 6 5 1
9 6 5 1
3 6 5 2
9 6 5 2
3 6 5 1
3 6 5 2
5 6 5 2
9 6 5 1
9 6 5 2
4 6 5 1
4 6 5 2
7 6 5 1
3 6 5 1
6 6 5 1
9 6 5 2
3 6 5 2
7 6 5 1
8 6 5 1
5 6 5 2
5 6 5 1
7 6 5 1
9 6 5 3
4 6 5 1
4 6 5 1
9 6 5 1
3 6 5 1
8 6 5 2
3 6 5 2
4 6 5 2
8 6 5 2
4 6 5 1
7 6 5 1
4 6 5 1
4 6 5 1
5 6 5 2
3 6 5 2
7 6 5 1
7 6 5 2
6 6 5 2
5 6 5 1
9 6 5 1
7 6 5 1
9 6 5 1
9 6 5 2
6 6 5 1
6 6 5 3
7 6 5 3
8 6 5 2
5 6 5 2
6 6 5 1
4 6 5 1
3 6 5 3
6 6 5 1
7 6 5 2
7 6 5 2
9 6 5 2
3 6 5 2
8 6 5 2
5 6 5 3
6 6 5 2
4 6 5 2
9 6 5 2
3 6 5 2
3 6 5 2
9 6 5 2
8 6 5 1
4 6 5 1
8 6 5 1
4 6 5 1
9 6 5 1
4 6 5 1
4 6 5 1
9 6 5 2
5 6 5 1
3 6 5 1
4 6 5 2
4 6 5 2
7 6 5 1
8 6 5 1
6 6 5 3
3 6 5 3
4 6 5 1
8 6 5 1
6 6 5 1
3 6 5 1
9 6 5 2
9 6 5 3
3 6 5 2
9 6 5 2
9 6 5 1
9 6 5 1
9 6 5 1
52 35 5 2
6 20 5 2
6 8 5 1
6 7 5 1
37 33 5 1
21 24 5 2
13 9 5 3
8 9 5 1
36 54 5 1
23 32 5 1
23 25 5 2
5 10 5 1
18 10 5 1
6 13 5 2
7 13 5 2
11 13 5 2
12 13 5 2
57 43 5 1
36 26 5 2
21 26 5 2
36 70 5 1
14 36 5 1
14 30 5 3
6 4 5 1
8 4 5 1
38 51 5 1
4 7 5 3
5 7 5 1
10 7 5 2
9 7 5 2
4 7 5 1
6 7 5 1
35 67 5 3
8 32 5 2
8 25 5 1
8 21 5 1
8 19 5 3
8 15 5 2
8 14 5 2
8 10 5 1
35 37 5 1
27 32 5 1
8 16 5 1
8 9 5 2
8 7 5 1
38 57 5 2
13 22 5 1
13 20 5 1
13 15 5 1
42 51 5 2
9 22 5 1
9 18 5 2
9 17 5 2
9 12 5 2
9 6 5 2
13 24 5 2
24 24 5 1
5 9 5 3
5 8 5 2
5 7 5 4
35 60 5 1
22 38 5 2
22 41 5 2
22 37 5 1
22 23 5 1
35 45 5 1
35 30 5 3
2 4 5 1
4 4 5 1
6 4 5 1
2 4 5 2
2 4 5 1
2 4 5 1
5 4 5 2
6 4 5 2
6 4 5 2
44 49 5 1
44 38 5 1
37 43 5 2
7 24 5 1
7 9 5 1
7 10 5 1
42 57 5 1
5 35 5 1
5 18 5 2
5 17 5 1
5 17 5 2
5 20 5 2
5 11 5 2
5 8 5 2
5 4 5 1
33 63 5 2
9 36 5 2
9 22 5 2
9 9 5 2
9 6 5 2
6 10 5 2
5 10 5 1
11 10 5 2
11 10 5 1
58 46 4 1
56 40 4 1
41 40 4 2
27 40 4 1
8 16 4 1
8 20 4 1
8 4 4 2
8 6 4 1
8 6 4 2
5 6 4 1
4 6 4 2
6 6 4 1
9 6 4 2
4 6 4 3
9 6 4 3
4 6 4 1
4 6 4 2
9 6 4 1
3 6 4 1
4 6 4 2
4 6 4 1
8 6 4 1
3 6 4 1
4 6 4 1
3 6 4 1
5 6 4 2
9 6 4 3
5 6 4 1
4 6 4 3
10 6 4 1
41 60 4 1
63 43 4 2
22 43 4 3
50 43 4 2
14 30 4 1
14 13 4 4
25 17 4 1
9 17 4 1
26 17 4 2
25 17 4 2
19 17 4 1
25 17 4 3
20 17 4 1
42 50 4 1
55 41 4 1
39 50 4 2
54 42 4 2
4 8 4 1
7 8 4 1
6 8 4 2
9 8 4 2
10 8 4 1
9 8 4 2
9 8 4 1
7 9 4 1
5 9 4 3
12 9 4 1
10 9 4 2
11 9 4 1
6 9 4 2
4 5 4 2
4 4 4 1
37 57 4 3
48 48 4 1
42 55 4 1
38 65 4 2
25 56 4 3
25 75 4 3
25 67 4 1
25 41 4 1
25 38 4 1
25 40 4 3
25 40 4 1
25 66 4 1
25 51 4 1
25 54 4 3
25 58 4 2
25 60 4 2
25 43 4 2
25 40 4 1
25 57 4 1
25 42 4 2
25 42 4 2
25 39 4 2
25 54 4 1
25 41 4 1
25 26 4 1
8 14 4 2
8 14 4 1
9 14 4 2
38 44 4 2
38 58 4 3
38 71 4 1
38 57 4 1
38 39 4 1
34 67 4 2
4 20 4 1
4 19 4 2
4 9 4 2
4 9 4 2
4 5 4 1
4 5 4 2
38 49 4 1
38 46 4 1
38 45 4 2
38 52 4 1
38 48 4 3
38 49 4 1
38 51 4 2
38 65 4 2
38 58 4 1
38 63 4 2
38 50 4 1
38 54 4 2
15 13 4 1
11 13 4 2
8 13 4 2
4 8 4 2
4 5 4 1
42 63 4 2
42 56 4 2
42 53 4 1
42 38 4 1
42 49 4 1
42 37 4 2
36 70 4 2
6 20 4 2
6 23 4 1
6 13 4 1
6 8 4 3
6 6 4 2
33 66 4 2
9 43 4 2
9 50 4 1
9 61 4 1
9 49 4 2
9 46 4 2
9 47 4 3
9 60 4 2
9 65 4 2
9 35 4 1
9 32 4 1
9 29 4 1
9 41 4 1
9 33 4 1
9 15 4 2
9 13 4 1
5 4 4 1
4 4 4 3
33 60 4 2
33 50 4 1
33 67 4 2
33 65 4 2
33 59 4 2
33 49 4 1
33 57 4 1
33 44 4 1
33 64 4 2
33 42 4 1
48 42 4 4
36 72 4 2
12 27 4 1
12 33 4 2
12 12 4 3
48 39 4 1
43 57 4 1
5 20 4 3
5 11 4 1
5 15 4 3
5 6 4 3
5 5 4 1
48 39 4 2
48 45 4 2
48 47 4 2
38 74 4 3
10 71 4 1
10 42 4 1
10 71 4 1
10 68 4 2
10 51 4 1
10 50 4 2
10 52 4 1
10 43 4 1
10 63 4 3
10 34 4 1
10 46 4 1
10 26 4 1
10 17 4 1
10 21 4 4
38 40 4 2
38 47 4 1
38 63 4 1
38 55 4 1
38 62 4 1
38 41 4 1
38 68 4 2
38 72 4 1
38 40 4 2
38 64 4 1
38 29 4 1
37 63 4 1
37 61 4 1
37 44 4 1
37 42 4 1
37 60 4 1
37 57 4 2
37 42 4 1
37 73 4 1
37 71 4 1
37 62 4 4
37 52 4 1
37 40 4 1
37 41 4 2
37 55 4 1
37 39 4 3
37 50 4 3
37 46 4 1
37 69 4 2
14 20 4 2
11 20 4 3
12 15 4 1
6 5 4 1
6 5 4 1
32 60 3 2
54 36 3 2
47 40 3 1
27 40 3 2
30 40 3 1
27 40 3 1
42 40 3 2
20 40 3 2
59 40 3 2
24 40 3 1
20 40 3 2
26 40 3 2
35 40 3 1
20 40 3 3
52 40 3 2
31 40 3 1
51 34 3 3
26 40 3 1
20 40 3 3
43 40 3 2
23 40 3 2
53 40 3 2
51 36 3 3
50 36 3 2
25 36 3 1
12 19 3 2
12 13 3 2
6 4 3 2
6 4 3 2
4 4 3 2
5 4 3 1
5 4 3 1
6 4 3 1
5 4 3 2
4 4 3 2
3 4 3 1
2 4 3 1
6 4 3 2
5 4 3 1
5 4 3 1
6 4 3 1
5 4 3 1
6 4 3 2
6 4 3 2
6 4 3 2
5 4 3 2
2 4 3 3
4 4 3 2
2 4 3 3
3 4 3 3
3 4 3 1
2 4 3 2
6 4 3 1
6 4 3 3
4 4 3 1
6 4 3 2
2 4 3 2
6 4 3 1
4 4 3 1
4 4 3 2
3 6 3 1
7 6 3 1
6 6 3 1
8 6 3 2
9 6 3 1
8 6 3 1
10 6 3 1
26 20 3 1
24 20 3 1
26 20 3 2
13 20 3 1
30 20 3 1
25 20 3 1
26 20 3 2
14 20 3 1
24 20 3 2
17 20 3 2
17 20 3 1
27 20 3 1
22 20 3 2
27 20 3 2
27 20 3 2
27 20 3 2
12 20 3 1
28 20 3 2
11 20 3 2
13 20 3 2
10 20 3 2
11 20 3 3
24 20 3 1
28 20 3 2
13 20 3 2
15 20 3 2
10 20 3 1
29 20 3 2
10 20 3 1
13 20 3 1
13 20 3 2
13 20 3 2
11 20 3 3
28 20 3 1
30 20 3 2
29 20 3 1
17 20 3 1
19 20 3 1
27 20 3 1
23 20 3 2
5 8 3 2
5 8 3 2
5 4 3 1
14 24 3 2
12 24 3 2
28 24 3 3
47 37 3 1
49 36 3 2
44 49 3 1
54 38 3 2
41 38 3 1
51 34 3 2
49 33 3 2
50 33 3 1
39 33 3 1
47 33 3 1
32 33 3 1
18 33 3 1
36 33 3 1
49 33 3 2
49 33 3 2
38 33 3 1
49 33 3 2
36 33 3 2
27 33 3 2
34 33 3 2
20 33 3 2
31 33 3 2
10 21 3 1
10 12 3 2
5 5 3 1
6 5 3 1
6 5 3 2
7 5 3 1
3 5 3 2
7 5 3 1
6 5 3 1
8 5 3 2
7 5 3 1
3 5 3 1
4 5 3 1
4 5 3 1
4 5 3 2
5 5 3 2
3 5 3 1
4 5 3 3
6 5 3 2
7 5 3 1
7 5 3 2
3 5 3 2
6 5 3 1
3 5 3 1
8 5 3 1
6 5 3 2
4 5 3 2
5 5 3 1
3 5 3 1
4 5 3 3
4 5 3 1
3 5 3 1
5 5 3 2
7 5 3 2
3 5 3 1
4 5 3 1
4 5 3 1
5 5 3 2
3 5 3 2
5 5 3 1
7 5 3 2
3 5 3 2
4 5 3 2
7 5 3 1
6 5 3 2
6 5 3 2
3 5 3 1
7 5 3 1
4 5 3 1
4 5 3 1
3 5 3 1
3 5 3 1
7 5 3 2
5 5 3 2
6 5 3 1
8 5 3 2
7 5 3 2
2 5 3 1
7 5 3 1
2 5 3 2
3 5 3 2
6 5 3 1
3 5 3 1
5 5 3 1
5 5 3 1
3 5 3 2
5 5 3 2
5 5 3 1
5 5 3 2
3 5 3 1
8 5 3 3
4 5 3 2
3 5 3 1
7 5 3 1
5 5 3 2
5 5 3 1
4 5 3 1
7 5 3 1
5 5 3 2
7 5 3 1
8 5 3 1
7 5 3 2
3 5 3 3
6 5 3 1
4 5 3 2
4 5 3 2
6 5 3 1
6 5 3 1
4 5 3 2
7 5 3 1
4 5 3 2
3 5 3 1
3 5 3 1
4 5 3 3
7 5 3 2
4 5 3 2
3 5 3 2
3 5 3 1
8 5 3 3
3 5 3 3
3 5 3 1
4 5 3 2
3 5 3 2
4 5 3 2
4 5 3 1
4 5 3 1
3 5 3 1
8 5 3 2
6 5 3 2
3 5 3 1
3 5 3 1
5 5 3 1
8 5 3 1
6 5 3 1
2 5 3 1
7 5 3 1
3 5 3 2
7 5 3 1
4 5 3 3
3 5 3 2
3 5 3 1
5 5 3 2
8 5 3 2
5 5 3 1
7 5 3 2
4 5 3 2
4 5 3 3
5 5 3 2
4 4 3 1
2 4 3 1
3 4 3 1
2 4 3 1
2 4 3 2
6 4 3 2
4 4 3 2
6 4 3 1
6 4 3 1
2 4 3 3
6 4 3 2
3 4 3 2
5 4 3 1
8 11 3 1
9 11 3 2
8 11 3 2
6 11 3 1
8 11 3 1
6 11 3 1
14 11 3 1
16 11 3 1
16 11 3 1
10 11 3 1
16 11 3 1
12 11 3 1
13 11 3 2
16 11 3 1
13 11 3 2
9 11 3 1
16 11 3 1
9 11 3 2
16 11 3 1
8 11 3 3
7 11 3 3
16 11 3 2
13 11 3 1
6 11 3 2
7 11 3 2
12 11 3 1
16 11 3 1
8 11 3 1
6 11 3 3
10 11 3 1
6 11 3 1
16 11 3 1
11 11 3 2
12 11 3 2
11 11 3 2
16 11 3 2
16 11 3 1
10 11 3 3
9 11 3 1
13 11 3 1
16 11 3 2
6 11 3 1
7 11 3 2
16 11 3 1
11 11 3 1
11 11 3 2
12 11 3 1
8 11 3 3
6 11 3 1
9 11 3 1
15 11 3 2
7 11 3 1
12 11 3 3
14 11 3 1
7 11 3 2
16 11 3 2
8 11 3 1
15 11 3 1
16 11 3 1
6 11 3 3
11 11 3 1
10 11 3 2
10 11 3 1
16 11 3 1
6 11 3 2
12 11 3 1
7 11 3 1
16 11 3 1
4 7 3 1
4 4 3 2
52 35 3 1
51 35 3 1
52 35 3 2
31 35 3 2
30 35 3 2
36 35 3 2
34 35 3 1
49 35 3 3
42 35 3 1
23 35 3 3
50 35 3 1
38 35 3 1
21 35 3 4
18 35 3 1
47 35 3 1
47 35 3 1
22 35 3 1
24 35 3 2
52 35 3 2
37 35 3 1
48 35 3 1
52 41 3 1
28 41 3 2
51 41 3 2
22 41 3 1
61 41 3 2
20 41 3 2
59 41 3 4
47 41 3 1
35 41 3 2
55 41 3 1
22 41 3 1
25 41 3 2
29 41 3 1
59 41 3 2
39 41 3 2
32 41 3 1
22 41 3 1
26 41 3 1
23 41 3 1
25 41 3 2
46 35 3 1
26 29 3 3
6 12 3 1
20 12 3 4
4 6 3 1
9 6 3 1
9 6 3 1
5 6 3 2
3 6 3 1
9 6 3 1
3 6 3 1
4 6 3 1
18 15 3 1
8 15 3 1
8 15 3 1
11 15 3 2
8 15 3 1
11 15 3 1
17 15 3 2
22 15 3 2
17 15 3 1
14 15 3 1
11 15 3 1
12 15 3 1
8 15 3 2
22 15 3 2
16 15 3 1
20 15 3 1
22 15 3 1
11 15 3 1
10 15 3 1
9 15 3 2
8 15 3 2
15 15 3 1
9 15 3 1
11 15 3 1
11 15 3 2
8 15 3 1
8 15 3 1
9 15 3 2
8 15 3 1
22 15 3 2
8 15 3 3
18 15 3 1
8 15 3 3
8 15 3 2
8 15 3 2
15 15 3 3
8 15 3 1
8 15 3 2
22 15 3 2
19 15 3 2
14 15 3 1
22 15 3 2
14 15 3 2
18 15 3 2
19 15 3 2
20 15 3 2
21 15 3 1
22 15 3 2
12 15 3 2
8 15 3 2
13 15 3 2
22 15 3 2
20 15 3 1
9 15 3 1
22 15 3 1
14 15 3 1
17 15 3 1
11 11 3 2
2 4 3 2
4 4 3 1
5 4 3 1
29 58 3 2
20 40 3 2
20 30 3 1
20 21 3 2
12 13 3 2
8 13 3 2
29 46 3 2
34 51 3 2
13 28 3 2
13 17 3 3
6 6 3 2
7 6 3 2
42 52 3 1
5 23 3 1
5 16 3 2
5 8 3 2
5 5 3 2
18 29 3 2
27 19 3 2
27 19 3 2
10 19 3 1
19 19 3 2
28 19 3 2
12 19 3 2
20 19 3 2
19 19 3 2
15 19 3 1
15 19 3 2
6 10 3 1
6 10 3 1
14 10 3 1
15 10 3 1
6 10 3 3
6 10 3 2
14 10 3 1
11 10 3 1
14 10 3 1
6 10 3 2
6 10 3 1
13 10 3 2
14 10 3 4
15 10 3 1
12 10 3 2
7 10 3 1
15 10 3 2
6 10 3 2
6 10 3 2
29 22 3 2
18 34 3 1
30 20 3 1
28 19 3 2
17 32 3 1
18 32 3 1
24 27 3 1
18 32 3 1
28 19 3 2
6 13 3 1
11 13 3 1
11 13 3 2
3 5 3 2
6 5 3 1
3 5 3 1
4 5 3 2
8 5 3 1
22 27 3 2
28 22 3 2
29 22 3 1
11 22 3 1
15 16 3 2
8 6 3 1
7 6 3 2
22 30 3 1
30 24 3 4
31 24 3 2
19 34 3 2
19 34 3 1
23 20 3 1
14 14 3 2
9 14 3 1
27 22 3 2
18 34 3 1
16 18 3 2
16 16 3 2
27 20 3 1
7 36 3 2
7 22 3 1
7 22 3 1
7 15 3 1
27 20 3 1
27 20 3 2
27 21 3 2
19 14 3 1
8 14 3 1
23 28 3 1
4 18 3 1
4 16 3 3
4 15 3 1
4 14 3 3
4 12 3 1
4 12 3 1
4 13 3 2
4 7 3 1
19 29 3 3
4 11 3 1
4 12 3 2
4 6 3 2
23 28 3 1
11 22 3 1
12 16 3 2
7 6 3 1
5 6 3 2
22 29 3 2
22 19 3 1
22 20 3 1
17 34 3 2
5 11 3 2
5 11 3 1
5 7 3 1
5 5 3 1
22 26 3 2
22 29 3 2
22 22 3 2
22 31 3 2
22 19 3 1
22 19 3 1
22 20 3 2
22 22 3 1
18 30 3 1
4 12 3 1
4 12 3 3
4 6 3 2
18 19 3 2
4 7 3 2
4 12 3 2
24 25 3 2
4 32 3 1
4 23 3 1
4 29 3 2
4 31 3 2
4 27 3 2
4 15 3 2
4 14 3 1
4 16 3 2
4 11 3 2
4 13 3 1
4 6 3 1
4 5 3 1
24 21 3 2
24 21 3 3
16 33 3 1
8 19 3 1
8 9 3 1
3 5 3 2
5 5 3 1
18 35 3 2
6 34 3 1
6 25 3 2
6 19 3 2
6 18 3 1
6 11 3 1
6 8 3 1
6 7 3 2
18 35 3 1
18 21 3 2
18 21 3 2
11 10 3 2
7 10 3 2
25 24 3 3
5 9 3 2
5 8 3 3
5 7 3 1
16 33 3 3
14 32 3 1
14 19 3 2
14 26 3 2
14 35 3 1
14 26 3 1
14 21 3 2
14 20 3 1
14 18 3 1
16 24 3 3
16 22 3 1
16 35 3 2
16 25 3 2
16 21 3 2
16 27 3 1
8 10 3 3
8 10 3 1
18 28 3 2
18 20 3 1
18 21 3 1
18 28 3 1
18 21 3 3
18 34 3 1
18 20 3 1
18 22 3 1
7 13 3 2
7 13 3 2
4 6 3 1
4 7 3 1
29 25 3 1
29 21 3 2
22 28 3 1
7 12 3 2
7 11 3 2
7 5 3 1
18 30 3 2
11 15 3 2
11 15 3 2
29 20 3 1
24 28 3 1
5 12 3 1
5 9 3 1
5 7 3 1
25 23 3 1
4 23 3 1
4 12 3 2
4 12 3 1
4 7 3 2
4 9 3 2
4 4 3 3
21 26 3 2
4 9 3 2
4 12 3 2
4 5 3 1
10 18 3 2
15 18 3 2
32 29 2 1
42 29 2 2
15 29 2 2
20 29 2 2
15 29 2 1
24 29 2 2
21 29 2 2
36 24 2 1
5 11 2 1
5 8 2 1
5 10 2 1
7 5 2 2
2 5 2 1
4 5 2 3
2 5 2 1
4 5 2 1
2 5 2 2
3 5 2 1
3 5 2 2
3 5 2 1
6 5 2 1
39 26 2 1
24 26 2 2
30 26 2 3
34 26 2 2
39 26 2 2
14 26 2 1
30 26 2 1
31 32 2 1
21 32 2 2
34 24 2 1
32 23 2 1
24 23 2 1
34 23 2 1
34 23 2 2
10 9 2 2
14 9 2 2
8 9 2 1
6 9 2 1
13 9 2 1
12 9 2 1
12 9 2 3
9 9 2 1
13 9 2 1
13 9 2 3
14 9 2 1
12 8 2 1
5 8 2 2
11 8 2 1
6 8 2 1
28 32 2 2
32 27 2 2
27 27 2 3
34 23 2 2
21 27 2 2
25 27 2 1
17 27 2 1
26 22 2 2
6 5 2 2
7 5 2 2
3 5 2 2
10 5 2 2
2 4 2 2
3 4 2 3
5 4 2 2
5 4 2 2
2 4 2 1
5 4 2 1
5 4 2 1
7 4 2 1
3 5 2 2
7 5 2 3
6 5 2 1
3 5 2 2
7 5 2 1
6 5 2 2
5 5 2 1
3 5 2 1
4 5 2 2
5 5 2 1
3 5 2 2
7 5 2 1
7 5 2 2
3 5 2 2
7 5 2 2
6 5 2 1
8 5 2 1
3 5 2 1
3 5 2 2
7 5 2 2
7 5 2 1
3 5 2 3
7 5 2 1
3 5 2 3
4 5 2 1
6 5 2 1
6 5 2 2
4 5 2 1
7 5 2 1
7 5 2 2
7 5 2 1
8 5 2 1
4 5 2 2
6 5 2 1
31 28 2 1
35 28 2 2
42 28 2 1
39 28 2 1
34 28 2 2
17 28 2 3
12 20 2 2
12 8 2 2
36 27 2 2
14 27 2 1
32 27 2 2
15 27 2 1
40 27 2 2
39 27 2 1
34 27 2 2
29 30 2 3
30 34 2 1
38 26 2 2
33 22 2 1
25 22 2 1
16 22 2 2
20 22 2 1
19 17 2 2
4 5 2 1
6 5 2 2
9 5 2 1
2 4 2 1
4 4 2 2
3 4 2 1
2 4 2 3
6 4 2 1
6 4 2 1
3 4 2 1
5 4 2 2
2 4 2 2
5 4 2 1
2 4 2 1
3 4 2 3
3 4 2 1
6 4 2 1
2 4 2 1
6 4 2 2
4 4 2 1
6 4 2 2
5 4 2 2
2 4 2 2
5 4 2 2
2 4 2 2
6 4 2 2
4 4 2 1
6 4 2 1
2 4 2 2
6 4 2 2
5 4 2 1
4 8 2 1
4 8 2 3
4 8 2 1
7 8 2 2
11 8 2 2
10 8 2 1
5 8 2 1
12 8 2 3
5 8 2 3
11 8 2 2
9 8 2 2
12 8 2 1
11 8 2 2
9 8 2 2
4 8 2 2
9 8 2 3
11 8 2 1
9 8 2 1
4 8 2 2
29 27 2 2
38 25 2 1
35 24 2 1
29 27 2 2
16 27 2 1
34 27 2 1
22 43 2 2
26 32 2 1
31 27 2 3
22 16 2 2
9 16 2 2
13 11 2 1
13 11 2 2
29 30 2 1
36 26 2 2
14 26 2 1
34 26 2 2
16 24 2 2
16 24 2 2
16 24 2 2
16 19 2 3
16 10 2 2
34 25 2 1
22 40 2 2
12 20 2 2
12 13 2 1
5 7 2 2
7 7 2 2
14 10 2 1
10 10 2 2
6 10 2 2
4 10 2 1
29 26 2 2
29 32 2 1
29 25 2 2
7 14 2 2
22 14 2 1
35 26 2 2
23 44 2 1
12 31 2 2
12 13 2 1
23 42 2 2
12 41 2 1
12 38 2 1
12 15 2 2
12 9 2 2
23 37 2 2
14 24 2 2
9 24 2 1
34 26 2 2
4 30 2 1
4 26 2 2
4 19 2 2
4 25 2 1
4 22 2 3
4 12 2 1
4 16 2 3
4 8 2 2
4 10 2 2
4 4 2 1
22 43 2 3
12 38 2 1
12 42 2 2
12 22 2 2
12 20 2 2
12 24 2 1
22 25 2 2
22 28 2 2
22 25 2 1
22 20 2 2
7 5 2 2
3 5 2 1
6 5 2 1
6 5 2 1
29 26 2 1
23 38 2 2
6 18 2 1
6 14 2 1
6 6 2 2
20 40 2 1
9 25 2 2
9 36 2 1
9 25 2 2
9 13 2 1
9 7 2 2
20 23 2 1
20 43 2 1
29 30 2 2
24 38 2 1
5 24 2 1
5 36 2 1
5 28 2 2
5 28 2 1
5 17 2 2
5 13 2 1
5 10 2 1
5 10 2 1
5 5 2 3
24 25 2 2
24 28 2 2
24 31 2 1
24 38 2 2
7 11 2 2
11 11 2 2
6 11 2 2
11 15 1 3
16 11 1 1
13 13 1 1
19 13 1 1
19 13 1 2
11 13 1 2
18 13 1 3
19 13 1 1
4 6 1 2
4 7 1 1
16 11 1 1
14 11 1 2
14 11 1 1
16 11 1 2
15 11 1 2
9 11 1 2
13 11 1 2
6 11 1 1
10 17 1 1
14 10 1 2
8 10 1 1
10 10 1 3
7 10 1 2
6 10 1 2
4 6 1 1
4 4 1 1
6 7 1 2
10 7 1 1
5 7 1 1
10 7 1 2
4 7 1 1
9 7 1 2
5 7 1 1
15 12 1 2
9 17 1 1
16 11 1 1
13 11 1 2
6 11 1 1
9 16 1 2
14 11 1 1
8 11 1 2
4 11 1 2
12 14 1 2
7 14 1 2
7 9 1 1
3 5 1 1
4 5 1 2
11 18 1 1
15 11 1 1
10 19 1 3
5 11 1 2
5 8 1 1
8 13 1 2
7 13 1 1
11 18 1 1
11 7 1 3
9 13 1 2
9 11 1 1
9 15 1 1
9 9 1 2
5 4 1 2
4 4 1 1
9 16 1 2
9 11 1 2
9 19 1 2
9 16 1 1
15 11 1 1
8 17 1 1
7 17 1 3
15 10 1 2
15 10 1 2
15 11 1 1
4 8 1 2
11 8 1 1
14 12 1 2
14 10 1 2
9 15 1 1
5 7 1 2
5 8 1 1
14 12 1 3
14 10 1 2
14 12 1 1
14 12 1 1
14 13 1 1
14 13 1 1
14 11 1 1
9 17 1 1
5 13 1 2
5 4 1 3
14 10 1 1
14 14 1 1
14 11 1 1
14 10 1 1
14 10 1 2
16 11 1 2
8 15 1 1
8 14 1 1
8 10 1 2
8 13 1 2
8 11 1 1
8 15 1 1
8 16 1 2
4 6 1 1
4 6 1 2
8 11 1 2
8 10 1 2
8 10 1 2
8 17 1 1
8 14 1 1
4 8 1 1
4 8 1 2
12 14 1 2
4 8 1 1
4 6 1 2
16 12 1 1
16 10 1 1
10 14 1 1
6 18 1 1
6 19 1 1
6 12 1 1
6 17 1 1
6 7 1 3
10 14 1 1
10 11 1 1
10 12 1 2
10 17 1 3
10 5 1 1
11 18 1 1
11 17 1 3
11 13 1 2
11 10 1 1
11 12 1 1
11 11 1 1
11 15 1 1
6 9 1 1
5 9 1 1
9 7 1 1
4 7 1 1
6 7 1 1
5 7 1 1
5 7 1 1
8 7 1 2
7 7 1 1
4 7 1 2
10 7 1 2
7 7 1 1
10 7 1 1
4 7 1 1
10 7 1 1
4 7 1 1
4 7 1 1
4 7 1 1
4 7 1 1
10 7 1 3
5 7 1 1
9 7 1 1
10 7 1 1
8 7 1 2
9 7 1 2
4 7 1 2
8 9 1 1
13 9 1 1
4 9 1 1
6 9 1 2
5 9 1 2
5 9 1 2
13 9 1 1
11 9 1 3
10 9 1 2
8 9 1 1
11 9 1 2
5 9 1 3
9 9 1 1
6 9 1 1
11 9 1 1
5 9 1 2
13 9 1 1
11 9 1 1
6 9 1 1
7 10 1 2
6 10 1 1
6 10 1 1
8 10 1 3
9 6 1 2
9 10 1 1
13 10 1 3
5 10 1 2
14 10 1 2
6 10 1 1
8 10 1 1
10 10 1 2
13 10 1 2
9 10 1 3
5 10 1 2
14 10 1 1
11 10 1 2
7 10 1 2
2 4 1 1
7 4 1 2
9 7 1 1
7 7 1 2
10 7 1 2
4 7 1 2
4 7 1 1
4 7 1 1
4 7 1 1
10 7 1 2
10 7 1 1
10 7 1 1
10 7 1 1
4 7 1 1
4 7 1 3
7 7 1 2
5 7 1 1
4 7 1 2
4 7 1 2
9 7 1 1
10 7 1 3
4 7 1 1
7 7 1 2
5 7 1 1
5 7 1 2
6 7 1 3
4 7 1 4
4 7 1 3
10 7 1 1
10 7 1 1
4 7 1 2
9 7 1 1
6 7 1 2
5 7 1 2
10 7 1 2
7 7 1 3
6 7 1 2
10 7 1 1
4 7 1 3
8 7 1 1
4 7 1 1
5 7 1 1
7 7 1 1
7 7 1 2
6 7 1 1
7 7 1 2
10 7 1 1
8 7 1 2
4 7 1 1
9 7 1 2
11 16 0 1
11 16 0 1
10 16 0 1
10 16 0 2
14 16 0 2
16 11 0 1
8 11 0 1
7 5 0 3
7 5 0 1
10 5 0 1
12 13 0 1
12 13 0 1
7 13 0 1
8 13 0 1
18 13 0 1
12 13 0 3
11 13 0 1
10 15 0 2
17 12 0 1
10 18 0 2
13 13 0 1
9 13 0 2
21 13 0 3
12 14 0 2
11 14 0 2
20 14 0 3
16 11 0 1
15 11 0 3
10 19 0 1
5 16 0 2
5 12 0 2
5 17 0 2
5 18 0 2
5 17 0 1
5 11 0 2
5 13 0 1
5 10 0 2
5 14 0 3
5 5 0 2
10 13 0 3
10 13 0 2
10 10 0 2
10 14 0 1
10 12 0 1
10 15 0 1
10 13 0 2
10 12 0 1
10 12 0 3
12 13 0 1
4 16 0 2
4 12 0 2
4 10 0 1
4 15 0 1
4 13 0 2
4 11 0 2
4 18 0 1
4 10 0 1
4 15 0 1
4 6 0 3
4 7 0 2
12 19 0 2
12 15 0 1
12 14 0 3
12 10 0 2
12 15 0 1
12 18 0 2
12 10 0 2
12 15 0 1
5 4 0 1
3 4 0 1
4 4 0 2
12 14 0 2
12 15 0 2
12 10 0 2
12 17 0 1
12 18 0 1
12 15 0 2
12 16 0 3
12 15 0 2
12 18 0 1
4 6 0 1
3 6 0 3
5 6 0 1
10 11 0 1
10 17 0 2
10 14 0 1
10 11 0 2
10 17 0 1
10 15 0 2
10 13 0 1
10 15 0 2
10 11 0 2
10 18 0 2
6 11 0 1
4 6 0 1
4 5 0 1
17 11 0 1
17 11 0 1
17 11 0 1
17 13 0 2
9 18 0 1
8 11 0 2
8 17 0 1
8 19 0 1
8 11 0 1
8 17 0 1
8 12 0 1
8 12 0 2
8 14 0 1
9 15 0 1
9 14 0 2
9 13 0 1
9 19 0 1
9 13 0 1
9 15 0 2
9 6 0 1
10 13 0 1
10 17 0 3
10 11 0 2
10 10 0 2
10 10 0 1
10 14 0 1
10 11 0 2
10 13 0 2
10 12 0 1
10 11 0 2
10 14 0 2
10 15 0 1
10 5 0 3
