950 1000 17
6
950 2720 4
950 1140 3
675 900 2
500 1020 1.5
1020 390 1
960 390 0.5
6044
36 102 4 2
56 62 4 2
47 102 4 2
43 102 4 1
40 102 4 2
11 40 4 3
45 40 4 2
47 79 4 3
44 76 4 2
62 60 4 3
69 60 4 2
37 87 4 1
46 79 4 1
48 79 4 3
49 69 4 1
45 111 4 1
45 97 4 3
45 78 4 3
45 62 4 1
45 90 4 3
45 64 4 3
45 71 4 1
45 65 4 2
45 75 4 3
45 60 4 2
45 55 4 3
45 79 4 3
45 56 4 2
20 36 4 3
25 36 4 2
49 62 4 2
49 77 4 2
49 66 4 1
28 128 4 2
21 69 4 3
21 62 4 3
21 108 4 2
21 75 4 2
21 67 4 2
21 74 4 1
21 112 4 1
21 51 4 2
21 68 4 2
21 39 4 2
28 101 4 3
28 53 4 3
28 65 4 2
28 72 4 1
28 107 4 1
28 66 4 1
28 133 4 1
24 152 4 3
13 53 4 2
13 99 4 1
37 85 4 2
37 105 4 1
37 80 4 2
37 90 4 3
37 97 4 2
37 64 4 1
37 60 4 1
37 90 4 3
37 168 4 3
44 51 4 2
44 99 4 2
26 125 4 1
18 72 4 1
18 109 4 3
18 73 4 2
18 92 4 1
18 101 4 1
18 84 4 2
18 78 4 1
18 62 4 2
18 59 4 3
18 80 4 1
18 52 4 1
18 50 4 1
26 73 4 3
26 69 4 2
26 88 4 3
26 80 4 2
26 101 4 2
26 68 4 2
26 75 4 2
26 70 4 1
26 72 4 2
26 91 4 2
47 78 4 1
47 109 4 1
47 56 4 3
31 115 4 2
16 74 4 3
16 22 4 3
8 19 4 1
3 19 4 1
5 19 4 1
47 59 4 2
47 96 4 1
47 68 4 2
47 67 4 3
47 60 4 1
47 74 4 3
47 104 4 3
47 82 4 3
47 91 4 1
59 56 4 1
43 56 4 2
48 56 4 3
33 56 4 2
39 56 4 2
57 65 4 3
53 63 4 1
48 69 4 2
64 78 4 2
34 97 4 3
30 97 4 3
64 58 4 1
40 82 4 2
24 82 4 2
64 68 4 1
64 57 4 1
64 62 4 2
41 80 4 2
23 81 4 1
23 66 4 2
23 64 4 1
23 62 4 3
23 61 4 3
23 118 4 1
23 53 4 2
23 86 4 2
15 91 4 3
8 30 4 3
8 61 4 1
41 53 4 2
41 80 4 3
41 63 4 1
41 84 4 1
41 95 4 1
41 102 4 3
41 57 4 3
41 68 4 1
22 148 4 2
26 102 4 3
26 68 4 2
26 115 4 3
26 58 4 1
26 81 4 2
26 59 4 3
26 67 4 1
26 103 4 1
26 85 4 1
26 111 4 3
26 77 4 2
26 77 4 2
26 112 4 1
22 183 4 2
22 69 4 2
22 115 4 1
22 62 4 2
22 61 4 2
22 87 4 1
22 108 4 3
22 74 4 2
22 68 4 3
22 59 4 3
22 81 4 1
53 80 4 3
28 114 4 2
25 80 4 2
25 62 4 1
25 64 4 3
25 92 4 1
25 89 4 2
25 74 4 3
25 65 4 1
25 71 4 1
25 62 4 1
25 85 4 1
25 54 4 1
25 85 4 3
25 75 4 3
25 83 4 3
28 95 4 1
28 61 4 2
28 64 4 2
28 82 4 2
28 58 4 2
28 117 4 1
28 66 4 2
28 137 4 1
28 59 4 1
28 114 4 2
28 74 4 3
57 72 4 3
57 52 4 2
57 67 4 1
57 53 4 3
18 182 4 2
39 71 4 2
39 105 4 2
39 50 4 1
39 88 4 3
39 67 4 1
39 62 4 1
39 70 4 3
39 81 4 1
39 53 4 2
39 63 4 2
39 88 4 2
39 77 4 3
18 126 4 2
18 63 4 1
18 65 4 3
18 51 4 2
18 56 4 1
18 116 4 2
18 59 4 2
18 73 4 1
18 84 4 3
40 88 4 1
50 67 4 3
44 83 4 2
54 64 4 3
49 64 4 1
29 64 4 2
34 64 4 2
40 64 4 3
38 64 4 1
36 64 4 2
30 64 4 1
36 91 4 3
29 91 4 1
37 91 4 1
27 91 4 1
74 45 4 3
17 45 4 3
30 45 4 3
7 45 4 2
27 45 4 3
26 45 4 1
22 46 4 1
34 46 4 1
6 46 4 1
79 46 4 1
17 46 4 1
23 46 4 3
26 132 4 1
56 67 4 2
34 67 4 1
20 67 4 2
45 67 4 1
34 67 4 2
95 67 4 2
55 65 4 3
64 65 4 3
34 65 4 2
70 65 4 1
61 65 4 1
54 69 4 3
42 84 4 2
35 84 4 1
21 84 4 2
87 84 4 3
71 84 4 1
51 65 4 2
46 65 4 3
60 65 4 1
54 65 4 1
45 65 4 1
69 52 4 1
26 139 4 2
63 51 4 2
63 59 4 3
23 59 4 1
12 38 4 3
12 21 4 3
98 80 4 2
25 88 4 1
38 54 4 1
38 34 4 1
40 86 4 2
45 86 4 2
102 86 4 3
77 79 4 3
35 79 4 3
9 79 4 3
37 79 4 3
29 79 4 3
44 83 4 3
25 38 4 2
25 45 4 1
69 73 4 3
69 96 4 3
54 74 4 2
54 89 4 2
54 77 4 1
54 56 4 2
54 88 4 1
44 84 4 1
44 53 4 3
44 87 4 1
44 85 4 3
44 65 4 3
44 86 4 3
44 57 4 2
44 88 4 3
44 52 4 1
50 83 4 3
50 87 4 1
28 116 4 1
22 65 4 2
9 51 4 1
13 25 4 3
13 26 4 2
50 53 4 2
50 64 4 1
50 79 4 2
50 67 4 1
50 74 4 2
15 50 4 1
35 50 4 1
40 72 4 2
40 74 4 3
40 65 4 2
40 95 4 2
40 74 4 2
40 92 4 3
40 105 4 2
16 75 4 3
24 41 4 2
24 34 4 1
30 114 4 1
37 89 4 3
82 89 4 2
75 89 4 1
64 55 4 3
75 49 4 3
81 89 4 2
12 40 4 3
23 40 4 2
12 40 4 1
28 40 4 1
15 34 4 3
16 34 4 2
19 34 4 2
14 34 4 1
28 117 4 2
44 74 4 2
84 74 4 2
82 74 4 2
27 74 4 2
73 46 4 3
76 74 4 3
12 28 4 2
7 28 4 3
9 28 4 3
12 28 4 3
12 28 4 2
21 28 4 3
47 43 4 1
13 43 4 1
24 43 4 2
24 43 4 3
19 43 4 1
15 43 4 1
35 43 4 1
29 43 4 3
31 43 4 1
10 43 4 3
10 43 4 1
43 43 4 3
17 43 4 1
9 43 4 1
60 43 4 2
36 90 4 1
61 59 4 2
31 90 4 1
57 56 4 2
17 56 4 1
40 56 4 1
13 56 4 3
73 56 4 2
25 56 4 2
22 56 4 2
39 56 4 2
13 34 4 1
19 34 4 3
7 34 4 2
5 34 4 1
16 34 4 1
24 34 4 3
27 34 4 2
6 34 4 3
10 34 4 3
13 34 4 3
36 34 4 3
18 34 4 3
30 34 4 3
12 34 4 1
14 34 4 2
18 34 4 3
18 34 4 2
10 31 4 3
13 31 4 3
12 31 4 2
26 31 4 2
42 86 4 1
19 86 4 2
14 86 4 3
31 86 4 3
76 86 4 2
91 86 4 2
29 86 4 1
65 86 4 1
47 55 4 2
16 31 4 2
12 31 4 1
19 31 4 3
56 67 4 1
20 67 4 3
56 67 4 2
16 67 4 2
72 67 4 1
11 67 4 1
53 67 4 2
18 67 4 2
53 67 4 3
24 67 4 3
15 67 4 2
20 67 4 1
46 78 4 1
54 68 4 1
35 101 4 1
34 95 4 3
26 95 4 3
54 61 4 1
15 61 4 3
21 61 4 1
53 61 4 2
33 61 4 1
16 61 4 1
27 61 4 3
16 34 4 1
33 34 4 1
45 34 4 3
28 34 4 1
13 34 4 2
8 34 4 1
17 34 4 3
26 34 4 2
17 34 4 3
16 34 4 3
47 70 4 1
71 70 4 3
16 70 4 1
40 70 4 2
22 70 4 1
33 70 4 3
15 70 4 3
35 70 4 1
46 80 4 1
44 75 4 1
55 126 4 1
47 70 4 1
44 78 4 2
43 78 4 1
18 48 4 2
12 48 4 3
24 48 4 1
33 48 4 2
47 56 4 1
44 51 4 2
46 46 4 2
35 66 4 1
35 65 4 3
15 59 4 3
20 29 4 3
20 30 4 2
54 51 4 2
54 69 4 3
35 103 4 1
19 45 4 3
8 58 4 1
11 36 4 2
11 22 4 2
46 82 4 1
46 65 4 3
46 66 4 2
30 59 4 2
30 87 4 2
30 90 4 2
30 64 4 1
30 84 4 3
30 100 4 3
30 56 4 2
30 49 4 3
15 37 4 3
15 37 4 2
50 73 4 2
31 73 4 1
64 73 4 1
24 73 4 1
84 48 4 2
33 25 4 3
22 25 4 1
5 25 4 3
14 25 4 3
10 25 4 3
73 49 4 2
39 85 4 3
73 49 4 3
20 49 4 2
48 49 4 2
38 97 4 3
49 68 4 1
54 68 4 3
33 101 4 1
70 53 4 1
16 48 4 3
24 48 4 1
19 48 4 3
11 30 4 1
11 18 4 3
103 54 4 2
45 80 4 1
58 80 4 1
34 107 4 3
29 121 4 2
26 142 4 1
14 90 4 2
14 58 4 3
14 63 4 3
14 60 4 3
14 90 4 1
14 70 4 3
14 103 4 1
14 68 4 1
14 57 4 1
14 53 4 3
14 69 4 3
14 74 4 1
14 70 4 3
14 48 4 3
14 36 4 1
14 28 4 3
9 18 4 3
5 11 4 3
5 7 4 1
26 64 4 1
26 45 4 3
26 115 4 2
26 76 4 2
26 95 4 3
26 100 4 2
26 55 4 3
26 84 4 3
26 87 4 1
26 59 4 3
26 74 4 1
26 59 4 1
29 92 4 3
29 74 4 1
29 63 4 1
29 63 4 2
29 87 4 1
29 82 4 1
29 124 4 2
29 52 4 2
29 59 4 3
29 120 4 1
29 118 4 3
34 81 4 1
34 49 4 3
34 114 4 1
34 109 4 2
34 65 4 3
34 65 4 2
34 61 4 1
34 104 4 2
34 63 4 1
34 84 4 2
34 60 4 2
34 93 4 3
24 150 4 2
14 72 4 1
14 60 4 1
14 70 4 2
14 99 4 2
14 125 4 2
14 78 4 3
14 74 4 3
14 85 4 2
14 107 4 1
14 59 4 3
14 83 4 2
14 48 4 2
14 87 4 2
14 50 4 1
14 57 4 3
14 54 4 2
14 53 4 2
24 82 4 1
24 77 4 1
24 92 4 1
24 100 4 1
24 66 4 2
24 62 4 2
24 57 4 1
24 62 4 2
24 108 4 2
24 74 4 1
24 100 4 1
24 62 4 1
24 103 4 3
24 66 4 2
22 154 4 3
17 45 4 1
17 51 4 3
17 34 4 1
17 24 4 2
39 111 4 2
39 119 4 3
39 84 4 1
39 108 4 2
39 94 4 1
39 51 4 1
39 102 4 3
39 86 4 3
39 88 4 3
39 61 4 2
39 59 4 3
39 55 4 2
39 66 4 2
22 84 4 1
17 84 4 1
73 58 4 1
45 71 4 2
28 94 4 3
28 86 4 1
28 83 4 3
28 67 4 3
28 85 4 1
28 109 4 3
28 74 4 2
28 56 4 3
28 74 4 3
28 88 4 2
28 57 4 1
28 92 4 3
28 100 4 1
28 115 4 2
28 120 4 1
45 55 4 2
45 76 4 2
45 99 4 2
45 52 4 2
45 68 4 1
45 102 4 2
45 80 4 3
45 92 4 1
45 86 4 1
45 62 4 1
25 127 4 2
20 67 4 1
20 33 4 3
20 27 4 1
45 75 4 3
45 84 4 2
45 59 4 2
45 112 4 3
45 71 4 2
43 84 4 3
44 78 4 1
43 82 4 3
49 82 4 2
29 82 4 3
49 75 4 2
72 75 4 3
41 80 4 1
33 80 4 1
47 80 4 3
56 58 4 2
38 58 4 2
27 58 4 1
50 66 4 2
25 66 4 2
24 66 4 1
22 66 4 2
28 122 4 3
34 107 4 2
36 102 4 1
23 102 4 1
34 102 4 3
25 62 4 2
25 81 4 3
25 96 4 3
25 135 4 1
25 100 4 3
25 147 4 1
25 109 4 3
25 115 4 1
25 97 4 1
25 75 4 3
34 73 4 3
34 93 4 2
34 131 4 1
34 149 4 3
34 51 4 2
34 110 4 2
34 107 4 2
34 76 4 1
34 125 4 2
34 59 4 2
34 79 4 2
34 63 4 2
34 126 4 1
34 127 4 2
34 63 4 1
34 122 4 1
34 80 4 1
34 60 4 1
34 86 4 3
34 147 4 1
28 86 4 3
28 95 4 3
28 66 4 2
28 66 4 3
28 103 4 1
28 60 4 2
28 84 4 3
28 98 4 3
28 68 4 1
28 81 4 1
28 73 4 2
28 117 4 2
44 52 4 3
44 90 4 2
44 58 4 2
44 74 4 1
44 58 4 2
44 61 4 2
44 120 4 3
44 77 4 1
44 84 4 2
44 66 4 3
28 123 4 1
16 59 4 2
16 30 4 3
16 34 4 3
44 109 4 1
44 66 4 1
44 100 4 2
44 91 4 2
44 53 4 3
44 120 4 2
43 91 4 2
43 62 4 1
43 93 4 1
43 92 4 3
43 105 4 1
43 72 4 2
43 99 4 2
43 71 4 1
43 68 4 1
43 57 4 3
43 51 4 3
43 63 4 3
43 51 4 1
20 166 4 2
23 80 4 3
23 86 4 3
43 61 4 3
43 73 4 1
43 70 4 3
43 51 4 2
45 54 4 2
45 69 4 3
45 73 4 3
45 102 4 2
45 101 4 1
45 50 4 1
45 101 4 1
45 104 4 2
45 68 4 2
45 80 4 1
45 95 4 2
45 73 4 1
45 67 4 2
45 79 4 3
45 99 4 2
45 49 4 2
45 88 4 1
45 57 4 2
39 87 4 3
62 57 4 1
36 91 4 1
35 91 4 3
71 91 4 2
49 91 4 3
50 91 4 2
58 91 4 1
38 91 4 3
39 91 4 1
29 91 4 1
61 60 4 3
70 60 4 3
67 60 4 3
29 60 4 2
34 60 4 2
37 60 4 1
37 60 4 3
37 60 4 1
33 60 4 1
43 85 4 3
52 85 4 1
87 85 4 3
54 85 4 2
48 85 4 2
29 85 4 2
92 85 4 2
62 59 4 3
30 59 4 2
35 59 4 3
80 59 4 1
14 59 4 2
27 59 4 2
44 59 4 1
17 59 4 2
35 59 4 1
14 59 4 3
47 59 4 1
36 100 4 2
53 60 4 2
42 78 4 2
62 54 4 2
21 54 4 3
20 54 4 1
21 54 4 3
49 54 4 3
64 54 4 3
37 54 4 2
48 67 4 3
91 67 4 3
15 67 4 2
53 67 4 1
67 67 4 3
34 104 4 3
51 65 4 2
13 65 4 2
66 65 4 3
58 65 4 3
21 65 4 2
31 65 4 1
39 139 4 2
44 81 4 2
66 81 4 1
21 81 4 1
70 81 4 2
66 58 4 3
13 58 4 1
24 58 4 2
21 58 4 3
77 58 4 1
34 56 4 1
6 44 4 2
28 44 4 3
42 65 4 3
42 70 4 2
42 63 4 3
12 49 4 1
6 49 4 2
24 49 4 1
53 65 4 3
53 61 4 3
53 76 4 2
30 63 4 2
23 40 4 2
7 23 4 2
16 23 4 2
36 51 4 2
36 66 4 3
36 62 4 1
36 46 4 1
62 56 4 1
62 79 4 1
28 116 4 3
34 57 4 1
34 69 4 3
34 78 4 3
34 73 4 3
34 151 4 1
28 53 4 1
28 55 4 1
28 95 4 2
28 47 4 3
28 62 4 3
39 73 4 1
39 92 4 3
39 76 4 1
39 79 4 3
39 54 4 3
39 94 4 1
39 65 4 3
45 74 4 1
69 74 4 2
20 74 4 2
78 74 4 1
41 74 4 1
22 74 4 2
62 74 4 2
81 74 4 1
48 74 4 2
40 74 4 1
57 65 4 3
56 60 4 1
48 73 4 3
58 63 4 1
17 63 4 3
68 63 4 3
38 63 4 2
13 63 4 2
21 63 4 1
74 63 4 1
14 63 4 2
42 63 4 2
60 55 4 3
36 89 4 1
36 89 4 2
50 69 4 1
23 69 4 2
48 69 4 3
35 69 4 2
32 69 4 1
25 44 4 2
9 25 4 3
9 25 4 1
7 25 4 3
72 45 4 2
15 45 4 2
29 45 4 3
18 45 4 1
37 45 4 3
42 45 4 1
45 76 4 2
42 80 4 2
29 80 4 3
38 80 4 2
59 80 4 3
39 86 4 3
59 55 4 3
70 86 4 1
9 31 4 1
16 31 4 2
17 31 4 3
17 31 4 1
33 108 4 2
67 108 4 3
68 63 4 3
44 45 4 1
24 45 4 3
66 95 4 1
52 95 4 3
33 95 4 3
17 60 4 2
17 35 4 2
45 83 4 3
45 54 4 3
45 48 4 1
45 52 4 1
45 56 4 2
36 66 4 1
36 86 4 2
36 75 4 1
36 58 4 1
36 109 4 3
36 142 4 2
36 67 4 3
36 99 4 1
36 86 4 3
60 70 4 3
60 73 4 1
60 77 4 2
60 69 4 2
60 139 4 1
48 72 4 2
48 62 4 3
48 70 4 3
48 99 4 2
48 59 4 3
48 56 4 1
48 55 4 3
29 121 4 3
27 121 4 3
24 150 4 1
32 92 4 2
15 58 4 1
17 58 4 1
56 73 4 1
56 58 4 3
56 48 4 2
56 36 4 2
29 126 4 1
28 64 4 2
28 62 4 3
57 76 4 2
57 83 4 2
37 196 4 1
20 68 4 2
20 65 4 3
20 63 4 1
29 49 3 1
19 49 3 2
27 49 3 3
68 49 3 2
13 49 3 3
40 49 3 2
46 49 3 3
34 41 3 2
38 40 3 1
37 40 3 1
11 40 3 2
23 40 3 1
23 40 3 3
9 40 3 3
29 40 3 1
38 40 3 2
36 41 3 3
37 38 3 2
25 38 3 3
7 38 3 1
5 38 3 2
12 38 3 3
9 38 3 2
16 38 3 1
16 38 3 3
16 38 3 1
29 38 3 2
36 40 3 2
24 61 3 3
28 52 3 1
44 52 3 1
23 52 3 2
17 52 3 1
25 54 3 2
36 54 3 2
22 54 3 1
19 54 3 2
10 23 3 3
10 31 3 3
37 42 3 2
22 42 3 2
53 42 3 2
21 73 3 3
47 32 3 3
10 32 3 3
17 32 3 1
17 32 3 1
22 41 3 3
21 41 3 2
10 41 3 2
17 41 3 1
21 41 3 1
44 31 3 1
27 54 3 3
41 53 3 3
41 42 3 2
14 74 3 1
27 36 3 1
13 38 3 1
14 38 3 3
27 58 3 1
9 57 3 3
18 57 3 3
44 41 3 2
44 42 3 3
44 36 3 3
14 19 3 3
18 19 3 1
2 19 3 1
10 19 3 3
24 41 3 2
24 56 3 3
24 42 3 1
24 52 3 3
24 48 3 3
24 45 3 2
24 45 3 1
36 35 3 2
36 53 3 2
36 40 3 2
36 40 3 1
36 43 3 2
36 49 3 3
36 90 3 2
36 36 3 1
36 47 3 3
17 90 3 3
19 51 3 3
19 41 3 3
19 69 3 2
19 57 3 3
19 86 3 3
17 61 3 1
17 59 3 3
17 54 3 2
6 40 3 2
11 40 3 1
16 98 3 3
18 72 3 3
18 45 3 1
18 42 3 1
18 48 3 1
18 35 3 3
18 58 3 3
18 47 3 2
18 46 3 2
18 34 3 3
16 40 3 1
16 57 3 3
16 56 3 3
16 65 3 3
16 111 3 3
41 33 3 3
44 36 3 1
40 36 3 2
34 36 3 1
11 36 3 1
26 36 3 1
18 36 3 1
28 36 3 3
20 74 3 3
35 74 3 2
32 45 3 1
19 74 3 2
37 38 3 3
58 74 3 2
13 36 3 1
14 36 3 3
10 36 3 1
6 29 3 2
26 29 3 2
22 71 3 3
40 71 3 3
28 71 3 3
32 71 3 2
38 71 3 1
41 71 3 2
30 45 3 1
5 45 3 2
15 45 3 2
20 45 3 3
14 45 3 3
17 45 3 3
23 45 3 3
15 45 3 2
11 45 3 1
12 45 3 2
25 45 3 1
14 25 3 3
14 20 3 3
21 69 3 1
16 85 3 1
35 44 3 3
31 46 3 3
52 46 3 3
9 46 3 1
37 46 3 3
21 39 3 2
12 39 3 1
45 39 3 3
18 39 3 3
14 39 3 3
19 39 3 3
8 41 3 2
27 41 3 2
21 64 3 3
19 75 3 1
26 75 3 3
42 33 3 1
28 33 3 3
21 33 3 3
23 33 3 1
16 42 3 3
31 42 3 1
15 42 3 1
8 42 3 2
22 42 3 1
22 42 3 1
36 43 3 3
29 52 3 3
46 34 3 2
22 34 3 1
10 34 3 2
16 34 3 1
11 18 3 3
10 18 3 3
14 18 3 2
10 18 3 3
6 18 3 2
6 18 3 3
5 18 3 3
19 18 3 2
13 18 3 3
31 45 3 1
36 79 3 1
32 43 3 1
24 43 3 2
32 36 3 3
9 36 3 2
15 36 3 1
16 34 3 1
15 34 3 1
36 46 3 1
16 42 3 3
20 42 3 1
21 48 3 3
21 58 3 1
21 36 3 1
21 47 3 1
21 49 3 3
21 53 3 3
21 73 3 3
18 84 3 1
23 84 3 1
41 53 3 2
41 37 3 3
41 47 3 3
41 43 3 2
22 66 3 3
19 51 3 1
19 39 3 1
19 42 3 2
19 52 3 1
19 36 3 1
22 66 3 3
22 47 3 3
22 41 3 3
19 72 3 2
28 72 3 1
42 72 3 3
37 39 3 1
9 39 3 2
18 39 3 1
23 39 3 2
12 39 3 2
7 39 3 3
29 39 3 2
14 39 3 3
20 39 3 1
20 39 3 2
9 39 3 3
12 39 3 2
9 39 3 1
21 39 3 2
11 39 3 1
18 39 3 2
27 39 3 1
19 39 3 2
25 39 3 3
32 39 3 1
23 39 3 3
22 33 3 3
37 33 3 3
19 33 3 3
14 33 3 3
17 33 3 3
29 33 3 1
33 33 3 1
47 33 3 3
38 33 3 2
29 33 3 2
40 33 3 1
14 33 3 2
16 33 3 3
19 33 3 1
21 33 3 1
26 60 3 1
35 39 3 3
12 39 3 3
41 39 3 1
25 39 3 3
37 39 3 1
27 39 3 3
42 39 3 3
18 39 3 1
41 39 3 3
14 39 3 3
46 39 3 1
41 39 3 1
11 39 3 3
22 39 3 1
21 39 3 3
8 39 3 1
17 39 3 2
32 48 3 3
47 33 3 1
22 33 3 2
22 33 3 3
24 33 3 3
25 33 3 2
26 33 3 1
19 33 3 3
15 33 3 1
39 33 3 2
34 33 3 2
10 33 3 3
38 33 3 2
26 33 3 1
16 33 3 1
18 33 3 2
7 33 3 3
38 33 3 3
22 63 3 3
45 34 3 3
14 34 3 2
24 34 3 3
19 34 3 1
8 34 3 1
29 34 3 1
11 34 3 1
22 34 3 2
22 34 3 2
11 34 3 1
10 34 3 3
36 34 3 1
16 34 3 2
12 34 3 3
15 34 3 2
7 34 3 3
19 34 3 1
24 34 3 1
21 34 3 2
11 34 3 3
28 34 3 3
23 29 3 3
15 29 3 1
14 29 3 1
36 29 3 3
17 29 3 1
21 29 3 3
23 29 3 2
14 29 3 1
30 29 3 2
22 29 3 3
7 29 3 3
16 29 3 2
22 29 3 3
10 29 3 2
10 29 3 3
15 29 3 2
10 29 3 1
32 29 3 3
17 29 3 2
18 29 3 1
21 29 3 3
11 17 3 3
4 12 3 3
7 12 3 2
33 44 3 2
26 44 3 2
16 44 3 1
19 44 3 2
26 44 3 3
27 44 3 2
29 44 3 3
50 44 3 3
33 44 3 2
21 44 3 1
16 44 3 1
31 44 3 1
22 44 3 1
20 44 3 3
11 44 3 2
46 44 3 3
41 38 3 1
7 38 3 3
21 38 3 1
16 38 3 1
24 38 3 3
15 38 3 3
34 38 3 3
58 38 3 2
19 38 3 2
23 38 3 2
9 38 3 1
43 38 3 1
9 38 3 3
14 38 3 1
8 38 3 3
35 38 3 3
50 38 3 2
18 22 3 1
18 22 3 2
22 22 3 2
7 22 3 3
15 22 3 3
9 22 3 2
15 22 3 1
24 22 3 3
6 22 3 3
14 22 3 2
15 22 3 3
29 22 3 3
19 22 3 3
7 22 3 3
15 22 3 2
11 22 3 2
11 22 3 1
4 22 3 2
8 22 3 1
34 22 3 2
9 22 3 1
14 22 3 3
22 22 3 2
9 22 3 2
14 22 3 2
16 22 3 2
20 22 3 3
21 22 3 3
32 65 3 3
32 52 3 2
14 35 3 2
18 35 3 2
26 72 3 2
26 38 3 2
17 69 3 3
9 69 3 2
25 61 3 3
25 54 3 2
27 54 3 1
22 54 3 3
54 54 3 1
9 54 3 3
43 54 3 2
28 54 3 1
37 54 3 1
34 54 3 2
22 54 3 3
10 54 3 1
47 54 3 3
39 34 3 1
27 34 3 1
35 34 3 2
7 20 3 1
17 20 3 1
14 20 3 1
14 20 3 2
26 20 3 2
23 20 3 3
29 46 3 2
40 46 3 3
69 46 3 3
32 46 3 2
17 46 3 3
18 46 3 2
54 46 3 2
29 46 3 3
34 46 3 3
51 46 3 1
47 46 3 3
39 46 3 1
32 46 3 1
16 46 3 2
21 46 3 2
18 46 3 1
27 46 3 3
12 46 3 2
33 46 3 2
21 46 3 1
33 46 3 3
38 46 3 1
17 46 3 1
33 46 3 2
33 46 3 1
31 46 3 1
34 46 3 2
29 46 3 1
19 46 3 1
12 46 3 3
43 36 3 3
33 46 3 3
39 39 3 3
14 98 3 3
33 42 3 2
35 38 3 1
36 41 3 1
15 98 3 1
35 44 3 3
32 98 3 2
26 57 3 2
32 48 3 1
37 48 3 3
49 48 3 1
20 50 3 2
21 50 3 3
77 50 3 3
11 41 3 3
15 24 3 2
15 17 3 2
35 54 3 2
36 57 3 2
35 60 3 1
33 35 3 3
13 21 3 3
20 21 3 2
24 68 3 1
31 45 3 1
29 45 3 1
36 45 3 2
37 45 3 1
44 45 3 3
19 45 3 1
31 45 3 3
22 45 3 3
71 45 3 2
12 23 3 3
28 23 3 1
4 23 3 2
28 23 3 1
6 23 3 1
5 23 3 1
19 23 3 1
18 23 3 1
20 23 3 1
13 23 3 1
3 23 3 3
12 23 3 1
22 23 3 3
10 23 3 1
14 23 3 2
15 23 3 2
13 23 3 1
17 23 3 3
34 23 3 3
27 23 3 2
20 75 3 2
19 69 3 1
19 36 3 2
19 22 3 2
20 30 3 2
11 22 3 3
9 14 3 1
9 8 3 1
33 36 3 3
33 50 3 1
33 34 3 3
21 71 3 3
22 71 3 3
43 33 3 1
11 26 3 3
32 26 3 2
25 65 3 1
25 39 3 3
25 43 3 1
25 37 3 2
25 38 3 2
25 29 3 3
20 74 3 1
34 40 3 1
35 40 3 3
15 40 3 3
46 40 3 3
20 40 3 1
21 40 3 3
21 40 3 1
21 40 3 2
25 57 3 2
36 38 3 2
33 46 3 3
19 46 3 2
8 46 3 2
16 46 3 2
5 46 3 2
21 46 3 3
50 46 3 1
31 45 3 3
18 45 3 1
16 45 3 1
25 45 3 3
27 45 3 1
35 45 3 1
23 61 3 1
13 61 3 3
32 61 3 3
38 39 3 2
46 39 3 2
15 22 3 1
16 22 3 1
16 22 3 1
3 22 3 3
11 22 3 1
23 22 3 2
26 53 3 1
23 53 3 3
41 53 3 3
25 53 3 3
37 53 3 2
25 54 3 1
43 54 3 3
35 54 3 2
22 54 3 3
27 54 3 1
23 67 3 3
34 44 3 1
40 44 3 1
14 44 3 2
22 44 3 1
19 28 3 2
19 16 3 3
8 23 3 1
10 23 3 1
10 23 3 2
17 23 3 3
12 23 3 1
15 23 3 2
13 23 3 2
7 23 3 3
7 23 3 2
14 23 3 3
16 23 3 1
25 54 3 3
19 54 3 2
33 54 3 3
40 54 3 3
35 54 3 3
37 41 3 3
36 40 3 3
27 40 3 3
34 40 3 3
18 40 3 3
43 35 3 2
29 35 3 3
18 35 3 3
25 35 3 2
36 38 3 2
33 44 3 2
30 44 3 1
16 44 3 2
35 45 3 3
14 45 3 2
7 45 3 1
23 45 3 2
12 39 3 2
12 39 3 2
17 39 3 2
21 39 3 3
17 39 3 1
36 43 3 2
36 47 3 1
37 36 3 2
37 51 3 2
37 75 3 1
36 38 3 3
36 57 3 1
36 45 3 2
36 39 3 3
36 58 3 2
36 34 3 1
19 74 3 3
11 74 3 3
6 28 3 3
6 46 3 3
36 50 3 1
18 79 3 1
18 45 3 2
18 21 3 2
8 13 3 1
4 13 3 2
6 13 3 2
36 46 3 1
15 25 3 2
21 25 3 3
25 46 3 1
25 41 3 3
25 54 3 2
25 53 3 2
25 77 3 2
25 57 3 3
25 36 3 2
14 96 3 1
11 43 3 1
11 33 3 1
11 49 3 1
11 37 3 2
14 37 3 3
14 29 3 3
20 42 3 2
20 37 3 2
20 39 3 1
20 42 3 2
20 42 3 3
20 35 3 2
20 42 3 3
20 62 3 1
20 70 3 2
20 39 3 3
20 36 3 3
20 39 3 3
20 24 3 3
26 56 3 1
34 56 3 2
27 56 3 3
30 56 3 1
18 56 3 2
50 56 3 1
48 56 3 1
34 43 3 3
31 49 3 1
45 49 3 1
36 49 3 2
24 49 3 3
36 49 3 1
27 49 3 1
26 54 3 3
33 42 3 3
32 42 3 2
42 42 3 3
29 42 3 2
18 42 3 3
19 42 3 1
42 34 3 3
27 34 3 1
14 34 3 2
13 34 3 3
22 34 3 1
13 34 3 3
42 34 3 1
42 36 3 2
23 36 3 1
14 36 3 3
15 36 3 3
16 36 3 2
37 36 3 2
26 36 3 1
32 44 3 2
18 44 3 1
39 44 3 3
23 44 3 3
36 44 3 1
25 44 3 1
27 51 3 1
38 37 3 3
26 53 3 2
28 48 3 2
54 48 3 3
19 72 3 2
29 49 3 1
34 49 3 1
35 39 3 2
28 51 3 2
28 52 3 3
28 30 3 3
28 45 3 3
28 87 3 2
35 39 3 3
35 36 3 3
35 53 3 2
23 64 3 3
12 26 3 2
12 20 3 1
12 18 3 2
14 34 3 2
21 34 3 1
19 41 3 2
19 37 3 2
19 58 3 3
19 50 3 3
19 32 3 2
12 24 3 1
7 14 3 1
7 10 3 1
26 63 3 3
26 42 3 2
26 40 3 1
26 43 3 2
26 78 3 3
26 43 3 3
38 37 3 3
38 45 3 1
38 34 3 2
38 43 3 2
38 43 3 1
38 50 3 1
38 73 3 1
27 48 3 3
27 44 3 2
27 50 3 2
27 48 3 1
27 58 3 3
27 63 3 2
26 34 3 1
16 91 3 3
10 38 3 2
10 29 3 2
10 40 3 2
10 42 3 2
10 38 3 1
10 34 3 2
10 32 3 3
10 67 3 1
10 38 3 1
10 29 3 3
10 20 3 2
10 23 3 3
16 46 3 2
16 45 3 2
16 75 3 1
16 55 3 2
16 37 3 1
16 36 3 3
16 45 3 1
34 47 3 1
18 81 3 2
16 53 3 3
16 28 3 1
34 34 3 3
17 86 3 2
17 69 3 1
17 55 3 3
17 36 3 1
17 55 3 1
17 54 3 1
17 50 3 1
17 24 3 1
10 19 3 3
7 19 3 2
17 53 3 3
17 52 3 3
17 40 3 1
17 48 3 3
17 51 3 1
17 32 3 3
24 56 3 2
59 56 3 2
32 56 3 1
54 56 3 1
45 35 3 3
49 56 3 1
34 56 3 2
50 56 3 2
39 56 3 3
43 56 3 2
16 56 3 2
21 56 3 2
11 21 3 2
10 21 3 2
24 21 3 3
16 87 3 1
39 40 3 1
28 40 3 3
13 40 3 1
5 40 3 2
23 40 3 1
22 40 3 1
24 40 3 1
22 40 3 3
16 40 3 1
40 40 3 2
8 40 3 2
46 40 3 3
32 40 3 1
12 40 3 2
47 40 3 2
73 40 3 1
19 47 3 1
15 47 3 1
17 47 3 2
18 47 3 3
60 47 3 1
24 47 3 1
50 47 3 2
22 47 3 1
39 47 3 3
6 47 3 3
47 47 3 1
47 47 3 3
23 47 3 1
25 47 3 2
38 47 3 1
29 53 3 2
32 44 3 1
24 44 3 1
12 44 3 2
52 44 3 3
21 44 3 2
37 44 3 3
25 44 3 1
26 44 3 3
30 44 3 3
25 44 3 2
30 44 3 3
25 44 3 2
25 44 3 3
15 44 3 2
26 44 3 3
16 44 3 1
16 28 3 1
16 16 3 2
33 71 3 1
35 71 3 1
27 71 3 3
43 71 3 3
28 71 3 3
44 33 3 1
41 33 3 2
13 71 3 1
16 71 3 1
36 37 3 3
11 37 3 3
20 37 3 3
10 37 3 2
20 37 3 3
30 37 3 3
30 37 3 1
33 34 3 2
17 34 3 2
31 34 3 1
37 34 3 2
17 34 3 1
22 34 3 2
16 38 3 1
25 38 3 2
18 38 3 2
26 38 3 3
16 62 3 1
13 62 3 3
44 34 3 3
18 77 3 1
23 60 3 1
18 60 3 3
39 60 3 2
30 60 3 3
27 60 3 1
39 60 3 3
22 60 3 3
41 60 3 2
40 60 3 3
29 60 3 1
16 60 3 3
26 60 3 1
27 60 3 2
27 60 3 2
30 52 3 2
32 49 3 1
29 54 3 1
16 54 3 2
36 54 3 1
24 54 3 1
14 54 3 3
37 54 3 1
21 54 3 3
46 54 3 3
40 54 3 1
15 54 3 1
16 54 3 3
29 54 3 1
19 35 3 2
19 19 3 3
16 85 3 1
21 70 3 3
35 70 3 1
24 70 3 2
47 32 3 3
41 32 3 3
39 32 3 2
25 32 3 2
10 32 3 2
9 32 3 2
16 32 3 2
20 32 3 3
8 32 3 2
19 32 3 3
12 32 3 3
16 38 3 1
22 38 3 2
8 38 3 2
22 38 3 3
48 38 3 3
9 38 3 1
20 38 3 3
13 38 3 2
15 38 3 1
29 38 3 2
44 38 3 1
22 75 3 1
22 75 3 3
20 75 3 1
31 44 3 2
18 44 3 3
39 44 3 2
51 44 3 2
26 44 3 2
34 44 3 3
20 44 3 2
22 44 3 1
21 44 3 1
21 31 3 1
12 31 3 1
9 31 3 1
15 31 3 3
6 31 3 2
16 31 3 1
29 31 3 2
3 31 3 3
33 31 3 1
7 31 3 1
20 31 3 2
16 31 3 1
23 31 3 1
52 31 3 3
16 38 3 2
8 22 3 1
8 22 3 3
16 95 3 1
16 95 3 2
32 55 3 3
30 68 3 2
30 47 3 3
30 32 3 3
18 39 3 3
18 143 3 1
44 41 3 1
17 87 3 1
27 48 3 2
27 51 3 1
27 40 3 2
27 45 3 1
17 97 3 3
24 31 2 3
27 31 2 1
21 31 2 3
17 31 2 1
8 31 2 2
18 31 2 3
42 31 2 2
20 40 2 2
18 43 2 2
23 33 2 1
26 30 2 1
33 24 2 1
14 55 2 1
23 32 2 2
23 23 2 3
37 27 2 2
20 40 2 2
17 44 2 3
17 48 2 3
17 29 2 3
17 29 2 1
17 62 2 1
17 39 2 1
17 45 2 2
17 35 2 2
17 75 2 3
20 39 2 3
20 35 2 2
20 30 2 1
11 79 2 3
9 43 2 1
9 36 2 2
20 49 2 3
20 55 2 2
20 79 2 2
17 51 2 1
16 51 2 3
15 57 2 3
18 38 2 1
18 39 2 1
18 32 2 1
18 36 2 2
18 38 2 3
18 50 2 2
18 42 2 2
18 30 2 1
18 35 2 1
18 38 2 3
11 35 2 2
7 19 2 3
7 10 2 1
7 6 2 3
15 30 2 1
15 33 2 2
15 48 2 1
15 29 2 3
15 25 2 2
15 31 2 1
15 34 2 3
15 35 2 2
15 56 2 3
15 35 2 3
17 45 2 2
9 29 2 2
9 34 2 1
9 43 2 2
9 48 2 3
9 35 2 1
9 39 2 1
9 46 2 3
9 37 2 1
9 30 2 1
9 45 2 2
9 39 2 1
9 33 2 1
17 39 2 1
17 31 2 2
17 29 2 2
17 34 2 2
17 39 2 3
17 37 2 3
17 64 2 2
17 38 2 1
17 35 2 3
17 31 2 1
17 36 2 3
23 32 2 1
15 51 2 3
8 24 2 1
8 16 2 1
8 11 2 2
23 31 2 3
23 36 2 2
23 25 2 1
23 32 2 1
23 27 2 3
11 78 2 2
12 30 2 3
12 48 2 2
13 63 2 2
10 33 2 2
10 30 2 3
23 39 2 2
23 41 2 3
18 31 2 2
18 36 2 1
18 28 2 1
18 33 2 3
18 35 2 2
18 71 2 1
18 27 2 1
18 42 2 3
18 38 2 2
18 36 2 2
18 35 2 3
18 33 2 2
20 29 2 2
20 31 2 1
20 44 2 1
20 35 2 1
20 25 2 2
20 54 2 1
20 43 2 2
20 39 2 3
20 44 2 2
20 45 2 2
20 59 2 2
31 27 2 2
17 27 2 1
15 27 2 1
18 27 2 2
6 27 2 3
22 27 2 1
16 27 2 3
19 27 2 3
13 27 2 1
30 29 2 2
23 34 2 2
24 34 2 1
20 34 2 1
20 34 2 2
19 34 2 3
21 34 2 3
34 25 2 1
20 44 2 1
29 44 2 3
44 44 2 1
26 33 2 2
8 33 2 1
7 33 2 2
13 33 2 2
39 33 2 2
23 37 2 1
19 37 2 1
17 37 2 3
34 37 2 2
17 52 2 3
24 35 2 2
21 40 2 1
31 37 2 3
31 31 2 2
31 30 2 1
15 57 2 3
16 57 2 3
31 29 2 1
18 41 2 3
13 64 2 1
13 29 2 3
13 27 2 2
13 40 2 2
18 61 2 3
18 58 2 1
21 25 2 3
21 43 2 1
21 30 2 1
21 26 2 2
21 29 2 2
21 34 2 1
21 53 2 3
21 33 2 3
21 31 2 1
24 29 2 1
24 53 2 2
24 29 2 3
24 28 2 1
24 33 2 3
24 36 2 1
24 24 2 2
24 34 2 2
24 43 2 3
17 25 2 3
17 32 2 2
17 53 2 3
17 51 2 2
17 42 2 3
17 33 2 3
17 56 2 1
18 45 2 2
16 45 2 1
34 29 2 3
22 39 2 2
12 31 2 2
12 31 2 3
12 35 2 1
12 30 2 1
12 47 2 1
12 28 2 2
12 39 2 3
12 48 2 1
12 28 2 1
12 21 2 3
12 21 2 2
13 68 2 1
9 39 2 1
9 29 2 2
22 50 2 1
22 33 2 2
22 39 2 3
22 28 2 2
22 32 2 1
22 30 2 2
22 40 2 2
17 52 2 2
13 26 2 2
13 17 2 1
13 9 2 3
9 84 2 2
21 40 2 1
21 44 2 3
30 37 2 1
19 42 2 3
11 28 2 3
11 29 2 1
11 34 2 3
11 64 2 1
11 30 2 2
11 35 2 2
11 26 2 2
11 44 2 3
19 36 2 1
11 76 2 1
8 49 2 1
8 15 2 1
8 12 2 1
19 43 2 2
19 36 2 3
19 57 2 2
23 37 2 2
16 37 2 3
12 37 2 3
10 37 2 3
9 37 2 1
24 37 2 3
31 37 2 1
34 23 2 3
21 37 2 1
6 37 2 3
26 37 2 2
40 37 2 3
30 37 2 3
32 37 2 2
13 14 2 2
4 14 2 1
7 14 2 2
10 14 2 2
30 26 2 2
22 26 2 2
6 26 2 3
18 26 2 3
20 26 2 2
28 26 2 2
6 26 2 2
5 26 2 2
16 26 2 2
6 26 2 2
18 26 2 1
24 26 2 1
14 26 2 3
11 26 2 3
16 26 2 3
25 26 2 2
12 26 2 3
37 26 2 1
29 25 2 1
11 25 2 1
20 25 2 2
12 25 2 3
15 25 2 2
22 25 2 3
22 25 2 2
10 25 2 3
10 25 2 2
9 25 2 2
14 25 2 1
28 25 2 2
13 25 2 1
16 25 2 3
12 25 2 3
14 25 2 3
24 25 2 2
7 25 2 2
26 25 2 2
17 48 2 1
14 53 2 2
22 36 2 2
14 36 2 3
18 36 2 3
17 36 2 2
27 36 2 3
42 36 2 1
19 36 2 2
26 36 2 2
12 36 2 3
10 36 2 2
10 36 2 1
13 36 2 2
34 36 2 3
19 36 2 1
20 43 2 1
18 43 2 3
6 43 2 2
12 43 2 3
17 43 2 1
33 23 2 3
21 43 2 1
25 43 2 1
25 43 2 2
15 43 2 2
20 43 2 1
29 43 2 2
42 43 2 2
19 20 2 1
8 20 2 2
6 20 2 2
16 23 2 3
14 23 2 2
16 23 2 3
12 23 2 1
10 23 2 2
18 23 2 1
3 23 2 1
11 23 2 1
4 23 2 2
30 23 2 1
6 23 2 1
18 23 2 3
23 23 2 2
10 23 2 2
17 23 2 3
22 23 2 1
6 23 2 3
47 23 2 1
14 49 2 2
17 28 2 3
17 26 2 1
21 35 2 2
7 35 2 3
31 35 2 2
14 35 2 1
19 35 2 3
19 35 2 1
15 35 2 3
32 35 2 2
23 35 2 3
23 35 2 2
12 35 2 2
16 35 2 1
40 35 2 2
18 35 2 2
24 35 2 1
27 29 2 1
32 24 2 2
16 24 2 1
10 24 2 2
18 24 2 3
31 24 2 1
18 24 2 1
13 24 2 1
9 24 2 1
12 24 2 3
16 24 2 2
17 24 2 1
24 24 2 1
15 24 2 1
5 24 2 3
30 24 2 1
11 24 2 2
10 24 2 3
19 45 2 2
27 45 2 3
38 45 2 1
21 45 2 2
34 25 2 1
12 25 2 2
18 25 2 3
6 25 2 3
12 25 2 1
31 25 2 3
12 25 2 2
16 25 2 1
22 25 2 2
19 25 2 3
13 20 2 2
16 20 2 1
17 20 2 3
15 20 2 1
7 20 2 1
17 20 2 3
8 20 2 3
9 20 2 2
17 20 2 1
12 20 2 3
10 20 2 2
11 20 2 1
7 20 2 1
13 20 2 2
10 20 2 3
23 33 2 2
31 33 2 1
30 33 2 2
24 33 2 3
38 33 2 2
16 33 2 2
33 33 2 2
16 33 2 1
19 33 2 2
17 33 2 3
18 33 2 2
22 33 2 1
12 54 2 2
26 30 2 2
18 30 2 1
17 30 2 2
12 30 2 1
24 30 2 3
20 30 2 3
20 30 2 3
26 30 2 2
4 30 2 2
14 30 2 3
26 30 2 3
17 30 2 3
14 30 2 3
24 30 2 1
13 30 2 1
30 24 2 3
18 24 2 2
27 24 2 3
32 24 2 3
23 24 2 2
27 24 2 1
19 24 2 1
9 24 2 3
7 24 2 2
12 24 2 3
8 24 2 2
13 24 2 1
32 24 2 3
8 24 2 2
10 15 2 3
2 9 2 1
3 9 2 3
5 9 2 2
27 45 2 2
17 44 2 1
10 44 2 3
27 38 2 2
14 57 2 1
12 69 2 3
12 69 2 3
24 36 2 2
10 69 2 2
24 69 2 2
24 37 2 3
20 38 2 3
16 38 2 3
24 38 2 1
12 31 2 3
5 31 2 2
23 31 2 3
20 31 2 3
24 32 2 2
24 33 2 3
28 29 2 1
32 24 2 3
19 24 2 2
15 24 2 2
15 24 2 3
7 24 2 1
13 24 2 3
22 24 2 3
15 24 2 2
21 35 2 3
27 28 2 2
25 32 2 1
13 32 2 2
17 32 2 2
21 32 2 3
14 32 2 3
26 32 2 3
8 32 2 3
29 32 2 2
27 32 2 3
19 45 2 3
28 45 2 3
23 45 2 3
20 45 2 1
18 43 2 2
26 31 2 2
28 31 2 3
18 37 2 1
18 37 2 1
18 34 2 3
18 33 2 2
18 38 2 1
28 31 2 3
16 52 2 2
12 31 2 1
12 21 2 2
28 33 2 3
28 32 2 1
26 38 2 3
26 44 2 3
26 66 2 2
18 34 2 1
18 44 2 2
18 58 2 1
27 38 2 2
27 36 2 2
27 32 2 1
27 27 2 3
27 26 2 1
27 38 2 3
27 27 2 3
27 36 2 1
21 39 2 3
12 62 2 3
9 36 2 2
4 26 2 2
5 14 2 3
2 12 2 3
3 12 2 3
21 36 2 3
21 42 2 3
21 39 2 2
13 35 2 1
8 19 2 2
8 16 2 1
28 36 2 1
28 24 2 3
28 42 2 2
28 31 2 2
28 40 2 3
28 37 2 2
28 42 2 1
10 31 2 1
18 31 2 1
14 37 2 2
14 33 2 2
14 38 2 1
14 44 2 1
14 46 2 3
14 30 2 3
14 22 2 2
14 22 2 3
14 52 2 3
16 52 2 1
26 30 2 1
18 47 2 2
15 47 2 1
29 29 2 2
26 29 2 1
16 29 2 1
5 29 2 2
6 29 2 1
24 29 2 1
4 18 2 1
6 18 2 2
6 18 2 3
6 18 2 3
22 18 2 3
10 18 2 3
10 18 2 3
13 18 2 2
14 18 2 1
15 18 2 2
18 44 2 2
18 44 2 2
20 44 2 2
11 44 2 1
15 44 2 3
37 44 2 1
20 24 2 3
5 20 2 2
15 20 2 3
24 37 2 2
26 32 2 3
26 32 2 3
10 32 2 2
32 32 2 1
21 32 2 1
23 37 2 3
13 58 2 3
11 67 2 1
29 26 2 2
22 26 2 3
17 26 2 2
26 34 2 2
42 34 2 3
12 68 2 2
25 34 2 2
20 40 2 2
11 26 2 3
3 14 2 2
5 14 2 3
3 6 2 2
3 5 2 1
3 3 2 1
18 46 2 1
13 32 2 1
13 76 2 1
13 25 2 2
13 25 2 2
18 37 2 3
18 43 2 3
18 32 2 2
25 34 2 2
25 24 2 1
25 27 2 1
25 31 2 1
25 48 2 3
12 33 2 3
12 30 2 2
12 32 2 2
12 35 2 3
11 27 2 1
11 33 2 3
11 56 2 1
11 43 2 2
11 32 2 3
13 29 2 3
13 30 2 2
13 67 2 1
13 32 2 1
13 42 2 2
23 34 2 2
23 41 2 2
23 32 2 3
14 55 2 3
9 30 2 1
9 25 2 2
23 36 2 2
23 23 2 2
24 32 2 2
24 36 2 3
24 36 2 2
24 34 2 3
24 39 2 2
24 31 2 2
24 29 2 3
24 16 2 2
26 32 2 1
26 37 2 3
26 47 2 3
14 62 2 1
12 55 2 2
12 28 2 1
12 44 2 2
12 28 2 1
12 37 2 1
12 43 2 2
14 50 2 2
14 27 2 2
14 30 2 3
14 29 2 2
14 19 2 2
14 18 2 1
16 23 2 2
16 31 2 3
16 33 2 2
16 51 2 3
16 28 2 1
16 28 2 1
16 25 2 2
16 43 2 1
16 28 2 2
16 39 2 3
17 46 2 2
22 37 2 3
29 29 2 1
5 29 2 1
21 29 2 2
26 29 2 2
21 29 2 3
26 29 2 2
17 29 2 1
11 29 2 2
18 29 2 2
9 29 2 3
7 29 2 2
30 29 2 3
18 29 2 3
12 29 2 3
6 29 2 2
4 29 2 2
14 29 2 2
16 29 2 2
20 29 2 2
12 29 2 1
18 45 2 2
33 45 2 3
30 45 2 1
35 24 2 2
17 24 2 1
5 24 2 3
12 24 2 2
10 24 2 1
21 24 2 1
13 24 2 1
35 24 2 2
26 24 2 3
25 24 2 1
12 24 2 2
16 24 2 3
7 24 2 3
7 24 2 2
18 21 2 3
17 21 2 3
15 21 2 1
6 21 2 2
19 21 2 3
14 21 2 1
12 21 2 3
10 21 2 3
21 21 2 1
8 21 2 2
5 21 2 1
12 21 2 3
4 21 2 2
5 21 2 2
18 21 2 2
28 21 2 3
16 21 2 3
13 21 2 3
33 26 2 1
20 26 2 3
12 26 2 3
19 26 2 3
16 26 2 1
35 26 2 2
15 26 2 1
6 26 2 2
21 26 2 3
23 26 2 1
23 26 2 3
18 26 2 1
15 26 2 3
22 26 2 1
6 26 2 1
14 26 2 2
24 26 2 2
20 42 2 2
18 42 2 3
46 42 2 3
33 25 2 3
14 25 2 2
11 25 2 2
5 25 2 1
24 25 2 2
18 25 2 1
20 25 2 1
28 25 2 3
15 25 2 2
8 25 2 2
34 25 2 1
13 25 2 1
15 25 2 2
12 17 2 3
9 17 2 3
21 17 2 2
6 17 2 3
11 17 2 2
7 17 2 3
11 17 2 2
11 17 2 3
5 17 2 3
6 17 2 3
15 17 2 2
6 17 2 3
13 17 2 1
25 17 2 2
18 17 2 1
14 17 2 1
8 17 2 3
19 17 2 1
21 17 2 1
23 34 2 2
27 30 2 2
19 30 2 3
20 30 2 1
28 30 2 1
24 30 2 1
22 30 2 1
14 30 2 1
8 30 2 2
19 30 2 3
5 30 2 2
14 30 2 3
24 30 2 3
9 30 2 3
40 30 2 2
26 30 2 1
17 87 2 3
20 87 2 2
29 27 2 3
29 29 2 1
6 29 2 1
19 29 2 3
9 29 2 3
10 29 2 2
33 29 2 2
10 29 2 3
28 29 2 1
39 29 2 3
27 29 2 1
23 29 2 3
28 31 2 2
14 31 2 1
18 31 2 1
33 31 2 3
37 31 2 3
29 31 2 2
17 31 2 1
13 31 2 1
22 31 2 3
22 31 2 1
6 27 2 3
25 27 2 3
11 27 2 2
16 27 2 1
29 27 2 3
15 27 2 1
15 27 2 1
29 27 2 2
15 27 2 1
17 27 2 2
32 27 2 3
13 27 2 1
10 27 2 2
29 60 2 3
23 31 2 3
23 52 2 1
22 39 2 2
13 60 2 3
9 36 2 2
9 31 2 3
9 27 2 1
9 40 2 1
9 49 2 2
13 37 2 3
13 24 2 2
13 62 2 1
17 30 2 2
17 47 2 3
17 31 2 3
17 40 2 1
17 65 2 1
26 33 2 3
31 33 2 1
25 33 2 2
19 33 2 2
28 33 2 3
4 33 2 3
29 33 2 1
32 33 2 1
14 33 2 2
30 33 2 3
26 33 2 1
24 33 2 1
25 33 2 1
26 33 2 2
22 33 2 2
26 30 2 1
13 30 2 2
12 30 2 1
4 30 2 3
14 30 2 2
22 30 2 3
12 30 2 3
6 30 2 3
7 30 2 1
17 30 2 2
12 30 2 1
13 30 2 3
35 30 2 2
19 30 2 2
8 30 2 3
22 30 2 1
32 30 2 3
17 30 2 2
28 30 2 3
42 30 2 1
21 38 2 2
23 34 2 1
21 38 2 3
40 38 2 3
16 38 2 2
43 38 2 3
23 38 2 1
7 38 2 2
35 38 2 3
16 38 2 2
14 38 2 2
34 38 2 3
13 38 2 1
55 38 2 2
16 50 2 2
28 28 2 1
7 28 2 2
8 28 2 1
14 28 2 1
18 28 2 3
15 28 2 1
25 28 2 3
22 28 2 3
18 28 2 1
11 28 2 1
16 28 2 2
6 28 2 1
24 28 2 1
19 28 2 3
13 28 2 2
10 28 2 2
11 28 2 1
23 28 2 2
13 28 2 3
9 22 2 1
28 22 2 2
3 22 2 2
14 22 2 2
17 22 2 2
31 22 2 2
20 22 2 3
20 22 2 2
15 22 2 2
6 22 2 3
17 22 2 2
10 22 2 1
21 22 2 1
17 22 2 3
17 22 2 3
6 22 2 1
9 22 2 3
25 22 2 3
16 22 2 2
33 25 2 3
20 25 2 1
30 25 2 1
18 25 2 2
14 25 2 1
6 25 2 1
24 25 2 3
12 25 2 2
18 25 2 2
5 25 2 2
25 25 2 1
16 25 2 3
18 25 2 3
22 25 2 1
9 25 2 3
21 25 2 2
14 25 2 3
12 25 2 3
16 50 2 2
27 50 2 1
24 50 2 2
25 31 2 3
16 50 2 3
33 50 2 1
32 26 2 1
10 26 2 2
13 26 2 2
16 26 2 1
10 26 2 3
22 26 2 3
36 26 2 1
16 26 2 2
8 26 2 1
13 26 2 1
20 24 2 3
12 24 2 2
14 24 2 2
26 24 2 2
21 24 2 2
32 24 2 1
7 24 2 1
20 24 2 3
24 24 2 2
2 19 2 2
10 19 2 2
8 19 2 1
5 10 2 2
3 9 2 3
2 5 2 1
2 4 2 1
11 34 2 1
22 34 2 3
28 34 2 2
11 34 2 1
13 34 2 2
17 34 2 1
20 34 2 3
35 34 2 1
23 34 2 1
19 34 2 1
19 34 2 3
18 34 2 3
13 34 2 1
8 34 2 2
20 34 2 1
18 34 2 1
22 34 2 1
23 26 2 2
23 44 2 3
23 30 2 2
23 26 2 2
23 37 2 3
21 42 2 1
21 39 2 2
21 78 2 3
15 43 1 2
18 39 1 3
18 40 1 3
16 39 1 1
29 39 1 1
39 39 1 2
26 25 1 3
11 25 1 3
20 25 1 3
27 25 1 1
21 35 1 3
24 35 1 2
15 35 1 3
24 35 1 3
22 34 1 2
14 34 1 3
5 34 1 2
15 34 1 3
14 34 1 1
14 34 1 2
28 24 1 3
19 24 1 3
37 24 1 2
18 39 1 3
22 29 1 2
25 28 1 1
19 28 1 1
19 27 1 1
19 30 1 2
19 41 1 3
12 61 1 2
7 32 1 1
7 31 1 3
7 22 1 3
7 26 1 3
7 27 1 3
7 34 1 3
7 31 1 3
7 12 1 3
7 9 1 3
12 25 1 3
12 34 1 2
12 36 1 1
12 31 1 2
12 37 1 2
25 39 1 2
25 30 1 2
25 28 1 1
16 44 1 1
9 22 1 2
9 22 1 3
25 24 1 1
25 36 1 1
25 39 1 1
25 29 1 2
25 25 1 2
10 28 1 1
15 28 1 3
22 41 1 3
22 33 1 3
22 43 1 1
22 34 1 1
22 36 1 2
22 33 1 2
22 29 1 1
14 47 1 3
8 28 1 1
8 29 1 2
8 9 1 1
4 6 1 3
4 6 1 1
14 25 1 1
18 32 1 2
18 25 1 1
18 47 1 1
18 28 1 1
18 32 1 3
18 24 1 3
18 31 1 3
18 29 1 2
18 29 1 1
10 34 1 1
8 18 1 1
8 16 1 1
18 27 1 3
18 28 1 3
18 28 1 3
18 33 1 1
18 23 1 3
18 36 1 1
18 41 1 1
18 24 1 2
18 30 1 1
18 27 1 2
18 31 1 1
18 26 1 3
18 34 1 1
18 36 1 3
18 25 1 2
18 18 1 1
18 38 1 3
18 54 1 1
18 35 1 2
18 53 1 2
18 33 1 2
18 25 1 1
18 29 1 3
18 22 1 1
18 23 1 2
18 43 1 3
18 35 1 2
18 35 1 1
18 43 1 2
15 41 1 1
15 27 1 2
15 35 1 2
15 28 1 3
15 49 1 2
15 25 1 1
15 63 1 2
15 44 1 2
15 46 1 2
15 32 1 3
15 29 1 1
9 45 1 2
6 26 1 2
6 19 1 3
24 28 1 3
19 35 1 1
19 34 1 2
20 33 1 3
28 27 1 2
14 45 1 2
11 36 1 2
11 36 1 1
11 20 1 1
11 24 1 2
11 63 1 3
11 29 1 3
11 39 1 1
11 51 1 2
11 47 1 3
11 34 1 2
11 32 1 2
11 47 1 3
11 49 1 3
14 30 1 2
14 41 1 1
14 46 1 3
14 66 1 1
14 30 1 1
14 26 1 2
14 28 1 2
14 28 1 2
14 28 1 1
14 25 1 2
14 31 1 3
14 38 1 1
14 45 1 2
28 31 1 2
15 43 1 2
13 43 1 3
28 28 1 1
28 31 1 3
13 49 1 3
15 26 1 1
15 23 1 2
16 41 1 1
12 41 1 2
28 23 1 3
28 24 1 3
18 39 1 2
10 32 1 3
10 27 1 2
10 48 1 3
10 31 1 1
10 43 1 3
10 29 1 2
18 36 1 3
18 26 1 3
18 31 1 2
18 33 1 2
18 45 1 1
20 36 1 2
20 24 1 1
20 26 1 1
20 23 1 3
20 38 1 1
20 37 1 3
20 30 1 3
20 28 1 2
20 37 1 2
20 28 1 3
20 27 1 2
20 46 1 3
20 29 1 2
20 32 1 3
20 33 1 1
19 27 1 2
19 39 1 3
19 27 1 3
19 46 1 2
19 31 1 1
19 26 1 2
10 63 1 3
9 28 1 3
9 20 1 2
9 15 1 2
19 46 1 1
19 28 1 2
19 35 1 3
19 22 1 2
19 35 1 2
11 48 1 3
8 26 1 3
8 22 1 1
19 21 1 2
19 38 1 1
19 24 1 1
19 50 1 3
19 32 1 1
19 33 1 2
11 63 1 3
8 63 1 2
19 27 1 1
19 32 1 3
19 27 1 2
19 43 1 2
19 29 1 1
19 27 1 1
19 26 1 2
12 61 1 1
12 57 1 2
12 39 1 2
12 25 1 1
12 37 1 3
12 26 1 3
12 42 1 3
12 42 1 1
12 25 1 3
12 30 1 2
12 59 1 2
12 33 1 3
12 30 1 2
12 34 1 1
12 25 1 2
12 34 1 1
12 21 1 1
12 48 1 2
12 34 1 3
12 32 1 3
12 55 1 1
12 29 1 1
12 36 1 3
12 43 1 3
12 61 1 1
21 34 1 3
24 34 1 1
19 34 1 3
37 34 1 1
10 34 1 3
27 34 1 1
15 34 1 2
14 34 1 2
15 34 1 1
16 34 1 2
10 34 1 2
14 34 1 3
48 34 1 2
23 29 1 3
14 47 1 2
23 29 1 2
26 25 1 3
27 47 1 1
28 47 1 2
21 29 1 3
19 29 1 2
26 29 1 3
28 29 1 3
35 29 1 1
4 18 1 1
13 18 1 3
17 18 1 1
10 18 1 3
10 18 1 3
14 18 1 2
15 18 1 2
11 18 1 2
12 18 1 3
12 18 1 2
11 18 1 3
11 22 1 1
15 22 1 2
4 18 1 1
4 18 1 1
15 18 1 3
21 32 1 1
15 48 1 2
32 22 1 1
18 42 1 3
24 27 1 2
10 27 1 1
4 27 1 3
7 27 1 1
3 27 1 2
22 27 1 1
11 27 1 2
15 27 1 2
12 27 1 2
9 27 1 3
9 27 1 3
35 27 1 3
14 15 1 3
4 15 1 1
16 15 1 3
6 15 1 1
3 15 1 3
5 15 1 2
11 15 1 2
7 15 1 2
5 15 1 2
5 15 1 3
3 15 1 2
9 15 1 3
5 15 1 1
7 15 1 1
5 15 1 1
19 15 1 1
8 15 1 3
8 15 1 2
6 15 1 2
15 15 1 1
16 40 1 3
20 32 1 1
25 32 1 2
13 32 1 3
13 32 1 1
5 32 1 2
13 32 1 2
19 32 1 1
20 32 1 1
35 32 1 3
19 37 1 1
22 37 1 2
28 37 1 3
23 37 1 3
16 37 1 3
23 37 1 1
19 37 1 3
13 20 1 1
7 17 1 2
6 11 1 1
6 6 1 3
23 64 1 2
20 32 1 1
18 32 1 3
23 32 1 3
15 32 1 1
17 32 1 3
47 32 1 1
15 32 1 1
11 32 1 3
20 32 1 1
30 32 1 2
22 32 1 2
11 32 1 2
20 32 1 2
11 32 1 1
16 27 1 2
16 28 1 2
16 22 1 1
16 16 1 3
32 27 1 3
21 34 1 3
11 35 1 1
11 50 1 1
11 23 1 2
11 18 1 2
21 27 1 2
21 38 1 2
4 27 1 1
10 27 1 2
7 16 1 1
7 11 1 1
15 42 1 3
15 23 1 2
15 35 1 2
15 27 1 1
21 32 1 3
21 29 1 1
21 29 1 1
11 53 1 1
10 53 1 1
23 26 1 2
11 63 1 3
12 25 1 3
12 38 1 1
23 27 1 2
23 35 1 1
23 25 1 3
6 17 1 3
17 17 1 2
24 30 1 2
17 38 1 3
18 35 1 2
30 25 1 2
15 47 1 3
28 25 1 1
22 25 1 3
18 25 1 1
21 25 1 1
20 25 1 3
11 25 1 2
6 25 1 3
4 25 1 3
7 25 1 2
16 25 1 1
13 25 1 2
24 22 1 2
10 22 1 2
24 22 1 1
4 22 1 2
14 22 1 3
12 22 1 1
15 22 1 1
12 22 1 1
8 22 1 2
19 22 1 1
24 22 1 2
13 55 1 1
15 45 1 1
21 29 1 1
28 29 1 3
10 29 1 1
25 29 1 1
27 29 1 2
22 29 1 3
12 29 1 2
8 29 1 2
31 21 1 3
18 21 1 3
3 21 1 1
9 21 1 1
11 21 1 2
11 21 1 2
6 21 1 1
9 21 1 1
13 21 1 3
21 21 1 2
8 21 1 3
13 21 1 2
27 23 1 1
11 23 1 1
14 23 1 2
14 23 1 2
9 23 1 1
9 23 1 2
12 23 1 1
20 23 1 2
6 23 1 2
19 23 1 2
12 23 1 3
19 35 1 3
30 35 1 3
10 35 1 2
31 35 1 3
16 35 1 3
24 35 1 2
23 35 1 2
25 26 1 3
28 26 1 2
10 26 1 1
18 26 1 2
7 26 1 1
7 26 1 2
13 26 1 3
19 26 1 3
5 26 1 2
6 26 1 1
15 17 1 2
9 9 1 1
3 9 1 3
3 9 1 2
21 34 1 3
20 32 1 3
23 28 1 2
18 28 1 1
24 28 1 2
22 28 1 2
28 48 1 3
33 48 1 3
26 31 1 1
4 17 1 1
22 17 1 3
20 27 1 3
20 17 1 3
21 42 1 3
12 76 1 3
13 22 1 1
13 25 1 3
13 29 1 3
15 36 1 2
15 33 1 3
15 35 1 3
15 23 1 2
15 38 1 1
13 28 1 2
13 34 1 1
13 32 1 3
13 33 1 3
13 28 1 3
16 41 1 2
14 28 1 2
14 51 1 1
14 36 1 3
14 26 1 1
14 28 1 3
14 33 1 3
14 30 1 3
16 23 1 3
16 32 1 3
16 32 1 3
16 36 1 2
16 23 1 1
16 45 1 1
18 24 1 2
18 39 1 1
18 47 1 2
18 41 1 2
18 71 1 2
17 30 1 2
17 41 1 2
17 39 1 2
17 27 1 2
17 82 1 3
24 42 1 2
24 25 1 1
24 21 1 2
15 46 1 2
9 38 1 2
9 26 1 2
9 42 1 3
9 33 1 3
15 47 1 2
15 46 1 1
11 62 1 3
19 34 1 2
26 25 1 3
20 35 1 3
39 35 1 1
18 27 1 3
14 27 1 1
27 27 1 2
12 37 1 3
14 37 1 3
7 28 1 2
12 28 1 3
29 23 1 1
13 23 1 2
5 23 1 1
20 23 1 3
16 23 1 1
9 23 1 3
13 23 1 3
10 23 1 2
19 39 1 2
26 39 1 3
14 39 1 3
24 39 1 2
32 39 1 1
22 32 1 3
19 35 1 3
20 37 1 3
21 37 1 3
33 37 1 3
23 29 1 1
31 29 1 2
20 29 1 2
10 72 1 2
27 28 1 3
19 34 1 3
18 34 1 1
37 38 1 3
27 44 1 2
17 43 1 3
13 43 1 2
44 24 1 1
13 19 1 3
7 19 1 2
9 19 1 2
15 19 1 2
14 47 1 2
24 27 1 3
36 27 1 2
23 29 1 1
10 63 1 3
27 27 1 3
27 30 1 1
17 37 1 2
10 37 1 3
12 56 1 2
15 30 1 2
15 57 1 1
12 31 1 2
10 26 1 2
10 61 1 3
10 31 1 1
23 33 1 2
23 36 1 2
23 34 1 3
23 31 1 1
7 18 1 3
5 18 1 3
11 18 1 1
14 27 1 3
14 52 1 3
14 40 1 1
14 26 1 2
5 16 1 3
9 16 1 3
19 31 1 3
19 35 1 3
19 37 1 3
11 58 1 2
8 30 1 2
8 35 1 3
8 40 1 3
8 58 1 2
8 23 1 2
8 21 1 2
8 29 1 1
8 15 1 1
11 73 1 1
11 70 1 1
11 50 1 1
22 25 1 1
22 36 1 3
22 43 1 2
22 29 1 3
22 22 1 2
22 26 1 1
22 31 1 1
22 27 1 1
22 45 1 1
22 29 1 1
22 29 1 3
5 15 1 3
10 15 1 1
4 15 1 1
3 15 1 1
21 33 1 2
24 29 1 2
23 29 1 1
19 29 1 2
13 29 1 3
15 29 1 2
27 25 1 3
14 52 1 2
14 46 1 1
21 33 1 2
18 25 1 1
18 39 1 3
18 53 1 1
18 25 1 3
18 23 1 3
18 44 1 1
18 51 1 3
18 33 1 1
18 41 1 3
11 59 1 3
7 21 1 3
7 25 1 3
7 13 1 2
18 51 1 1
18 40 1 1
21 42 1 1
21 26 1 2
21 25 1 2
21 31 1 3
21 33 1 2
21 31 1 2
21 24 1 3
21 27 1 3
21 29 1 3
21 32 1 3
21 32 1 2
21 32 1 1
21 33 1 3
21 54 1 3
14 28 1 2
14 31 1 2
14 44 1 3
14 36 1 3
14 26 1 2
14 25 1 3
14 42 1 3
14 41 1 1
14 37 1 3
14 33 1 2
14 31 1 2
14 64 1 3
14 29 1 2
14 32 1 1
14 33 1 2
14 31 1 1
14 34 1 3
14 27 1 1
14 38 1 1
14 29 1 3
14 23 1 1
14 37 1 3
14 24 1 2
14 31 1 2
14 37 1 1
14 27 1 1
27 23 1 2
27 31 1 1
27 30 1 2
16 40 1 2
11 50 1 2
11 35 1 2
11 31 1 1
11 37 1 3
11 31 1 1
11 23 1 2
11 33 1 2
11 45 1 2
11 32 1 2
11 31 1 2
11 27 1 1
16 29 1 1
16 30 1 1
16 45 1 3
16 23 1 2
16 38 1 2
16 46 1 3
16 48 1 2
16 31 1 2
16 28 1 3
3 17 1 1
8 17 1 2
5 10 1 1
5 7 1 3
21 35 1 1
21 32 1 1
21 35 1 1
21 37 1 2
21 29 1 1
21 36 1 1
21 37 1 3
21 31 1 1
21 30 1 3
21 39 1 3
21 40 1 1
13 54 1 2
8 25 1 1
8 18 1 2
2 11 1 2
6 11 1 2
21 28 1 3
21 17 1 3
22 31 1 1
12 58 1 2
14 58 1 3
21 31 1 3
19 38 1 2
26 29 1 3
20 29 1 1
15 29 1 1
8 29 1 3
16 29 1 1
6 29 1 1
8 29 1 2
6 29 1 2
37 29 1 1
33 29 1 3
14 29 1 2
11 29 1 3
24 29 1 1
32 29 1 2
28 29 1 2
9 20 1 2
4 20 1 1
6 12 1 1
6 8 1 3
21 27 1 3
10 67 1 2
19 33 1 3
12 33 1 3
25 33 1 1
17 33 1 1
5 33 1 3
13 33 1 1
9 33 1 1
37 33 1 3
22 33 1 3
14 33 1 3
25 33 1 2
6 34 1 3
16 34 1 2
18 34 1 2
29 34 1 2
22 34 1 1
20 34 1 3
32 34 1 1
16 34 1 1
17 34 1 3
22 34 1 3
17 43 1 3
21 43 1 1
23 43 1 2
17 43 1 3
26 43 1 1
15 43 1 3
13 43 1 2
23 28 1 3
18 43 1 3
35 25 1 3
15 18 1 1
20 18 1 2
23 15 1 2
29 24 1 3
16 42 1 3
39 42 1 1
18 42 1 1
28 25 1 3
17 42 1 2
31 42 1 2
30 42 1 3
7 17 1 2
7 17 1 2
14 17 1 2
19 43 1 1
23 43 1 1
25 25 1 3
27 28 1 1
10 28 1 2
36 28 1 1
9 28 1 2
30 28 1 3
16 15 1 1
16 15 1 2
11 15 1 2
3 15 1 3
10 15 1 1
8 15 1 2
17 15 1 3
11 15 1 1
9 15 1 3
11 15 1 2
13 18 1 2
12 18 1 3
15 61 1 3
14 27 1 1
14 34 1 2
22 36 1 2
22 36 1 2
22 33 1 3
13 55 1 1
9 35 1 3
9 20 1 1
22 62 1 1
24 27 1 2
29 27 1 3
19 27 1 2
15 27 1 2
5 27 1 2
17 27 1 1
25 27 1 2
14 27 1 1
22 27 1 3
26 27 1 1
34 27 1 2
26 27 1 3
17 27 1 3
21 27 1 2
11 27 1 1
14 27 1 2
21 27 1 2
14 27 1 2
21 27 1 2
7 27 1 2
23 27 1 1
24 27 1 1
9 27 1 2
9 27 1 2
13 27 1 3
32 22 1 1
18 37 1 2
30 24 1 3
7 24 1 1
16 24 1 1
16 24 1 1
12 24 1 2
16 24 1 2
22 24 1 1
26 24 1 2
35 24 1 3
21 32 1 2
13 56 1 3
28 26 1 2
21 56 1 2
32 23 1 1
17 56 1 1
29 24 1 3
9 24 1 2
10 24 1 3
27 32 1 2
21 32 1 2
18 33 1 2
14 33 1 3
28 30 1 3
18 39 1 2
32 22 1 2
17 22 1 2
19 22 1 2
16 22 1 2
15 22 1 2
5 22 1 1
16 22 1 1
21 22 1 3
13 17 1 1
15 17 1 3
5 17 1 1
12 17 1 2
5 17 1 3
3 17 1 3
18 17 1 3
10 17 1 2
14 17 1 2
10 17 1 2
9 17 1 2
10 17 1 3
11 17 1 1
6 17 1 2
20 33 1 2
24 28 1 3
8 28 1 1
18 28 1 2
15 28 1 3
16 28 1 1
10 28 1 3
9 28 1 1
39 28 1 2
22 31 1 2
24 31 1 1
12 31 1 2
16 31 1 3
20 31 1 2
25 31 1 1
20 31 1 2
17 22 1 3
28 22 1 3
17 22 1 2
21 22 1 2
14 22 1 2
20 22 1 3
22 22 1 3
20 48 1 3
21 27 1 3
21 33 1 1
21 34 1 1
13 50 1 1
8 21 1 1
8 18 1 2
8 11 1 3
18 37 1 2
18 28 1 2
18 22 1 1
18 27 1 1
18 49 1 2
13 57 1 3
19 34 1 1
19 36 1 2
19 42 1 3
19 40 1 3
10 26 1 2
5 26 1 3
4 10 1 2
4 16 1 1
13 56 1 2
13 28 1 2
13 23 1 3
2 14 1 1
6 14 1 3
5 9 1 3
5 5 1 3
10 53 1 1
12 40 1 3
23 23 1 1
24 22 1 3
22 22 1 2
20 22 1 3
21 22 1 2
19 22 1 1
4 22 1 2
29 22 1 1
12 22 1 2
9 22 1 3
24 22 1 3
12 22 1 2
24 22 1 2
9 22 1 2
20 22 1 3
14 38 1 2
23 23 1 1
20 26 1 1
23 24 1 2
6 24 1 2
24 24 1 3
10 24 1 3
12 24 1 3
13 24 1 1
5 24 1 1
18 24 1 2
9 24 1 1
16 24 1 1
16 24 1 1
12 24 1 1
28 24 1 1
15 32 1 3
26 32 1 2
29 32 1 1
27 32 1 3
24 32 1 1
30 32 1 2
16 32 1 3
25 32 1 2
26 22 1 1
18 31 1 1
24 31 1 2
10 31 1 2
18 31 1 1
18 31 1 2
5 31 1 2
24 31 1 3
23 31 1 1
26 31 1 1
19 26 1 2
14 26 1 1
12 26 1 1
17 26 1 3
12 26 1 3
7 26 1 1
5 26 1 3
9 26 1 3
16 26 1 1
17 26 1 3
12 26 1 2
11 26 1 1
7 26 1 3
8 26 1 2
19 30 1 2
20 30 1 2
10 30 1 1
16 30 1 1
27 30 1 2
16 30 1 2
10 30 1 1
9 30 1 2
14 30 1 3
8 30 1 1
17 30 1 2
17 31 1 3
20 31 1 2
28 19 1 2
19 31 1 2
27 31 1 2
29 31 1 1
26 31 1 2
3 12 1 1
10 12 1 1
15 12 1 2
18 21 1 2
21 21 1 3
18 21 1 2
16 21 1 1
10 21 1 1
12 21 1 3
14 21 1 3
21 21 1 2
17 21 1 1
19 21 1 3
26 23 1 3
26 24 1 3
14 40 1 3
12 70 1 2
14 30 1 3
20 32 1 2
20 36 1 2
20 25 1 2
20 23 1 2
20 53 1 3
23 28 1 2
23 20 1 1
23 25 1 3
23 33 1 3
23 27 1 2
15 39 1 1
8 39 1 3
14 21 1 2
14 48 1 3
14 23 1 2
14 41 1 3
14 24 1 2
23 31 1 1
23 30 1 2
23 28 1 2
23 31 1 2
23 27 1 1
23 25 1 3
23 22 1 3
12 27 1 1
12 33 1 2
12 30 1 1
12 37 1 2
12 50 1 2
10 30 1 2
10 23 1 1
10 24 1 2
10 22 1 1
10 65 1 2
22 24 1 1
22 24 1 3
4 24 1 2
3 24 1 1
10 24 1 2
7 24 1 3
31 24 1 1
21 24 1 3
6 24 1 2
9 24 1 1
9 24 1 3
13 24 1 3
17 24 1 3
6 24 1 3
7 24 1 3
13 24 1 3
18 24 1 1
20 24 1 3
7 24 1 3
49 24 1 3
22 27 1 3
40 27 1 2
8 27 1 1
22 27 1 3
23 27 1 1
13 27 1 3
10 27 1 3
4 27 1 2
15 27 1 3
9 27 1 3
23 27 1 1
19 27 1 3
16 27 1 2
9 27 1 1
12 27 1 3
22 27 1 2
17 27 1 1
10 17 1 3
2 10 1 1
8 10 1 2
24 24 1 3
11 24 1 1
17 24 1 2
8 24 1 1
24 24 1 1
5 24 1 2
13 24 1 3
7 24 1 3
7 24 1 1
10 24 1 1
8 24 1 1
4 24 1 2
17 24 1 2
18 24 1 1
7 24 1 2
18 24 1 1
18 24 1 1
30 24 1 1
13 24 1 2
12 24 1 3
6 24 1 2
11 24 1 3
6 12 1 3
6 7 1 1
6 5 1 2
16 34 1 2
17 31 1 2
7 31 1 1
24 31 1 2
26 31 1 3
24 31 1 3
29 31 1 1
23 31 1 3
24 31 1 2
26 31 1 3
16 31 1 3
5 31 1 1
14 31 1 1
22 31 1 3
21 31 1 2
19 28 1 2
27 28 1 2
20 28 1 3
31 28 1 3
22 28 1 3
27 28 1 2
14 28 1 3
17 28 1 2
28 28 1 3
14 28 1 3
12 28 1 2
10 28 1 1
6 28 1 3
31 28 1 3
19 30 1 3
23 24 1 2
24 22 1 2
23 22 1 3
12 83 1 1
16 33 1 1
21 28 1 2
18 28 1 1
37 28 1 1
25 28 1 3
38 28 1 1
22 28 1 2
17 32 1 2
24 23 1 2
20 23 1 1
13 23 1 2
15 23 1 3
9 23 1 1
15 23 1 3
15 23 1 1
8 23 1 1
5 23 1 2
20 23 1 2
19 32 1 2
28 32 1 1
11 32 1 1
27 32 1 2
27 32 1 3
11 32 1 3
8 32 1 3
13 32 1 2
17 23 1 2
16 24 1 3
16 26 1 1
23 29 1 2
23 32 1 3
24 30 1 2
24 31 1 2
23 34 1 2
15 25 1 1
8 25 1 2
19 27 1 1
19 26 1 2
16 33 1 1
16 24 1 1
16 29 1 2
16 22 1 3
13 45 1 3
18 30 1 2
8 30 1 3
11 30 1 3
25 30 1 2
22 30 1 2
34 30 1 3
8 30 1 2
14 30 1 3
9 30 1 1
22 30 1 1
31 30 1 2
14 30 1 3
10 30 1 1
36 30 1 3
35 30 1 1
40 30 1 2
20 30 1 3
28 30 1 2
27 19 1 2
32 30 1 3
17 30 1 1
19 30 1 2
25 19 1 2
17 30 1 1
10 30 1 1
10 30 1 3
20 30 1 2
13 30 1 2
5 11 1 2
5 11 1 3
4 11 1 2
7 11 1 3
4 11 1 3
8 11 1 2
8 11 1 1
3 11 1 3
3 11 1 1
5 11 1 1
17 56 1 1
24 22 1 3
18 22 1 2
24 22 1 3
23 22 1 2
26 22 1 1
11 22 1 1
14 22 1 3
18 22 1 3
7 22 1 2
22 22 1 2
17 22 1 3
9 22 1 2
16 22 1 1
6 22 1 1
12 22 1 3
13 22 1 3
16 22 1 3
12 22 1 2
29 22 1 1
13 22 1 2
16 22 1 3
19 22 1 1
5 22 1 3
11 22 1 1
14 22 1 2
21 22 1 3
9 22 1 1
6 22 1 1
9 22 1 1
21 22 1 1
8 22 1 3
22 22 1 3
14 22 1 2
9 22 1 3
17 22 1 1
13 22 1 3
4 22 1 2
10 22 1 2
15 34 1 2
23 34 1 1
31 34 1 1
17 34 1 2
7 34 1 2
21 34 1 2
26 34 1 1
32 34 1 2
13 34 1 3
25 34 1 3
18 34 1 3
10 34 1 3
25 21 1 2
20 34 1 1
26 34 1 3
10 34 1 3
32 34 1 1
30 34 1 3
31 34 1 2
19 34 1 3
35 34 1 3
18 34 1 2
14 34 1 1
28 34 1 1
32 34 1 3
2 13 1 3
5 13 1 1
8 13 1 2
10 13 1 3
13 41 1 2
17 31 1 2
9 31 1 3
11 31 1 2
11 31 1 2
11 31 1 3
15 31 1 3
23 31 1 1
17 31 1 1
11 31 1 1
20 31 1 2
23 31 1 2
5 31 1 2
6 31 1 1
7 31 1 1
15 31 1 3
31 31 1 3
10 31 1 2
25 20 1 1
18 20 1 3
11 20 1 2
6 20 1 1
15 20 1 3
10 20 1 1
10 20 1 3
18 20 1 2
14 20 1 3
6 20 1 2
26 20 1 2
11 20 1 2
14 20 1 3
9 20 1 2
12 20 1 1
17 20 1 2
13 20 1 3
7 20 1 3
15 20 1 2
11 20 1 1
14 20 1 3
12 20 1 3
12 20 1 3
11 20 1 1
6 20 1 2
23 20 1 1
6 11 1 1
4 11 1 1
4 11 1 3
13 11 1 3
6 11 1 1
3 11 1 3
3 11 1 1
6 11 1 2
6 11 1 2
7 11 1 1
2 11 1 1
3 11 1 2
4 11 1 2
6 11 1 3
9 11 1 2
4 11 1 1
7 11 1 3
7 11 1 3
6 11 1 2
12 11 1 3
6 11 1 3
13 11 1 2
6 11 1 3
2 11 1 3
5 11 1 1
2 11 1 2
12 11 1 3
5 11 1 3
5 11 1 2
10 11 1 3
3 11 1 3
3 11 1 2
4 11 1 3
8 11 1 1
11 11 1 1
10 11 1 1
6 11 1 3
10 11 1 3
7 11 1 2
4 11 1 2
3 11 1 1
12 11 1 1
5 11 1 1
10 11 1 1
6 11 1 1
6 11 1 2
5 11 1 1
6 11 1 1
5 11 1 3
10 11 1 1
6 11 1 1
3 11 1 1
10 11 1 1
9 11 1 1
25 23 1 1
12 23 1 3
28 23 1 2
37 23 1 2
7 23 1 2
7 23 1 2
17 23 1 3
6 23 1 1
13 23 1 2
31 23 1 1
9 23 1 3
16 23 1 2
25 23 1 1
22 23 1 3
6 23 1 2
24 23 1 2
24 23 1 1
6 23 1 2
14 23 1 2
15 23 1 2
13 23 1 3
6 23 1 1
14 23 1 3
33 23 1 1
8 23 1 2
17 23 1 1
14 23 1 3
30 23 1 3
31 23 1 2
15 23 1 2
12 23 1 2
21 23 1 2
18 23 1 2
4 23 1 3
8 23 1 1
16 33 1 2
24 33 1 3
37 33 1 2
37 33 1 3
7 33 1 1
19 33 1 3
32 33 1 2
16 33 1 2
5 33 1 3
19 33 1 1
26 18 1 3
28 33 1 3
28 33 1 1
6 33 1 2
26 33 1 1
34 33 1 2
20 33 1 1
9 33 1 1
30 33 1 1
29 33 1 2
21 33 1 3
25 33 1 3
5 33 1 1
37 33 1 2
22 33 1 1
30 19 1 2
11 14 1 1
19 14 1 1
6 15 1 2
20 15 1 1
13 37 1 3
28 19 1 3
7 19 1 1
4 19 1 3
13 19 1 2
4 19 1 2
8 19 1 3
11 19 1 2
15 19 1 1
19 19 1 2
5 19 1 2
23 19 1 3
22 19 1 1
6 19 1 1
38 19 1 3
14 38 1 2
9 38 1 1
20 24 1 1
21 25 1 2
28 38 1 2
25 38 1 1
23 23 1 3
16 23 1 2
5 23 1 2
16 23 1 3
26 23 1 3
20 15 1 2
12 15 1 1
6 15 1 2
18 15 1 2
13 15 1 2
3 15 1 2
14 15 1 2
21 13 1 3
11 14 1 2
9 14 1 3
10 50 1 3
27 21 1 3
23 23 1 3
17 50 1 3
25 22 1 1
24 23 1 1
21 26 1 2
7 26 1 1
49 26 1 1
30 24 1 2
4 24 1 3
23 24 1 1
20 24 1 2
10 27 1 3
14 27 1 2
25 28 1 2
23 27 1 1
27 29 1 2
15 36 1 2
19 36 1 1
13 36 1 3
21 23 1 3
21 36 1 2
24 36 1 3
6 36 1 1
26 22 1 2
14 22 1 2
21 22 1 3
14 22 1 3
9 22 1 3
16 14 1 3
4 14 1 2
2 14 1 1
4 14 1 2
10 14 1 2
6 14 1 1
10 14 1 2
16 14 1 2
6 14 1 1
10 14 1 2
10 13 1 3
11 13 1 1
29 30 1 1
14 30 1 1
31 30 1 1
12 30 1 2
32 30 1 3
12 30 1 1
13 30 1 1
20 30 1 1
10 30 1 2
30 30 1 1
13 22 1 3
13 30 1 1
13 25 1 2
13 29 1 3
13 30 1 3
11 45 1 2
18 45 1 3
18 45 1 2
20 45 1 2
25 45 1 3
16 45 1 3
19 45 1 3
19 27 1 3
23 45 1 2
14 45 1 1
20 26 1 3
13 27 1 1
13 18 1 1
10 19 1 3
5 19 1 2
5 19 1 1
9 18 1 2
10 18 1 2
27 21 1 2
13 21 1 2
9 21 1 3
4 21 1 3
6 21 1 2
17 21 1 3
10 21 1 3
8 21 1 2
32 21 1 1
10 21 1 3
15 21 1 2
16 21 1 2
6 21 1 3
11 21 1 1
13 21 1 1
12 21 1 3
7 10 1 3
7 11 1 3
16 31 1 3
11 44 1 2
24 20 1 2
29 19 1 3
27 44 1 3
24 44 1 3
23 22 1 3
9 22 1 3
21 22 1 3
15 22 1 3
17 22 1 1
16 22 1 2
20 22 1 1
7 22 1 1
13 22 1 2
18 22 1 1
7 22 1 2
4 22 1 2
8 25 1 3
21 25 1 1
24 24 1 3
21 24 1 1
21 26 1 1
16 26 1 3
11 26 1 2
22 26 1 1
13 26 1 3
7 26 1 3
15 26 1 1
16 26 1 2
14 26 1 3
26 26 1 2
8 26 1 1
10 26 1 1
31 37 1 2
26 37 1 2
6 37 1 2
4 37 1 3
20 37 1 2
22 22 1 1
9 22 1 2
18 22 1 2
10 22 1 2
6 22 1 1
15 22 1 1
12 22 1 1
8 15 1 2
13 15 1 2
14 15 1 1
3 15 1 2
7 15 1 3
16 15 1 1
14 15 1 3
8 15 1 2
9 15 1 3
21 39 1 3
16 31 1 1
16 45 1 1
19 26 1 1
19 27 1 1
13 44 1 1
19 27 1 3
19 28 1 2
20 28 1 3
14 28 1 1
4 28 1 1
38 28 1 3
13 28 1 1
13 28 1 2
27 28 1 3
10 28 1 1
15 28 1 3
11 28 1 3
14 28 1 2
6 28 1 2
22 28 1 2
18 28 1 3
11 28 1 2
13 28 1 2
4 28 1 2
14 28 1 2
11 28 1 1
19 28 1 2
14 28 1 3
32 28 1 1
26 22 1 1
11 49 1 1
15 35 1 1
14 35 1 3
26 22 1 1
15 22 1 2
6 22 1 1
5 22 1 3
15 22 1 2
15 22 1 1
9 22 1 3
24 22 1 1
16 22 1 3
5 22 1 1
15 22 1 3
7 22 1 3
7 22 1 1
17 22 1 3
10 22 1 2
15 22 1 2
15 22 1 1
12 22 1 3
8 22 1 1
24 22 1 1
13 22 1 3
8 22 1 1
5 22 1 3
4 12 1 3
4 6 1 1
1 4 1 1
3 4 1 1
3 13 1 2
13 13 1 2
9 13 1 3
7 13 1 2
13 13 1 2
3 13 1 2
8 13 1 2
9 13 1 3
9 13 1 3
10 13 1 2
7 13 1 2
4 13 1 1
8 13 1 1
8 13 1 2
18 13 1 3
14 13 1 2
10 13 1 3
13 13 1 2
2 13 1 1
7 13 1 1
6 13 1 1
14 13 1 3
6 13 1 3
5 13 1 3
2 13 1 3
13 13 1 2
10 13 1 1
10 13 1 2
5 13 1 2
3 13 1 3
7 13 1 3
9 13 1 2
8 13 1 3
10 13 1 1
13 13 1 1
13 45 1 3
14 45 1 1
14 45 1 1
22 24 1 2
27 24 1 2
23 24 1 3
7 24 1 1
13 24 1 3
5 24 1 3
15 24 1 2
22 24 1 2
15 24 1 3
29 24 1 1
16 24 1 3
28 24 1 2
24 24 1 2
6 24 1 1
11 24 1 1
21 24 1 3
18 21 1 2
25 21 1 1
28 21 1 2
28 21 1 3
18 21 1 3
9 21 1 2
8 21 1 2
8 21 1 2
12 21 1 3
6 21 1 3
23 21 1 3
9 21 1 2
11 21 1 2
13 21 1 3
24 21 1 2
5 21 1 2
8 21 1 1
8 21 1 1
4 21 1 1
12 21 1 1
7 21 1 2
11 31 1 2
26 25 1 3
15 33 1 1
11 33 1 3
19 32 1 3
19 49 1 3
13 35 1 2
13 29 1 3
19 22 1 1
19 34 1 2
19 25 1 2
19 26 1 2
19 29 1 3
19 27 1 2
18 28 1 1
19 30 1 2
20 28 1 1
10 50 1 2
13 38 1 1
20 25 1 1
13 40 1 3
18 30 1 2
20 26 1 2
11 26 1 1
21 26 1 2
15 26 1 1
22 26 1 1
5 26 1 1
24 26 1 1
17 26 1 2
22 26 1 1
10 26 1 1
26 26 1 1
7 26 1 1
27 26 1 1
16 26 1 3
11 26 1 1
9 26 1 2
38 26 1 3
20 25 1 1
29 25 1 3
24 25 1 1
8 25 1 1
25 25 1 1
40 25 1 2
27 25 1 2
22 25 1 2
8 25 1 2
30 25 1 1
9 25 1 2
23 25 1 2
6 25 1 1
6 25 1 3
12 25 1 3
6 25 1 1
6 25 1 1
15 34 1 3
11 34 1 1
25 34 1 2
25 34 1 3
28 34 1 1
16 34 1 2
32 34 1 1
30 34 1 1
15 34 1 1
29 34 1 3
27 20 1 1
11 20 1 1
22 20 1 1
8 20 1 3
7 20 1 2
13 14 1 2
12 14 1 3
18 14 1 2
5 14 1 3
2 14 1 1
12 14 1 1
13 14 1 2
13 24 1 3
13 24 1 2
10 24 1 2
20 24 1 1
8 24 1 2
21 24 1 1
12 24 1 3
23 24 1 2
7 24 1 3
7 24 1 1
14 24 1 3
7 24 1 3
15 24 1 3
18 24 1 3
24 24 1 1
4 24 1 3
7 24 1 2
8 24 1 2
11 24 1 1
6 24 1 2
19 24 1 1
8 24 1 1
26 24 1 1
18 27 1 3
18 30 1 1
18 22 1 1
13 38 1 2
8 31 1 1
5 31 1 3
20 30 1 3
20 22 1 3
20 32 1 2
13 28 1 2
13 18 1 2
13 25 1 1
10 33 1 3
10 26 1 3
20 34 1 1
13 47 1 2
7 24 1 1
7 23 1 3
12 50 1 2
7 17 1 1
7 33 1 3
19 29 1 1
18 81 1 2
17 28 0 1
10 28 0 3
21 28 0 1
41 28 0 3
10 28 0 1
5 28 0 2
7 28 0 1
35 28 0 2
15 28 0 3
11 28 0 1
25 28 0 1
17 28 0 1
16 34 0 2
16 34 0 1
30 34 0 1
24 20 0 1
24 34 0 3
9 34 0 1
8 34 0 3
28 34 0 2
10 34 0 3
31 34 0 2
18 22 0 2
6 12 0 1
12 12 0 3
24 14 0 3
20 25 0 1
38 25 0 1
16 25 0 3
9 25 0 3
20 25 0 3
22 25 0 3
9 25 0 1
16 25 0 3
23 25 0 2
24 25 0 1
17 25 0 3
16 31 0 2
18 30 0 3
31 30 0 3
23 30 0 3
22 30 0 2
37 30 0 1
26 19 0 1
7 19 0 1
13 19 0 1
7 19 0 1
14 19 0 2
12 11 0 2
6 11 0 3
3 11 0 1
15 11 0 2
6 11 0 1
5 11 0 3
13 11 0 2
3 11 0 1
4 7 0 2
4 4 0 2
12 44 0 1
21 24 0 1
15 44 0 3
19 44 0 2
18 25 0 1
13 25 0 2
18 25 0 3
16 25 0 2
17 25 0 2
15 25 0 2
7 25 0 3
13 25 0 1
14 25 0 2
14 19 0 3
6 19 0 2
10 19 0 3
6 19 0 2
10 19 0 2
15 19 0 1
9 19 0 2
18 19 0 1
6 19 0 2
6 19 0 1
12 19 0 1
10 19 0 2
9 19 0 1
9 20 0 2
12 20 0 2
14 38 0 2
22 22 0 1
20 26 0 3
18 29 0 2
18 30 0 2
18 28 0 3
13 60 0 1
21 23 0 3
21 24 0 2
18 27 0 3
15 28 0 3
15 32 0 2
18 33 0 1
6 36 0 1
15 36 0 3
21 37 0 3
18 32 0 1
18 30 0 3
18 31 0 2
20 34 0 2
10 38 0 3
12 24 0 2
12 14 0 3
14 22 0 2
16 22 0 3
16 33 0 1
16 28 0 3
10 20 0 3
6 10 0 1
6 10 0 2
23 23 0 1
10 23 0 1
20 23 0 1
14 23 0 1
30 23 0 2
17 23 0 2
22 23 0 1
4 23 0 1
6 23 0 2
5 23 0 3
13 23 0 2
8 23 0 1
5 23 0 2
20 23 0 2
17 23 0 1
13 38 0 3
15 33 0 3
20 23 0 2
12 23 0 1
17 23 0 3
17 23 0 2
6 23 0 2
22 23 0 3
9 23 0 1
4 23 0 1
6 23 0 1
23 23 0 2
22 23 0 2
9 23 0 3
19 23 0 3
14 37 0 1
19 37 0 1
16 37 0 3
11 37 0 1
27 20 0 3
21 24 0 1
21 22 0 3
27 37 0 2
15 37 0 3
5 37 0 2
10 37 0 1
5 15 0 2
16 15 0 2
7 13 0 3
14 13 0 1
12 17 0 1
8 17 0 3
7 17 0 3
18 29 0 3
16 30 0 3
17 28 0 3
6 28 0 1
37 28 0 2
13 28 0 2
8 28 0 2
15 28 0 2
25 28 0 1
6 28 0 1
8 28 0 2
17 18 0 1
3 10 0 1
5 10 0 2
3 10 0 3
6 10 0 2
10 54 0 2
15 54 0 2
14 35 0 3
25 35 0 2
22 21 0 2
24 35 0 1
10 35 0 1
10 35 0 1
22 35 0 3
4 14 0 1
18 14 0 1
7 19 0 2
13 19 0 1
16 19 0 2
15 19 0 1
21 19 0 2
29 19 0 3
17 19 0 2
9 19 0 2
20 24 0 3
12 56 0 2
18 28 0 2
4 28 0 3
16 28 0 1
25 28 0 1
5 28 0 1
12 28 0 1
20 28 0 3
11 28 0 2
9 28 0 2
15 28 0 3
10 28 0 1
20 28 0 1
16 28 0 3
6 28 0 2
5 28 0 1
13 28 0 2
13 28 0 1
9 28 0 2
13 28 0 3
20 32 0 1
16 27 0 1
16 40 0 1
16 41 0 3
18 28 0 3
18 26 0 2
18 19 0 2
8 36 0 2
10 36 0 1
15 25 0 1
15 25 0 1
15 22 0 2
15 35 0 3
15 20 0 2
15 38 0 1
13 22 0 1
13 29 0 3
13 35 0 2
13 34 0 3
13 40 0 2
15 34 0 1
23 22 0 1
10 22 0 1
7 22 0 1
4 22 0 1
25 22 0 1
6 22 0 3
6 22 0 2
23 22 0 3
15 22 0 2
11 22 0 2
9 22 0 2
34 22 0 2
11 22 0 1
9 22 0 1
14 22 0 1
6 22 0 3
11 22 0 1
15 22 0 1
16 22 0 2
13 22 0 3
7 22 0 1
20 22 0 2
5 22 0 3
8 22 0 1
23 22 0 2
20 22 0 1
5 22 0 2
10 22 0 1
14 22 0 3
17 22 0 3
16 22 0 1
16 62 0 3
11 62 0 3
13 38 0 1
13 37 0 1
14 34 0 3
13 36 0 2
14 36 0 3
22 22 0 1
17 22 0 3
31 22 0 2
12 22 0 3
11 22 0 3
12 22 0 3
22 22 0 2
17 22 0 2
13 22 0 2
10 22 0 2
13 22 0 2
18 22 0 1
30 22 0 2
14 22 0 3
8 22 0 3
18 22 0 2
15 22 0 1
7 22 0 3
8 22 0 1
10 22 0 1
11 22 0 3
24 14 0 2
14 14 0 1
18 14 0 2
7 14 0 1
8 14 0 3
8 14 0 2
5 14 0 1
8 14 0 2
9 14 0 3
9 14 0 1
7 14 0 1
10 14 0 2
14 14 0 2
11 14 0 3
6 14 0 2
5 14 0 2
11 14 0 2
4 14 0 2
5 14 0 2
9 14 0 2
2 14 0 1
7 14 0 1
8 14 0 2
6 14 0 1
6 14 0 2
7 14 0 3
4 14 0 1
6 14 0 2
12 14 0 2
7 14 0 2
4 14 0 3
12 14 0 3
16 14 0 3
19 14 0 2
5 14 0 3
6 14 0 2
34 26 0 2
11 26 0 1
15 26 0 1
12 26 0 1
5 26 0 2
20 26 0 1
10 26 0 1
10 26 0 2
23 26 0 2
40 26 0 3
20 26 0 1
20 26 0 1
21 26 0 3
12 26 0 2
8 26 0 3
15 26 0 2
19 26 0 2
16 26 0 3
12 26 0 1
23 26 0 3
14 28 0 3
13 25 0 2
13 24 0 3
15 23 0 3
15 27 0 3
11 46 0 2
21 24 0 1
4 24 0 1
21 24 0 3
12 24 0 1
24 24 0 2
25 24 0 2
12 24 0 3
20 24 0 3
31 24 0 3
13 24 0 2
13 24 0 2
21 24 0 3
17 24 0 1
23 24 0 1
17 24 0 1
11 24 0 3
11 24 0 1
22 24 0 3
20 24 0 2
23 24 0 1
9 24 0 3
19 24 0 3
8 24 0 3
20 24 0 3
17 28 0 2
16 31 0 1
20 23 0 2
11 23 0 1
12 23 0 2
3 23 0 1
6 23 0 3
20 23 0 1
20 23 0 2
13 23 0 3
9 23 0 1
14 23 0 3
8 23 0 2
17 23 0 2
16 23 0 2
4 23 0 1
27 23 0 2
12 23 0 1
15 23 0 1
10 23 0 2
9 23 0 1
9 23 0 2
25 23 0 2
12 23 0 3
21 23 0 2
16 23 0 2
12 23 0 2
14 23 0 3
29 23 0 3
14 38 0 3
12 38 0 2
12 38 0 3
20 38 0 1
8 38 0 2
19 38 0 1
27 38 0 2
20 25 0 2
19 24 0 3
23 38 0 2
15 38 0 2
23 38 0 1
10 38 0 3
8 38 0 2
25 38 0 3
24 38 0 1
20 24 0 2
27 38 0 1
22 38 0 3
20 25 0 1
16 25 0 1
6 13 0 2
13 13 0 3
6 13 0 2
11 13 0 3
7 14 0 1
7 14 0 1
6 14 0 1
10 14 0 2
9 14 0 1
20 13 0 1
16 30 0 1
17 21 0 2
11 12 0 1
6 12 0 1
11 39 0 1
22 23 0 3
19 28 0 1
18 28 0 2
10 28 0 1
22 28 0 2
32 28 0 2
15 28 0 1
25 28 0 1
10 28 0 2
13 28 0 3
12 28 0 2
17 28 0 1
33 28 0 3
18 28 0 3
15 33 0 1
18 30 0 2
15 30 0 2
14 30 0 2
8 30 0 2
10 30 0 1
25 30 0 2
20 30 0 3
26 30 0 2
28 19 0 2
7 19 0 2
13 19 0 2
13 19 0 2
4 19 0 3
14 19 0 1
14 19 0 1
4 11 0 2
4 11 0 2
7 11 0 2
14 11 0 1
14 11 0 1
15 11 0 1
6 11 0 2
3 11 0 3
3 11 0 1
9 11 0 3
7 11 0 3
7 11 0 2
14 35 0 3
25 21 0 3
7 21 0 3
8 21 0 3
11 21 0 3
14 21 0 3
17 21 0 3
8 21 0 1
14 21 0 2
11 21 0 3
18 21 0 2
3 21 0 3
14 21 0 3
22 21 0 1
18 21 0 1
12 21 0 2
13 21 0 1
16 33 0 3
22 22 0 2
17 28 0 3
14 33 0 1
17 31 0 1
11 31 0 2
30 18 0 2
7 31 0 1
22 31 0 3
22 31 0 1
4 31 0 3
33 31 0 2
12 13 0 2
18 13 0 1
19 26 0 3
27 26 0 2
29 26 0 3
27 26 0 1
44 26 0 1
20 33 0 2
13 33 0 2
26 19 0 2
9 19 0 3
31 19 0 3
9 19 0 2
10 19 0 1
4 19 0 3
14 19 0 3
10 19 0 1
10 14 0 2
11 14 0 3
8 14 0 1
15 14 0 3
4 14 0 3
3 14 0 1
11 14 0 1
11 14 0 1
18 14 0 3
9 14 0 1
13 14 0 2
14 29 0 1
14 28 0 2
17 20 0 2
17 22 0 1
5 20 0 2
12 20 0 3
14 35 0 3
8 29 0 3
8 17 0 1
8 22 0 1
14 17 0 2
8 16 0 2
6 16 0 3
16 19 0 2
16 19 0 1
16 19 0 2
14 37 0 1
14 39 0 2
15 43 0 2
15 31 0 1
15 34 0 3
22 21 0 2
9 53 0 3
13 43 0 1
13 22 0 3
13 26 0 1
13 34 0 1
9 30 0 3
9 42 0 3
20 24 0 3
18 24 0 3
22 24 0 2
6 24 0 3
28 24 0 1
14 24 0 1
12 24 0 1
11 24 0 2
18 24 0 1
16 24 0 3
15 24 0 1
25 24 0 2
25 24 0 1
4 24 0 3
15 24 0 2
17 24 0 1
15 31 0 2
28 31 0 1
24 31 0 3
23 31 0 2
26 20 0 1
20 31 0 1
11 31 0 2
17 31 0 1
32 31 0 2
11 31 0 1
9 31 0 3
14 31 0 2
11 31 0 2
8 31 0 2
17 31 0 3
9 11 0 3
3 11 0 1
7 11 0 1
7 11 0 3
17 31 0 3
24 31 0 1
27 31 0 2
26 31 0 1
10 31 0 2
20 31 0 2
12 31 0 1
29 31 0 1
5 31 0 3
20 31 0 2
16 31 0 2
23 31 0 3
14 31 0 2
23 31 0 1
15 33 0 2
23 33 0 1
14 33 0 3
18 33 0 1
33 33 0 3
13 33 0 3
20 33 0 2
9 33 0 3
24 19 0 3
21 33 0 1
18 33 0 2
33 33 0 2
25 33 0 2
5 14 0 1
19 14 0 2
20 27 0 3
10 27 0 3
11 27 0 1
31 27 0 1
19 27 0 2
16 27 0 3
14 27 0 2
13 27 0 3
15 27 0 2
8 27 0 1
6 27 0 1
16 27 0 2
17 27 0 1
9 27 0 1
35 27 0 2
12 27 0 2
6 27 0 3
8 17 0 1
8 10 0 1
7 23 0 2
28 23 0 2
7 23 0 3
18 23 0 3
18 23 0 2
13 23 0 2
9 23 0 3
20 23 0 3
13 23 0 3
16 23 0 1
30 23 0 1
11 23 0 3
6 23 0 2
8 23 0 3
6 23 0 3
10 23 0 1
21 23 0 2
15 23 0 3
10 14 0 1
4 9 0 3
6 9 0 1
26 21 0 2
26 21 0 1
16 30 0 1
16 30 0 3
20 30 0 1
18 30 0 3
34 30 0 1
15 30 0 1
33 30 0 2
15 30 0 1
10 30 0 1
11 30 0 3
10 30 0 3
14 30 0 2
25 30 0 2
13 30 0 2
26 30 0 2
31 30 0 1
14 30 0 1
23 30 0 2
15 30 0 1
21 30 0 1
25 30 0 3
36 30 0 2
20 30 0 3
19 30 0 2
15 31 0 1
18 31 0 1
4 31 0 3
19 31 0 1
24 31 0 1
28 31 0 1
34 31 0 3
10 31 0 1
29 31 0 1
24 31 0 2
16 31 0 1
8 31 0 2
19 31 0 3
39 31 0 1
28 17 0 3
16 31 0 2
13 31 0 2
24 20 0 2
8 31 0 1
8 31 0 2
14 31 0 3
5 31 0 1
16 31 0 1
28 31 0 2
33 19 0 2
11 12 0 3
8 12 0 2
14 12 0 1
5 11 0 2
8 11 0 3
11 11 0 2
13 14 0 1
15 14 0 2
18 28 0 3
17 28 0 1
29 28 0 3
4 28 0 1
12 28 0 2
25 28 0 3
28 28 0 2
37 28 0 2
8 28 0 3
20 28 0 2
13 28 0 1
17 28 0 3
10 28 0 1
16 28 0 1
21 28 0 2
29 28 0 3
6 28 0 3
19 28 0 1
21 28 0 1
8 28 0 1
4 28 0 2
15 28 0 1
9 28 0 2
18 28 0 2
22 28 0 1
10 28 0 3
27 28 0 3
17 28 0 2
21 21 0 1
12 21 0 2
7 21 0 1
22 21 0 3
18 21 0 1
16 21 0 3
7 21 0 2
17 21 0 2
5 21 0 3
11 21 0 1
18 21 0 1
9 21 0 3
7 21 0 2
8 21 0 3
12 21 0 1
17 21 0 1
6 21 0 1
13 21 0 2
16 21 0 3
8 21 0 2
26 21 0 3
4 21 0 1
17 21 0 3
17 21 0 2
11 21 0 3
4 21 0 2
6 21 0 3
5 21 0 3
7 21 0 1
18 21 0 1
17 21 0 1
16 21 0 2
9 21 0 3
10 21 0 1
13 21 0 3
13 21 0 2
8 21 0 2
18 21 0 3
5 21 0 1
6 10 0 1
3 11 0 3
3 6 0 1
3 5 0 1
15 30 0 3
11 30 0 3
26 23 0 2
26 23 0 2
4 13 0 1
9 13 0 2
13 13 0 1
26 25 0 2
16 64 0 1
10 39 0 1
10 25 0 2
12 45 0 1
20 45 0 1
19 27 0 1
17 27 0 2
15 27 0 2
14 27 0 2
16 27 0 3
16 27 0 3
14 27 0 2
23 27 0 1
12 27 0 3
20 27 0 3
19 27 0 2
12 27 0 2
21 27 0 1
21 27 0 1
11 27 0 3
31 27 0 2
12 27 0 1
21 27 0 2
26 27 0 3
20 27 0 1
24 27 0 2
10 27 0 2
13 27 0 1
9 27 0 1
14 27 0 3
35 27 0 1
35 27 0 2
8 18 0 3
9 18 0 2
6 18 0 2
21 18 0 1
13 18 0 2
4 18 0 1
7 18 0 1
11 18 0 3
8 18 0 3
5 18 0 1
4 18 0 1
10 18 0 1
20 18 0 2
10 18 0 2
11 18 0 2
7 18 0 2
11 18 0 3
15 18 0 2
6 18 0 2
7 18 0 2
12 18 0 1
6 18 0 2
4 18 0 1
4 18 0 2
18 18 0 1
13 18 0 1
17 18 0 1
22 18 0 2
9 18 0 1
11 18 0 2
4 18 0 3
12 18 0 3
15 18 0 3
10 18 0 1
6 18 0 1
9 18 0 1
15 18 0 1
5 18 0 3
11 18 0 2
9 18 0 2
10 18 0 3
6 18 0 2
10 18 0 1
15 18 0 2
5 18 0 2
22 18 0 3
16 18 0 2
5 18 0 1
6 18 0 2
12 39 0 3
19 39 0 2
23 21 0 2
20 25 0 1
22 24 0 3
25 24 0 3
4 24 0 3
21 24 0 1
20 24 0 3
10 24 0 3
6 24 0 2
20 24 0 1
16 24 0 3
27 24 0 1
13 24 0 1
12 24 0 3
20 24 0 1
6 24 0 2
13 24 0 2
16 24 0 3
8 24 0 3
21 24 0 1
23 24 0 2
21 24 0 2
10 24 0 2
24 24 0 3
7 24 0 3
31 24 0 2
18 24 0 3
11 24 0 3
16 24 0 2
17 24 0 3
24 15 0 2
4 15 0 1
8 15 0 3
13 15 0 1
11 15 0 2
12 15 0 3
24 15 0 2
8 15 0 3
7 15 0 2
14 15 0 3
6 15 0 2
10 15 0 1
3 15 0 1
8 15 0 2
10 15 0 1
9 15 0 3
6 15 0 1
3 15 0 2
4 15 0 1
16 15 0 1
15 15 0 1
16 15 0 1
15 15 0 2
9 15 0 3
13 15 0 1
9 15 0 3
4 15 0 1
18 15 0 2
15 15 0 3
8 15 0 2
22 15 0 2
9 15 0 3
10 15 0 3
13 15 0 2
14 15 0 3
14 15 0 3
11 15 0 2
16 15 0 1
11 15 0 3
16 15 0 2
11 14 0 1
3 14 0 1
6 9 0 2
2 5 0 3
4 5 0 2
9 18 0 1
14 18 0 2
16 27 0 1
20 27 0 3
15 27 0 1
26 27 0 2
37 27 0 2
25 27 0 2
19 27 0 1
15 27 0 2
4 27 0 3
24 27 0 2
18 27 0 3
18 27 0 3
29 27 0 3
33 27 0 3
9 27 0 3
9 27 0 2
18 27 0 1
12 27 0 1
32 27 0 1
19 27 0 1
33 27 0 3
19 27 0 1
5 27 0 1
36 27 0 2
14 27 0 2
27 27 0 2
