600 400 8
5
600 510 4
400 290 3
310 290 2
340 290 1
240 580 0.5
399
103 145 4 2
144 98 4 2
108 140 4 2
140 105 4 2
105 116 4 2
34 29 4 1
41 29 4 2
30 29 4 2
60 40 4 1
30 40 4 1
44 40 4 2
6 15 4 3
6 9 4 2
6 12 4 1
6 4 4 2
3 5 4 3
9 5 4 3
7 5 4 1
4 5 4 3
6 5 4 1
5 5 4 2
4 5 4 1
8 5 4 2
10 5 4 2
9 5 4 2
4 5 4 2
3 5 4 2
3 5 4 2
10 5 4 2
8 5 4 2
4 5 4 1
4 5 4 2
3 5 4 1
4 5 4 1
51 47 4 4
36 47 4 2
28 47 4 2
29 28 4 2
29 19 4 4
136 107 4 3
102 148 4 2
169 86 4 2
157 96 4 2
36 72 4 2
25 24 4 2
11 12 4 2
11 12 4 1
38 52 4 2
56 52 4 1
83 52 4 2
16 22 4 2
16 20 4 2
16 10 4 2
48 62 4 3
32 62 4 2
62 62 4 3
27 34 4 2
27 22 4 3
4 6 4 2
4 6 4 1
11 6 4 3
8 6 4 3
158 81 4 2
97 157 4 3
135 110 4 3
74 70 4 3
40 40 4 1
34 40 4 2
167 85 4 2
42 51 4 3
42 34 4 2
44 22 4 1
28 22 4 3
29 22 4 2
39 22 4 2
31 22 4 3
31 22 4 3
7 10 4 2
7 12 4 1
55 60 4 2
42 39 4 3
26 21 4 3
16 15 4 2
8 6 4 3
4 6 4 2
4 6 4 2
91 136 4 2
67 74 4 4
67 62 4 2
120 124 4 2
16 46 4 2
16 43 4 1
16 39 4 1
16 55 4 2
16 38 4 2
16 23 4 1
16 14 4 2
120 92 4 2
42 42 4 2
33 42 4 1
45 42 4 3
90 58 3 2
60 58 3 2
63 58 3 2
81 58 3 2
48 58 3 3
35 58 3 2
23 26 3 2
23 32 3 2
92 57 3 2
109 57 3 1
87 57 3 3
102 57 3 2
10 19 3 3
10 15 3 3
10 12 3 4
10 11 3 3
74 77 3 2
69 77 3 2
96 58 3 3
86 58 3 2
63 58 3 3
12 24 3 2
12 16 3 2
12 18 3 3
12 19 3 3
22 19 3 3
31 19 3 1
11 19 3 1
22 19 3 2
13 19 3 2
22 19 3 2
21 19 3 2
28 19 3 1
35 19 3 1
29 19 3 2
11 13 3 1
11 6 3 2
95 52 3 2
76 52 3 2
54 52 3 2
85 52 3 2
60 52 3 1
30 29 3 2
23 23 3 2
7 17 3 1
7 6 3 3
55 46 3 3
77 46 3 3
68 46 3 2
71 46 3 2
71 46 3 2
58 38 3 4
5 8 3 2
12 8 3 2
10 8 3 2
14 8 3 2
11 8 3 2
6 8 3 3
74 61 2 2
54 80 2 2
42 80 2 1
58 73 2 3
51 80 2 3
31 60 2 2
11 20 2 3
20 16 2 2
5 4 2 1
8 4 2 2
7 4 2 4
4 7 2 2
5 7 2 2
13 7 2 1
14 7 2 3
11 7 2 2
11 7 2 2
71 59 2 2
77 56 2 1
88 48 2 3
5 8 2 2
5 8 2 1
5 8 2 1
5 8 2 2
15 8 2 2
12 8 2 1
13 8 2 2
15 8 2 2
13 8 2 3
63 69 2 2
84 50 2 2
18 30 2 2
18 19 2 1
18 15 2 2
6 5 2 2
6 5 2 3
6 5 2 1
16 19 2 2
10 19 2 2
17 19 2 2
11 19 2 3
20 19 2 2
10 10 2 2
5 9 2 2
5 9 2 2
70 60 2 2
84 50 2 3
11 28 2 1
11 22 2 3
43 35 2 2
52 31 2 3
5 4 2 3
2 4 2 2
8 4 2 2
5 4 2 2
7 4 2 2
3 4 2 4
6 4 2 2
2 4 2 3
7 4 2 3
7 4 2 3
37 25 2 1
33 25 2 3
71 49 2 2
71 61 2 2
63 41 2 3
8 13 2 2
8 16 2 2
8 7 2 2
8 5 2 3
74 49 2 2
63 58 2 2
11 48 2 2
11 31 2 1
11 30 2 2
11 20 2 4
11 29 2 2
11 14 2 3
11 8 2 2
63 47 2 2
63 54 2 2
11 21 2 2
16 21 2 2
36 21 2 2
51 96 1 3
98 49 1 2
76 64 1 2
92 52 1 3
23 46 1 2
10 6 1 2
13 6 1 2
24 12 1 3
16 12 1 2
19 12 1 3
6 12 1 1
22 12 1 3
15 12 1 2
13 12 1 2
44 32 1 2
22 32 1 1
25 32 1 2
59 32 1 2
30 32 1 2
11 16 1 2
11 9 1 1
11 7 1 2
58 47 1 3
31 47 1 1
9 18 1 2
9 19 1 2
9 10 1 2
85 58 1 1
55 82 1 2
92 54 1 2
86 54 1 2
22 41 1 1
7 13 1 2
15 13 1 2
54 28 1 2
52 28 1 1
34 28 1 4
45 28 1 1
15 28 1 2
64 67 1 4
58 67 1 1
36 67 1 2
80 61 1 3
17 28 1 3
17 21 1 2
11 12 1 1
6 8 1 1
6 4 1 3
4 6 1 3
8 6 1 2
4 6 1 3
10 6 1 1
11 6 1 2
11 6 1 2
8 6 1 2
8 6 1 2
11 6 1 3
4 6 1 1
8 6 1 2
4 6 1 2
6 6 1 1
58 45 1 2
58 45 1 2
44 45 1 2
39 45 1 4
56 40 1 2
7 5 1 1
7 5 1 1
8 5 1 1
5 5 1 2
9 5 1 2
9 5 1 2
11 5 1 1
85 56 1 3
62 74 1 3
23 40 1 2
23 23 1 2
15 17 1 1
8 17 1 3
8 6 1 1
10 6 1 1
5 6 1 3
9 6 1 3
7 6 1 4
11 6 1 2
7 6 1 2
5 6 1 2
92 72 0 3
107 65 0 3
41 54 0 3
17 11 0 2
15 11 0 2
9 11 0 2
9 7 0 3
6 7 0 2
14 7 0 2
7 7 0 1
4 7 0 2
7 7 0 3
9 7 0 2
12 7 0 4
6 7 0 2
13 7 0 2
8 7 0 2
5 7 0 2
4 7 0 2
6 7 0 1
10 7 0 2
11 7 0 2
5 7 0 3
12 7 0 2
117 59 0 3
73 85 0 1
50 83 0 2
50 79 0 2
50 87 0 2
50 62 0 2
50 98 0 2
50 57 0 2
34 42 0 1
16 36 0 2
6 6 0 1
10 6 0 2
73 80 0 2
73 58 0 1
73 71 0 2
73 86 0 3
73 79 0 1
56 49 0 4
17 24 0 3
17 25 0 2
117 59 0 3
97 69 0 2
20 58 0 1
20 67 0 1
20 64 0 1
20 57 0 1
20 40 0 2
20 51 0 2
20 25 0 2
20 24 0 1
5 4 0 3
6 4 0 2
3 4 0 2
6 4 0 2
97 60 0 2
74 78 0 3
23 33 0 3
23 23 0 1
23 22 0 3
97 64 0 2
97 62 0 2
80 57 0 1
17 27 0 1
17 16 0 4
17 14 0 2
