700 900 23
3
700 4275 4
700 670 3
700 795 2
2485
76 84 4 3
94 84 4 2
48 39 4 1
48 23 4 3
48 22 4 1
66 91 4 1
48 91 4 3
104 91 4 2
53 120 4 3
165 52 4 2
99 65 4 1
66 65 4 1
165 42 4 2
165 41 4 1
30 213 4 3
135 67 4 3
135 52 4 2
66 94 4 1
69 40 4 3
69 54 4 3
106 59 4 3
59 76 4 3
59 91 4 3
59 44 4 2
59 92 4 2
59 71 4 2
59 79 4 2
30 216 4 1
29 50 4 2
29 94 4 1
29 30 4 1
29 22 4 3
29 12 4 2
29 8 4 1
59 47 4 3
59 39 4 1
59 44 4 1
59 91 4 2
59 124 4 1
59 42 4 3
59 348 4 2
42 154 4 2
64 43 4 2
64 43 4 1
64 43 4 1
64 51 4 3
29 220 4 2
35 125 4 2
19 95 4 2
16 21 4 3
16 20 4 2
16 27 4 3
16 27 4 2
64 83 4 1
64 95 4 2
64 56 4 2
64 66 4 3
39 156 4 3
25 57 4 3
25 25 4 3
8 74 4 3
8 74 4 1
9 41 4 1
9 15 4 2
9 6 4 2
9 7 4 1
2 5 4 1
7 5 4 1
64 54 4 2
64 47 4 2
64 40 4 3
64 41 4 1
64 59 4 1
38 160 4 2
26 49 4 1
26 122 4 2
26 27 4 3
26 22 4 1
26 16 4 1
1 12 4 2
25 12 4 1
38 29 4 1
38 25 4 1
38 18 4 1
13 16 4 2
2 16 4 2
23 16 4 1
42 41 4 1
42 42 4 3
42 73 4 1
42 122 4 2
42 169 4 1
42 53 4 2
26 236 4 3
16 45 4 1
16 95 4 2
16 205 4 2
16 48 4 2
16 51 4 2
16 43 4 3
16 30 4 2
16 49 4 1
16 22 4 2
16 22 4 2
16 18 4 3
10 63 4 2
6 34 4 1
6 11 4 2
6 5 4 1
3 13 4 2
3 3 4 2
3 3 4 2
1 7 4 3
2 3 4 2
0 4 4 2
2 2 4 3
0 2 4 1
2 1 4 2
2 1 4 2
26 91 4 3
26 99 4 1
26 61 4 1
26 61 4 2
26 143 4 1
53 50 4 2
53 41 4 3
53 47 4 1
53 68 4 2
53 39 4 3
53 41 4 1
53 40 4 2
53 61 4 3
53 88 4 3
53 68 4 3
53 97 4 2
53 52 4 3
53 48 4 1
53 53 4 2
53 47 4 3
53 49 4 1
31 196 4 1
22 80 4 1
22 250 4 1
22 39 4 2
22 66 4 1
22 60 4 2
22 42 4 1
22 43 4 1
22 38 4 2
22 190 4 3
31 74 4 2
31 42 4 2
31 49 4 2
31 40 4 1
31 45 4 2
31 165 4 2
31 44 4 2
31 36 4 1
31 117 4 1
219 40 4 1
25 253 4 3
129 48 4 3
65 42 4 3
65 46 4 2
65 57 4 3
29 226 4 1
36 226 4 2
65 68 4 2
65 67 4 3
65 41 4 1
65 100 4 2
65 40 4 1
65 62 4 2
65 66 4 3
65 59 4 1
65 41 4 1
65 51 4 1
65 41 4 2
65 41 4 2
65 43 4 2
65 101 4 1
65 98 4 1
65 40 4 1
25 254 4 1
40 203 4 2
40 40 4 2
40 40 4 1
40 41 4 2
40 40 4 3
40 40 4 1
40 218 4 1
25 78 4 2
25 62 4 2
25 40 4 2
25 57 4 2
25 44 4 3
25 51 4 2
25 15 4 2
25 21 4 1
129 48 4 3
27 228 4 3
102 40 4 1
102 39 4 1
39 163 4 1
63 40 4 3
27 244 4 1
36 244 4 3
63 61 4 2
37 176 4 2
26 40 4 3
26 41 4 3
26 46 4 3
26 68 4 3
26 100 4 2
26 40 4 2
26 73 4 2
26 117 4 3
26 40 4 2
26 195 4 1
26 47 4 1
26 200 4 3
26 70 4 3
26 355 4 3
37 119 4 1
37 95 4 1
37 40 4 3
37 230 4 2
37 85 4 3
37 41 4 2
37 125 4 2
37 47 4 1
37 119 4 2
37 43 4 2
37 41 4 3
37 99 4 1
37 87 4 3
37 85 4 3
39 71 4 1
39 42 4 1
39 45 4 1
39 84 4 1
39 40 4 2
39 53 4 2
39 202 4 1
39 49 4 2
39 65 4 1
39 58 4 3
39 59 4 2
39 236 4 2
39 44 4 3
39 45 4 1
39 40 4 3
39 42 4 3
39 122 4 1
39 51 4 1
39 95 4 3
39 40 4 1
39 47 4 1
39 45 4 3
39 20 4 1
39 19 4 3
27 59 4 2
27 51 4 1
27 64 4 1
27 77 4 3
27 39 4 2
27 42 4 3
27 174 4 3
27 210 4 2
27 122 4 2
27 50 4 2
27 58 4 3
27 41 4 1
27 43 4 2
27 41 4 3
27 48 4 3
27 52 4 1
27 42 4 3
27 234 4 3
27 84 4 1
27 97 4 3
25 198 4 3
25 40 4 3
25 42 4 2
25 60 4 3
25 243 4 3
25 69 4 3
25 241 4 1
25 237 4 3
25 42 4 3
25 59 4 1
25 104 4 1
25 41 4 1
25 104 4 2
25 77 4 1
25 32 4 2
25 32 4 1
25 22 4 1
25 56 4 2
44 142 4 3
67 94 4 3
48 142 4 3
114 54 4 3
164 53 4 1
95 89 4 3
69 42 4 2
35 47 4 2
34 47 4 2
114 43 4 2
114 45 4 2
67 48 4 3
99 64 4 3
17 64 4 2
143 64 4 1
178 64 4 3
60 104 4 3
156 39 4 1
92 70 4 1
14 70 4 1
14 70 4 2
101 45 4 2
101 25 4 3
221 39 4 2
221 40 4 3
221 40 4 1
89 72 4 1
132 52 4 1
132 41 4 1
132 49 4 2
132 43 4 2
132 47 4 2
132 40 4 2
68 90 4 2
64 38 4 1
64 30 4 1
2 22 4 1
62 22 4 3
132 52 4 3
55 116 4 2
77 76 4 1
77 40 4 3
132 44 4 3
68 92 4 1
64 92 4 1
28 80 4 3
104 42 4 2
104 38 4 3
89 53 4 1
89 61 4 2
89 87 4 2
89 40 4 3
26 239 4 1
63 42 4 1
63 40 4 1
17 157 4 3
46 60 4 1
46 35 4 2
46 27 4 2
46 23 4 1
46 12 4 3
89 95 4 3
89 99 4 1
156 41 4 3
87 71 4 1
32 198 4 2
37 195 4 1
37 91 4 1
37 40 4 2
37 51 4 3
37 39 4 1
37 41 4 2
37 40 4 1
37 40 4 1
37 56 4 1
37 41 4 3
37 62 4 1
37 41 4 3
37 33 4 1
37 35 4 2
37 22 4 3
37 28 4 3
32 46 4 1
32 152 4 3
32 231 4 2
32 44 4 1
32 44 4 3
32 75 4 2
32 23 4 2
32 18 4 3
32 24 4 3
87 74 4 1
87 69 4 2
87 46 4 2
31 205 4 1
56 44 4 2
56 99 4 1
56 31 4 1
15 31 4 1
41 19 4 1
8 12 4 1
3 12 4 2
30 12 4 1
34 190 4 3
19 190 4 1
34 74 4 2
34 37 4 2
34 49 4 2
34 30 4 1
87 40 4 3
87 50 4 1
87 68 4 2
87 42 4 1
26 237 4 1
34 42 4 3
34 53 4 3
34 40 4 3
34 31 4 3
34 25 4 1
34 26 4 2
34 13 4 3
2 7 4 2
5 7 4 1
27 7 4 2
60 92 4 2
60 43 4 1
60 95 4 3
60 40 4 1
60 41 4 1
60 54 4 1
60 48 4 2
60 181 4 2
158 40 4 2
107 60 4 3
172 60 4 2
104 60 4 3
175 41 4 1
175 51 4 3
111 58 4 2
64 69 4 2
32 198 4 3
32 63 4 1
32 41 4 3
32 39 4 3
32 58 4 1
32 44 4 1
32 51 4 1
32 40 4 2
32 55 4 1
32 209 4 3
32 98 4 3
32 62 4 2
18 161 4 1
14 26 4 3
14 82 4 2
14 15 4 2
14 18 4 3
14 9 4 1
14 11 4 1
32 196 4 1
32 105 4 2
32 48 4 3
32 45 4 1
32 64 4 1
32 39 4 1
32 75 4 2
32 35 4 2
32 32 4 1
32 46 4 3
32 18 4 2
32 20 4 2
30 213 4 3
81 44 4 2
81 62 4 1
81 78 4 1
81 54 4 1
81 107 4 2
50 124 4 3
31 42 4 2
31 108 4 2
31 40 4 2
31 106 4 1
31 40 4 3
31 142 4 3
31 109 4 1
50 39 4 2
50 98 4 2
50 116 4 3
50 210 4 3
30 43 4 1
30 40 4 1
30 41 4 1
30 44 4 3
30 67 4 3
30 45 4 3
30 40 4 2
30 169 4 3
30 40 4 1
30 38 4 1
30 36 4 1
30 40 4 3
30 76 4 1
104 79 4 1
26 236 4 3
78 40 4 2
78 47 4 2
43 149 4 3
35 42 4 3
35 107 4 2
29 222 4 1
49 49 4 2
32 199 4 2
17 107 4 2
17 73 4 3
17 41 4 2
17 74 4 1
17 216 4 3
17 34 4 1
17 62 4 3
17 51 4 1
32 44 4 3
32 44 4 3
32 80 4 1
32 130 4 1
32 41 4 1
32 120 4 2
29 93 4 1
29 107 4 2
29 48 4 2
29 53 4 3
29 184 4 2
26 66 4 3
26 53 4 2
26 47 4 3
26 47 4 1
26 96 4 2
26 93 4 3
26 94 4 2
26 37 4 1
26 40 4 1
26 134 4 1
158 41 4 3
103 62 4 3
55 62 4 3
27 245 4 2
131 53 4 1
131 47 4 2
131 41 4 1
131 49 4 3
131 55 4 2
73 85 4 3
85 83 4 1
85 45 4 1
85 62 4 3
85 44 4 2
85 47 4 1
25 251 4 2
60 51 4 1
60 40 4 1
60 42 4 1
60 82 4 2
60 158 4 2
10 100 4 2
50 39 4 3
50 61 4 3
25 222 4 1
40 154 4 3
33 154 4 1
73 41 4 3
48 129 4 2
25 41 4 1
25 51 4 2
25 43 4 2
25 43 4 3
25 43 4 2
25 41 4 1
25 80 4 3
25 30 4 1
25 26 4 3
25 22 4 1
16 54 4 1
9 54 4 3
48 51 4 2
48 57 4 1
48 41 4 2
48 41 4 2
48 44 4 3
48 111 4 1
32 199 4 2
99 40 4 2
21 159 4 2
38 159 4 1
40 87 4 1
8 72 4 1
32 72 4 1
131 47 4 1
68 92 4 2
63 92 4 3
131 46 4 2
131 43 4 3
74 82 4 3
57 82 4 3
131 53 4 1
131 39 4 1
32 191 4 3
37 170 4 2
62 120 4 2
62 96 4 1
62 42 4 2
62 45 4 2
62 47 4 2
62 55 4 2
62 63 4 3
62 40 4 3
62 41 4 1
62 136 4 2
62 40 4 3
62 39 4 2
40 155 4 1
22 34 4 1
22 28 4 3
22 44 4 2
22 49 4 3
62 56 4 2
62 62 4 3
62 66 4 3
31 204 4 2
31 40 4 3
31 57 4 1
31 58 4 2
10 49 4 1
21 17 4 2
21 15 4 1
4 17 4 1
17 17 4 3
26 240 4 3
36 41 4 1
36 71 4 3
36 127 4 3
36 38 4 2
36 98 4 1
26 58 4 3
26 27 4 3
26 20 4 1
26 18 4 2
14 12 4 3
2 12 4 3
10 7 4 2
10 5 4 1
37 44 4 2
37 40 4 2
37 222 4 3
37 42 4 3
37 115 4 1
37 244 4 3
37 40 4 3
37 39 4 3
37 47 4 2
37 158 4 2
37 56 4 3
37 58 4 1
37 79 4 2
37 41 4 2
37 287 4 3
32 41 4 2
32 256 4 2
32 41 4 3
32 73 4 1
32 56 4 2
32 42 4 2
32 212 4 1
32 91 4 2
32 41 4 3
32 66 4 3
32 67 4 2
32 40 4 3
32 40 4 1
32 58 4 3
32 160 4 1
32 207 4 2
71 85 4 2
61 36 4 3
61 32 4 1
13 17 4 1
48 17 4 1
40 162 4 1
39 157 4 1
53 41 4 2
53 70 4 1
53 46 4 3
92 45 4 1
92 44 4 1
92 44 4 1
31 204 4 1
61 81 4 2
61 45 4 1
61 38 4 2
61 40 4 2
92 67 4 3
92 40 4 3
49 125 4 2
43 41 4 3
43 77 4 1
43 103 4 1
43 46 4 2
43 86 4 1
25 249 4 2
18 34 4 1
18 78 4 3
18 28 4 3
18 22 4 1
18 25 4 2
11 62 4 2
7 15 4 3
7 11 4 1
7 36 4 3
43 45 4 1
43 43 4 1
43 40 4 1
43 43 4 2
28 218 4 1
15 46 4 3
15 40 4 2
15 37 4 1
15 49 4 3
15 13 4 2
15 13 4 1
15 11 4 1
7 9 4 2
8 9 4 3
43 41 4 2
43 74 4 1
43 40 4 1
43 82 4 2
43 198 4 2
43 171 4 3
49 40 4 2
49 106 4 2
49 110 4 2
49 75 4 3
49 145 4 2
25 251 4 3
24 54 4 2
24 39 4 2
24 32 4 1
24 32 4 1
24 24 4 1
24 25 4 3
24 28 4 1
24 17 4 3
26 256 4 2
23 102 4 1
23 32 4 2
23 33 4 1
23 24 4 1
23 65 4 1
49 43 4 1
49 50 4 1
49 187 4 2
49 127 4 3
49 82 4 1
40 86 4 1
40 59 4 3
40 40 4 1
40 56 4 1
40 64 4 2
40 222 4 3
40 52 4 2
40 88 4 1
40 230 4 2
40 59 4 1
40 69 4 1
40 40 4 1
40 43 4 3
40 44 4 2
40 126 4 1
40 41 4 1
40 196 4 1
40 55 4 2
40 40 4 3
40 156 4 3
40 270 4 1
156 40 4 1
107 40 4 1
156 39 4 1
107 40 4 1
107 42 4 1
107 42 4 1
107 40 4 3
107 41 4 1
107 67 4 3
107 54 4 2
107 81 4 2
53 124 4 1
54 84 4 3
54 50 4 1
54 56 4 3
32 201 4 3
22 59 4 3
22 149 4 2
22 151 4 2
32 43 4 2
12 115 4 1
20 73 4 3
5 42 4 3
15 42 4 3
53 51 4 2
53 51 4 2
53 133 4 2
53 44 4 2
16 146 4 1
37 65 4 2
37 32 4 3
22 49 4 1
15 16 4 1
15 33 4 1
156 49 4 2
40 158 4 1
32 201 4 3
84 44 4 2
84 44 4 2
84 113 4 3
116 64 4 1
29 222 4 2
87 41 4 3
87 41 4 1
87 45 4 3
87 95 4 3
116 52 4 2
116 52 4 3
116 75 4 1
116 40 4 1
58 162 4 1
26 162 4 1
32 55 4 2
32 107 4 2
40 43 4 3
40 59 4 3
40 136 4 2
40 95 4 1
40 62 4 3
40 40 4 3
40 40 4 3
40 50 4 2
40 64 4 2
40 35 4 1
40 42 4 2
40 44 4 1
120 53 4 3
26 256 4 3
117 41 4 3
117 54 4 3
117 39 4 3
117 46 4 3
117 40 4 3
117 36 4 3
143 44 4 1
143 44 4 3
38 171 4 3
105 58 4 3
47 113 4 1
58 48 4 1
58 65 4 3
143 40 4 2
26 255 4 3
117 39 4 2
117 66 4 1
66 94 4 2
51 61 4 2
51 33 4 3
77 82 4 2
40 139 4 3
40 43 4 2
40 38 4 1
40 22 4 2
77 69 4 3
77 48 4 3
36 43 4 3
4 43 4 1
6 43 4 1
31 43 4 1
26 104 4 3
26 27 4 2
26 22 4 2
26 33 4 2
120 44 4 1
120 41 4 1
33 194 4 2
87 52 4 2
87 40 4 3
87 56 4 1
6 46 4 3
21 46 4 1
60 46 4 2
120 40 4 2
120 40 4 3
120 41 4 2
120 72 4 1
31 195 4 1
89 41 4 1
89 50 4 2
34 180 4 1
55 91 4 3
55 160 4 2
55 50 4 2
55 45 4 1
32 34 4 1
23 14 4 3
23 11 4 1
3 9 4 2
20 9 4 2
34 45 4 2
34 38 4 3
34 43 4 1
34 25 4 3
6 49 4 1
28 31 4 2
4 18 4 1
8 18 4 2
2 18 4 2
7 18 4 3
7 10 4 3
7 8 4 3
31 66 4 2
31 40 4 1
31 40 4 1
31 42 4 3
31 52 4 2
31 21 4 3
31 15 4 1
45 21 3 1
12 21 3 2
80 21 3 2
4 21 3 2
58 21 3 3
37 25 3 1
47 20 3 1
49 21 3 1
66 16 3 2
66 22 3 1
66 16 3 2
66 16 3 3
66 16 3 1
66 21 3 3
10 99 3 3
56 16 3 3
56 24 3 3
56 19 3 3
6 40 3 3
50 26 3 2
5 14 3 3
45 14 3 2
21 47 3 1
45 17 3 3
45 18 3 3
45 12 3 2
66 19 3 3
37 27 3 1
29 16 3 2
29 11 3 3
66 17 3 2
19 9 3 3
16 9 3 3
31 9 3 1
20 50 3 2
29 16 3 2
29 21 3 2
29 13 3 1
32 30 3 2
17 54 3 1
17 30 3 2
17 18 3 2
17 25 3 2
17 16 3 1
17 17 3 3
17 35 3 3
17 17 3 1
17 42 3 3
32 29 3 3
32 38 3 3
32 19 3 1
19 54 3 2
13 17 3 3
13 22 3 3
13 7 3 1
13 8 3 1
21 84 3 3
11 16 3 3
11 14 3 1
11 12 3 2
11 11 3 3
11 9 3 2
11 22 3 3
47 20 3 3
13 71 3 2
34 33 3 2
34 22 3 1
34 16 3 1
47 17 3 1
16 59 3 3
11 87 3 1
20 45 3 2
20 23 3 2
20 19 3 1
20 19 3 2
20 29 3 2
20 18 3 2
4 44 3 1
16 13 3 1
16 31 3 1
11 17 3 3
11 24 3 3
11 34 3 2
11 35 3 2
16 44 3 3
10 94 3 2
6 94 3 3
37 24 3 3
37 27 3 1
37 32 3 3
37 17 3 3
37 19 3 1
22 43 3 3
15 19 3 1
15 11 3 3
15 13 3 1
37 16 3 3
17 122 3 2
20 25 3 1
20 16 3 3
20 16 3 3
20 16 3 1
20 49 3 3
64 16 3 2
10 97 3 1
42 24 3 3
19 24 3 2
64 24 3 2
42 24 3 1
51 19 3 1
32 17 3 3
32 16 3 3
32 40 3 1
5 54 3 1
46 19 3 1
46 16 3 2
4 19 3 2
13 19 3 2
29 19 3 2
42 30 3 3
12 19 3 2
30 19 3 1
18 56 3 3
61 17 3 3
25 39 3 3
31 18 3 1
31 13 3 1
31 8 3 3
20 49 3 3
19 53 3 1
17 28 3 1
17 28 3 2
17 17 3 1
17 20 3 2
17 18 3 3
17 36 3 1
17 16 3 3
17 15 3 3
17 13 3 2
9 19 3 3
8 11 3 3
8 5 3 2
0 3 3 1
1 3 3 1
7 3 3 1
19 31 3 3
19 19 3 2
11 107 3 1
8 15 3 3
8 16 3 3
8 50 3 2
8 10 3 1
8 6 3 1
1 10 3 2
7 10 3 2
20 39 3 2
20 17 3 2
20 55 3 2
20 16 3 2
20 14 3 3
2 20 3 3
18 10 3 2
6 10 3 1
12 6 3 1
12 4 3 3
61 20 3 1
32 32 3 3
29 16 3 1
29 16 3 3
29 40 3 1
29 17 3 2
29 15 3 2
29 25 3 2
29 16 3 1
29 67 3 2
32 25 3 2
32 16 3 1
32 20 3 2
32 33 3 2
13 86 3 1
19 38 3 1
19 48 3 3
18 16 3 3
18 17 3 1
18 46 3 1
18 23 3 2
18 24 3 1
18 19 3 2
18 16 3 2
18 32 3 1
64 16 3 2
26 36 3 2
38 20 3 2
38 15 3 2
38 31 3 1
38 19 3 2
38 16 3 2
38 18 3 3
38 19 3 2
38 22 3 1
38 16 3 1
38 20 3 3
38 17 3 1
38 16 3 2
38 32 3 1
38 17 3 2
38 36 3 1
26 18 3 1
26 27 3 1
26 20 3 1
26 37 3 3
26 16 3 1
26 28 3 1
26 19 3 2
26 19 3 3
26 47 3 2
26 28 3 3
26 19 3 2
62 16 3 1
11 85 3 3
60 17 3 2
31 33 3 1
58 16 3 3
4 16 3 2
2 16 3 1
23 16 3 2
64 16 3 1
13 16 3 1
5 16 3 3
65 16 3 1
15 146 3 1
47 21 3 3
64 21 3 2
53 21 3 1
29 21 3 1
26 12 3 2
26 9 3 3
58 18 3 3
43 23 3 3
34 28 3 1
54 17 3 1
12 17 3 2
18 9 3 3
2 8 3 1
16 8 3 1
16 11 3 1
4 11 3 3
24 11 3 3
40 11 3 3
17 56 3 2
55 18 3 2
22 18 3 3
24 11 3 1
6 7 3 2
18 7 3 1
62 16 3 2
39 16 3 1
12 22 3 3
11 22 3 1
16 9 3 2
3 13 3 1
1 13 3 3
12 13 3 2
7 22 3 3
3 22 3 3
52 22 3 3
39 41 3 2
79 16 3 2
48 25 3 2
31 25 3 3
43 29 3 1
43 19 3 3
19 54 3 3
24 17 3 2
24 20 3 3
6 17 3 1
18 9 3 3
18 8 3 3
58 16 3 3
58 17 3 2
13 74 3 2
45 16 3 2
11 58 3 3
34 16 3 3
21 42 3 1
13 12 3 2
4 30 3 1
9 12 3 1
9 8 3 1
9 6 3 1
1 4 3 3
1 4 3 3
0 4 3 2
1 4 3 3
6 4 3 2
17 129 3 3
14 49 3 2
14 16 3 1
14 15 3 3
14 13 3 2
14 11 3 3
8 25 3 2
6 25 3 1
24 39 3 3
36 22 3 1
36 17 3 3
11 106 3 1
49 21 3 2
49 16 3 2
14 69 3 3
35 22 3 3
35 18 3 1
9 29 3 3
26 17 3 3
6 12 3 1
5 12 3 3
15 12 3 3
11 15 3 1
11 62 3 1
62 19 3 2
18 51 3 3
44 23 3 3
27 28 3 1
3 28 3 1
14 28 3 2
25 76 3 1
37 18 3 1
37 18 3 1
37 16 3 2
37 24 3 2
19 53 3 2
41 23 3 3
54 18 3 3
59 18 3 2
38 18 3 1
72 18 3 2
70 18 3 2
45 18 3 2
4 35 3 3
56 17 3 3
32 17 3 1
51 17 3 3
15 17 3 3
2 17 3 3
46 17 3 2
49 17 3 1
5 17 3 2
11 17 3 1
67 17 3 3
33 18 3 1
4 18 3 1
30 18 3 2
2 18 3 1
13 18 3 1
15 18 3 3
15 18 3 3
45 18 3 1
72 18 3 3
5 18 3 3
59 18 3 1
8 18 3 3
33 18 3 1
9 30 3 2
6 30 3 3
26 30 3 3
59 16 3 1
55 19 3 3
59 17 3 2
27 36 3 3
11 109 3 1
57 16 3 1
45 16 3 3
2 16 3 2
44 16 3 2
3 16 3 2
36 16 3 1
56 17 3 3
62 17 3 2
10 17 3 2
7 17 3 3
15 17 3 2
37 17 3 2
61 16 3 2
40 24 3 2
30 16 3 2
30 25 3 1
30 17 3 3
30 18 3 2
40 27 3 3
11 25 3 1
29 14 3 3
15 11 3 2
14 7 3 3
0 4 3 2
2 4 3 1
1 4 3 3
5 4 3 3
0 4 3 2
6 4 3 2
61 24 3 3
61 16 3 2
9 20 3 2
25 20 3 2
12 20 3 2
15 20 3 3
24 43 3 1
32 21 3 3
32 14 3 2
14 8 3 2
18 8 3 2
56 33 3 1
27 18 3 1
27 22 3 3
27 17 3 1
27 16 3 1
59 18 3 1
59 16 3 1
59 18 3 1
5 40 3 1
54 23 3 3
54 17 3 3
9 90 3 3
46 27 3 2
46 16 3 3
46 22 3 2
25 25 3 3
21 25 3 3
59 16 3 3
59 17 3 2
59 18 3 3
59 17 3 1
3 25 3 3
56 16 3 1
36 9 3 2
20 9 3 2
49 19 3 1
2 19 3 1
5 19 3 1
32 19 3 3
63 19 3 3
63 16 3 2
88 17 3 1
56 17 3 1
32 37 3 3
32 15 3 2
32 29 3 2
32 24 3 3
15 67 3 2
9 67 3 2
8 16 3 1
8 51 3 3
32 29 3 1
32 23 3 3
32 16 3 1
32 31 3 1
32 17 3 1
56 16 3 1
56 16 3 1
22 43 3 1
34 26 3 3
34 34 3 3
34 42 3 2
34 17 3 3
34 17 3 1
34 18 3 2
34 17 3 1
34 16 3 2
34 16 3 2
6 36 3 2
28 16 3 3
28 12 3 1
28 8 3 3
13 75 3 2
9 16 3 3
9 59 3 1
22 30 3 2
22 20 3 2
22 19 3 2
22 16 3 1
22 36 3 1
63 16 3 1
63 18 3 2
63 18 3 3
26 37 3 3
37 16 3 2
37 29 3 1
37 17 3 1
10 94 3 3
27 20 3 3
27 16 3 3
13 58 3 3
14 22 3 2
14 12 3 1
14 9 3 1
14 8 3 1
14 7 3 3
37 16 3 2
10 65 3 1
27 21 3 1
27 19 3 3
27 13 3 3
12 12 3 2
15 7 3 3
7 5 3 2
8 5 3 2
26 16 3 1
26 16 3 1
26 18 3 3
26 17 3 2
17 57 3 3
9 17 3 2
9 19 3 3
9 21 3 2
9 48 3 3
9 10 3 1
9 9 3 2
9 9 3 3
17 16 3 3
17 36 3 2
17 10 3 1
17 9 3 3
17 5 3 2
16 63 3 2
43 22 3 3
32 63 3 3
60 21 3 3
4 42 3 3
16 42 3 2
40 15 3 2
40 17 3 2
23 10 3 1
9 10 3 3
8 10 3 1
43 25 3 2
2 16 3 1
41 16 3 1
64 16 3 1
34 16 3 1
53 16 3 2
13 74 3 1
10 74 3 2
33 31 3 3
61 17 3 3
22 31 3 2
12 31 3 2
61 14 3 3
57 18 3 1
71 18 3 2
5 25 3 3
22 25 3 2
2 25 3 2
3 25 3 1
35 25 3 2
61 25 3 2
64 16 3 2
87 16 3 1
10 100 3 1
10 94 3 2
27 37 3 3
40 20 3 1
40 19 3 2
40 55 3 1
27 16 3 1
27 41 3 3
77 16 3 1
77 17 3 1
12 28 3 3
24 28 3 3
41 17 3 3
14 11 3 1
7 11 3 3
20 11 3 1
10 17 3 2
10 38 3 2
64 16 3 3
64 16 3 2
64 18 3 1
30 33 3 3
34 28 3 1
19 51 3 1
15 48 3 1
15 18 3 1
4 11 3 1
11 6 3 3
1 5 3 3
10 5 3 2
19 14 3 1
19 12 3 2
30 16 3 2
30 17 3 1
30 16 3 1
3 23 3 2
27 23 3 2
35 28 3 1
23 45 3 1
63 16 3 2
41 25 3 2
29 34 3 1
59 18 3 2
52 18 3 2
64 16 3 3
47 16 3 1
28 36 3 1
32 31 3 1
53 18 3 2
27 25 3 3
27 24 3 3
12 90 3 1
15 53 3 1
15 12 3 1
15 25 3 3
53 18 3 3
53 17 3 3
53 16 3 3
53 16 3 3
53 17 3 3
53 16 3 3
53 21 3 1
32 16 3 1
17 92 3 3
15 16 3 2
15 27 3 3
15 18 3 1
15 31 3 1
28 16 3 1
28 17 3 3
28 39 3 1
28 31 3 1
41 19 3 2
41 22 3 2
41 16 3 1
16 60 3 3
25 16 3 3
25 44 3 2
41 18 3 3
25 13 3 1
1 13 3 1
15 7 3 3
2 6 3 3
13 6 3 2
63 16 3 3
41 25 3 1
22 16 3 3
22 44 3 3
22 31 3 2
22 17 3 1
22 17 3 2
22 16 3 3
14 69 3 3
27 45 3 1
27 19 3 2
27 21 3 2
27 31 3 1
14 13 3 1
14 17 3 2
14 9 3 1
1 8 3 3
1 8 3 1
12 8 3 2
23 18 3 1
23 16 3 2
23 46 3 2
23 21 3 3
9 27 3 1
14 10 3 2
14 8 3 3
14 9 3 3
35 38 3 1
11 107 3 2
11 107 3 3
13 19 3 3
13 18 3 1
13 16 3 3
13 16 3 2
13 11 3 3
13 16 3 1
13 11 3 1
17 57 3 2
38 28 3 3
4 28 3 3
72 28 3 2
38 28 3 3
58 16 3 3
75 18 3 3
19 10 3 3
17 10 3 2
20 10 3 1
10 10 3 3
9 10 3 3
13 12 3 2
45 12 3 3
41 24 3 2
35 28 3 3
49 20 3 1
4 20 3 3
51 20 3 2
28 20 3 3
15 20 3 2
62 20 3 1
18 57 3 3
51 19 3 3
7 57 3 1
15 57 3 1
64 16 3 1
54 18 3 2
11 39 3 3
43 16 3 1
43 23 3 3
64 17 3 1
64 24 3 3
51 24 3 3
22 14 3 2
29 14 3 3
17 68 3 3
59 17 3 1
3 17 3 1
24 17 3 3
56 17 3 3
7 17 3 2
43 17 3 2
63 16 3 3
62 16 3 1
2 16 3 1
65 16 3 1
52 19 3 2
4 35 3 1
52 19 3 2
47 19 3 2
37 19 3 2
17 16 3 1
14 16 3 1
49 16 3 3
56 16 3 1
10 16 3 3
7 16 3 2
20 16 3 3
6 16 3 3
9 9 3 1
9 4 3 1
0 3 3 3
9 3 3 3
35 21 3 2
22 96 3 3
13 62 3 1
13 11 3 3
13 23 3 3
41 22 3 3
25 39 3 3
16 13 3 3
16 17 3 1
16 9 3 3
22 60 3 3
19 60 3 3
17 16 3 2
17 16 3 1
17 16 3 2
17 16 3 3
17 15 3 2
17 22 3 2
17 15 3 2
42 27 2 3
126 27 2 3
11 111 2 1
66 17 2 2
91 19 2 3
91 18 2 1
12 74 2 2
79 18 2 2
6 56 2 1
73 19 2 2
73 18 2 2
44 19 2 3
16 19 2 1
13 9 2 2
13 6 2 1
13 4 2 3
66 17 2 1
27 43 2 3
39 18 2 1
39 25 2 2
66 18 2 1
66 16 2 3
19 59 2 1
41 29 2 1
68 17 2 3
40 27 2 1
40 32 2 2
44 26 2 1
24 16 2 1
24 15 2 3
12 11 2 2
2 11 2 1
10 5 2 3
10 6 2 1
12 16 2 1
12 16 2 3
20 10 2 1
1 6 2 1
19 6 2 2
23 30 2 1
10 30 2 1
8 8 2 1
8 22 2 2
49 25 2 1
6 25 2 2
113 25 2 1
28 43 2 1
23 53 2 3
65 18 2 2
19 18 2 2
33 18 2 2
68 18 2 3
31 18 2 2
18 18 2 3
19 17 2 2
3 17 2 2
2 17 2 1
2 17 2 1
34 17 2 1
57 17 2 3
65 18 2 3
75 18 2 1
17 128 2 2
46 25 2 2
77 17 2 3
36 33 2 3
41 27 2 1
13 84 2 1
28 26 2 3
28 30 2 3
28 28 2 1
23 78 2 1
13 21 2 2
13 19 2 2
13 12 2 1
13 9 2 2
13 17 2 2
22 103 2 2
12 103 2 2
12 24 2 1
12 27 2 3
6 52 2 2
6 29 2 2
6 6 2 1
6 17 2 2
28 19 2 1
18 64 2 1
10 21 2 1
10 14 2 2
10 10 2 2
10 19 2 1
28 22 2 3
28 17 2 2
28 34 2 1
63 19 2 3
69 18 2 3
37 17 2 3
14 86 2 2
23 22 2 3
23 32 2 3
23 32 2 2
37 19 2 1
37 18 2 3
37 27 2 3
37 18 2 1
11 109 2 1
26 17 2 1
26 22 2 1
26 50 2 1
26 23 2 2
26 21 2 2
10 103 2 3
16 17 2 1
16 31 2 3
10 55 2 1
6 27 2 3
3 28 2 3
3 6 2 1
3 9 2 1
3 3 2 2
3 6 2 1
3 2 2 2
3 1 2 2
3 1 2 1
11 21 2 2
11 35 2 2
11 21 2 2
11 19 2 2
11 31 2 1
69 23 2 2
69 17 2 2
11 106 2 3
58 18 2 2
10 88 2 1
48 19 2 2
48 18 2 2
10 51 2 3
38 29 2 3
7 22 2 3
31 22 2 1
17 72 2 1
52 25 2 2
11 106 2 3
41 34 2 3
41 27 2 2
41 21 2 3
41 24 2 1
32 36 2 3
20 14 2 1
20 22 2 3
52 33 2 2
52 25 2 1
52 32 2 3
17 19 2 1
17 77 2 2
17 18 2 2
17 71 2 2
18 65 2 3
25 45 2 1
20 45 2 2
45 24 2 2
14 80 2 3
31 18 2 3
31 18 2 2
31 24 2 3
18 20 2 1
13 8 2 3
1 12 2 3
2 12 2 2
10 7 2 2
0 5 2 3
10 5 2 3
14 84 2 1
31 17 2 1
31 17 2 2
12 94 2 3
19 27 2 3
19 17 2 2
5 50 2 2
14 19 2 3
14 12 2 1
14 19 2 1
31 22 2 3
31 34 2 3
12 69 2 3
19 18 2 3
19 29 2 1
7 22 2 2
12 14 2 2
12 5 2 2
3 3 2 1
1 3 2 2
8 3 2 2
14 69 2 3
14 19 2 3
14 19 2 3
14 31 2 2
14 11 2 3
14 9 2 3
2 11 2 3
4 11 2 2
8 11 2 1
18 62 2 3
18 23 2 2
18 72 2 2
18 92 2 1
18 29 2 1
18 20 2 2
18 15 2 1
18 11 2 3
18 13 2 2
48 26 2 3
70 26 2 2
70 26 2 2
12 26 2 2
73 26 2 3
5 26 2 1
59 26 2 1
50 23 2 2
32 36 2 1
39 31 2 3
68 17 2 3
18 17 2 1
27 17 2 1
9 17 2 1
94 17 2 2
52 23 2 1
41 23 2 2
29 23 2 1
8 23 2 2
40 23 2 2
46 23 2 3
35 34 2 1
17 34 2 1
19 34 2 2
66 18 2 1
41 34 2 2
9 34 2 2
29 20 2 1
29 14 2 2
12 16 2 3
54 16 2 3
65 17 2 1
52 17 2 1
62 17 2 1
3 17 2 2
2 17 2 2
32 17 2 1
34 35 2 3
4 35 2 1
56 20 2 3
3 20 2 3
72 20 2 2
47 20 2 3
54 15 2 2
8 15 2 1
29 15 2 2
2 15 2 1
4 15 2 1
17 15 2 3
35 15 2 3
29 15 2 2
53 23 2 2
7 23 2 3
28 23 2 3
2 23 2 1
52 23 2 3
74 23 2 2
46 12 2 3
46 12 2 1
42 12 2 1
43 12 2 2
9 12 2 1
3 12 2 1
27 12 2 3
39 17 2 2
39 25 2 2
39 20 2 3
39 21 2 2
19 47 2 3
20 30 2 2
2 17 2 3
18 10 2 3
18 7 2 1
32 17 2 1
32 29 2 1
32 23 2 2
32 21 2 2
32 35 2 3
50 27 2 1
11 111 2 3
39 18 2 3
39 19 2 2
39 27 2 1
39 30 2 2
6 17 2 2
33 17 2 2
19 62 2 3
41 29 2 1
7 62 2 2
7 62 2 3
15 62 2 3
12 62 2 2
69 18 2 2
37 30 2 2
5 30 2 3
67 18 2 1
31 30 2 2
27 16 2 1
6 14 2 2
21 14 2 2
67 12 2 3
34 32 2 1
3 32 2 2
8 32 2 1
9 32 2 3
71 18 2 2
42 18 2 3
5 14 2 1
25 14 2 1
35 14 2 1
11 14 2 3
37 14 2 1
69 20 2 3
69 24 2 1
22 33 2 2
8 33 2 3
11 10 2 3
11 9 2 3
11 7 2 3
4 7 2 2
2 7 2 3
5 3 2 3
5 4 2 2
14 82 2 1
56 20 2 3
54 20 2 1
45 20 2 2
4 20 2 2
36 20 2 2
79 20 2 1
12 20 2 1
37 20 2 3
41 29 2 1
14 29 2 1
69 18 2 1
7 18 2 1
11 18 2 1
72 18 2 2
51 18 2 1
58 18 2 1
36 11 2 3
38 11 2 3
41 11 2 1
14 11 2 2
34 11 2 3
23 11 2 1
44 11 2 3
5 11 2 3
33 11 2 2
10 33 2 2
67 33 2 2
69 18 2 1
29 33 2 1
67 17 2 2
46 17 2 3
35 17 2 1
3 16 2 1
64 16 2 3
39 16 2 2
19 16 2 3
23 16 2 2
3 15 2 1
42 15 2 2
3 15 2 2
12 15 2 1
5 15 2 1
4 4 2 2
4 11 2 1
66 18 2 3
61 43 2 1
63 19 2 1
65 19 2 2
3 19 2 3
20 19 2 1
12 19 2 3
47 19 2 1
61 24 2 2
86 24 2 3
3 24 2 2
60 24 2 2
25 25 2 1
23 25 2 2
18 13 2 2
5 12 2 3
6 12 2 2
7 12 2 3
62 18 2 3
39 32 2 1
80 18 2 1
80 20 2 1
34 35 2 3
46 19 2 1
17 69 2 1
29 35 2 1
29 18 2 1
3 16 2 2
26 16 2 2
46 21 2 1
46 29 2 1
46 18 2 1
46 17 2 3
46 18 2 1
13 89 2 1
33 39 2 3
33 50 2 3
14 56 2 2
32 22 2 2
32 34 2 3
34 22 2 3
34 21 2 1
34 18 2 2
34 30 2 1
34 18 2 2
34 17 2 2
34 17 2 2
34 21 2 2
34 31 2 1
21 106 2 2
13 106 2 1
20 57 2 3
19 25 2 2
19 24 2 2
19 17 2 1
19 22 2 1
12 96 2 2
7 28 2 2
7 39 2 1
4 29 2 3
3 5 2 2
3 7 2 1
3 6 2 1
3 3 2 1
3 5 2 1
3 3 2 1
19 26 2 2
19 51 2 1
19 21 2 3
12 60 2 2
7 20 2 2
7 40 2 3
20 20 2 1
20 17 2 2
20 30 2 3
20 18 2 2
20 39 2 2
20 31 2 1
20 18 2 1
20 17 2 2
20 20 2 2
20 24 2 2
20 16 2 1
20 19 2 3
20 9 2 2
20 7 2 2
62 25 2 1
62 19 2 3
62 22 2 3
15 77 2 3
47 21 2 3
47 18 2 3
47 20 2 2
47 18 2 1
35 33 2 3
27 33 2 2
62 17 2 1
40 30 2 3
22 30 2 1
62 22 2 2
30 39 2 2
32 39 2 1
62 17 2 1
22 55 2 3
40 27 2 3
40 28 2 3
23 52 2 1
26 45 2 1
32 38 2 3
65 17 2 2
22 52 2 2
14 32 2 2
14 12 2 2
1 8 2 2
13 8 2 3
36 22 2 1
36 17 2 1
36 40 2 2
11 101 2 2
25 17 2 1
25 23 2 2
25 25 2 3
25 36 2 1
36 27 2 3
36 28 2 3
36 17 2 2
36 38 2 1
36 17 2 1
17 15 2 3
2 15 2 2
2 15 2 1
15 15 2 1
65 19 2 2
65 17 2 1
65 18 2 2
65 20 2 1
65 17 2 1
65 25 2 2
65 21 2 3
27 43 2 3
19 62 2 3
19 24 2 3
19 38 2 1
24 49 2 3
14 13 2 2
14 11 2 2
14 10 2 3
2 15 2 3
12 15 2 3
38 19 2 3
38 17 2 3
38 23 2 3
38 22 2 3
38 28 2 1
27 20 2 3
27 19 2 2
27 17 2 3
15 78 2 1
12 17 2 1
12 61 2 3
27 20 2 3
27 23 2 3
32 20 2 3
32 18 2 3
32 23 2 1
32 18 2 2
32 17 2 3
32 22 2 2
32 18 2 3
32 23 2 3
16 71 2 1
16 30 2 1
16 43 2 3
16 17 2 2
16 87 2 2
16 41 2 2
16 16 2 1
7 49 2 3
9 18 2 2
9 10 2 1
9 7 2 1
9 7 2 2
9 4 2 3
9 3 2 1
26 17 2 1
26 21 2 2
26 18 2 2
26 37 2 1
26 41 2 3
26 24 2 2
26 55 2 3
26 21 2 1
26 20 2 3
26 36 2 2
26 16 2 1
3 23 2 2
23 14 2 1
23 9 2 1
14 86 2 2
9 19 2 2
9 42 2 3
9 9 2 1
9 6 2 2
2 10 2 1
7 5 2 2
7 5 2 2
23 20 2 1
23 31 2 2
23 18 2 1
23 19 2 2
23 19 2 3
23 69 2 3
23 25 2 3
23 35 2 1
45 26 2 1
45 26 2 3
68 17 2 3
15 17 2 1
4 17 2 1
45 17 2 1
52 17 2 1
24 17 2 3
10 17 2 2
9 17 2 2
19 17 2 1
27 17 2 3
2 9 2 2
13 9 2 1
31 9 2 2
3 9 2 1
1 9 2 1
35 9 2 1
1 9 2 1
34 9 2 1
31 9 2 3
22 9 2 2
1 9 2 3
2 9 2 3
21 9 2 2
35 9 2 1
10 9 2 2
18 9 2 1
6 9 2 1
7 4 2 1
7 3 2 2
7 2 2 1
33 35 2 3
74 35 2 1
32 35 2 2
67 35 2 3
63 19 2 3
49 17 2 3
49 18 2 2
63 16 2 2
69 18 2 3
67 18 2 2
44 18 2 2
4 18 2 3
65 18 2 2
4 18 2 1
13 18 2 3
52 18 2 2
36 33 2 2
48 24 2 1
62 19 2 1
43 28 2 3
30 28 2 1
9 28 2 1
21 12 2 3
21 16 2 1
35 34 2 2
14 103 2 1
54 26 2 2
54 18 2 3
54 17 2 2
54 20 2 2
54 22 2 2
35 28 2 2
35 22 2 3
35 19 2 2
32 35 2 2
30 24 2 3
30 88 2 3
32 17 2 1
32 60 2 1
48 22 2 3
48 17 2 3
48 20 2 3
48 20 2 1
48 17 2 2
10 11 2 1
23 11 2 2
15 7 2 1
6 4 2 2
9 4 2 3
36 31 2 1
36 20 2 2
23 47 2 3
13 12 2 1
13 13 2 1
13 8 2 3
13 14 2 1
69 18 2 2
69 22 2 1
39 29 2 2
30 29 2 2
69 19 2 1
14 43 2 3
55 27 2 3
55 16 2 1
45 32 2 2
45 27 2 3
45 27 2 1
28 39 2 1
17 21 2 1
17 26 2 2
17 51 2 3
28 21 2 3
28 18 2 2
28 20 2 1
47 26 2 3
27 45 2 1
68 17 2 3
65 17 2 1
10 17 2 2
26 17 2 3
57 17 2 1
63 17 2 2
50 28 2 2
67 17 2 1
42 17 2 2
23 17 2 1
42 17 2 1
65 17 2 3
27 11 2 1
26 11 2 3
43 11 2 1
36 11 2 1
43 11 2 3
41 11 2 2
23 11 2 2
67 17 2 3
57 20 2 2
68 18 2 2
71 18 2 1
53 18 2 2
68 17 2 1
56 17 2 1
48 25 2 1
25 25 2 3
51 25 2 1
63 18 2 1
16 18 2 2
9 18 2 3
36 18 2 2
29 88 2 3
33 36 2 3
40 30 2 2
22 22 2 1
22 18 2 2
22 22 2 1
4 26 2 2
18 17 2 2
18 9 2 3
40 25 2 1
40 20 2 2
40 13 2 2
33 19 2 2
33 33 2 2
21 56 2 2
47 56 2 2
45 25 2 1
23 15 2 1
11 10 2 2
3 10 2 2
9 10 2 2
68 18 2 3
68 18 2 1
68 31 2 3
22 53 2 2
35 25 2 1
23 49 2 1
12 13 2 3
12 13 2 1
12 9 2 2
1 14 2 3
5 14 2 2
6 5 2 3
6 9 2 1
35 28 2 2
35 18 2 1
35 26 2 3
22 18 2 3
22 75 2 1
25 47 2 2
42 26 2 1
42 21 2 2
13 102 2 2
21 57 2 1
33 57 2 3
22 45 2 3
32 45 2 3
47 17 2 1
29 41 2 3
18 16 2 3
18 11 2 1
18 14 2 2
47 18 2 2
24 47 2 1
23 16 2 1
23 14 2 2
23 10 2 3
12 7 2 2
11 7 2 3
47 19 2 2
47 28 2 1
47 15 2 3
